,id_seq1,target_seq1,id_seq2,target_seq2,distance,profile
124,sequence_51016,-4.626935645431157,sequence_51160,-7.359947635110199,4620.271627694822,2-2-2-2-125-1
371,sequence_51170,-5.599110392902725,sequence_51160,-7.359947635110199,1842.227747549157,2-2-2-2-125-1
618,sequence_32130,-5.7157882520247325,sequence_51160,-7.359947635110199,4719.204989754058,2-2-2-2-125-1
12,sequence_51016,-4.626935645431157,sequence_51144,-7.6062267387969245,4722.758744511314,2-2-2-2-112-1
259,sequence_51170,-5.599110392902725,sequence_51144,-7.6062267387969245,1639.8917213003883,2-2-2-2-112-1
506,sequence_32130,-5.7157882520247325,sequence_51144,-7.6062267387969245,4751.997342216102,2-2-2-2-112-1
211,sequence_51016,-4.626935645431157,sequence_51142,-7.121316080640148,4747.514673819177,0-2-2-2-90-7
458,sequence_51170,-5.599110392902725,sequence_51142,-7.121316080640148,2553.4668364573977,0-2-2-2-90-7
705,sequence_32130,-5.7157882520247325,sequence_51142,-7.121316080640148,4747.493838283676,0-2-2-2-90-7
120,sequence_51016,-4.626935645431157,sequence_51188,-7.477058965090089,4746.515854677868,0-2-2-2-96-3
367,sequence_51170,-5.599110392902725,sequence_51188,-7.477058965090089,3189.9269975707207,0-2-2-2-96-3
614,sequence_32130,-5.7157882520247325,sequence_51188,-7.477058965090089,4775.5663439278605,0-2-2-2-96-3
3,sequence_51016,-4.626935645431157,sequence_51191,-4.187052068679792,4850.766623038066,0-2-2-2-100-3
250,sequence_51170,-5.599110392902725,sequence_51191,-4.187052068679792,2905.3673089553918,0-2-2-2-100-3
497,sequence_32130,-5.7157882520247325,sequence_51191,-4.187052068679792,4806.30568416896,0-2-2-2-100-3
9,sequence_51016,-4.626935645431157,sequence_51174,-8.191804956045784,4650.684725105395,1-2-2-2-136-1
256,sequence_51170,-5.599110392902725,sequence_51174,-8.191804956045784,1322.9305321981687,1-2-2-2-136-1
503,sequence_32130,-5.7157882520247325,sequence_51174,-8.191804956045784,4687.896703955428,1-2-2-2-136-1
158,sequence_51016,-4.626935645431157,sequence_51005,-5.462621475453159,550.3672592333323,2-1-1-1-183-0
405,sequence_51170,-5.599110392902725,sequence_51005,-5.462621475453159,4670.633004769788,2-1-1-1-183-0
652,sequence_32130,-5.7157882520247325,sequence_51005,-5.462621475453159,4776.09153835673,2-1-1-1-183-0
40,sequence_51016,-4.626935645431157,sequence_32131,-6.7244621963556055,4791.255446356794,1-0-0-0-14-2
287,sequence_51170,-5.599110392902725,sequence_32131,-6.7244621963556055,4695.366789443764,1-0-0-0-14-2
534,sequence_32130,-5.7157882520247325,sequence_32131,-6.7244621963556055,1337.8833924838443,1-0-0-0-14-2
136,sequence_51016,-4.626935645431157,sequence_32142,-5.589646359982146,4816.287384564532,1-0-0-0-24-2
383,sequence_51170,-5.599110392902725,sequence_32142,-5.589646359982146,4682.967111745155,1-0-0-0-24-2
630,sequence_32130,-5.7157882520247325,sequence_32142,-5.589646359982146,1498.4793130977089,1-0-0-0-24-2
231,sequence_51016,-4.626935645431157,sequence_51006,-4.088195248253983,1349.1600121499118,1-1-1-1-184-0
478,sequence_51170,-5.599110392902725,sequence_51006,-4.088195248253983,4664.490706384607,1-1-1-1-184-0
725,sequence_32130,-5.7157882520247325,sequence_51006,-4.088195248253983,4712.853652020138,1-1-1-1-184-0
180,sequence_51016,-4.626935645431157,sequence_32178,-7.97958130655809,4624.408778192,2-0-0-0-44-4
427,sequence_51170,-5.599110392902725,sequence_32178,-7.97958130655809,4453.143143982561,2-0-0-0-44-4
674,sequence_32130,-5.7157882520247325,sequence_32178,-7.97958130655809,2846.6175335444573,2-0-0-0-44-4
188,sequence_51016,-4.626935645431157,sequence_50963,-4.781440038086389,2855.186068887394,2-1-1-1-158-5
435,sequence_51170,-5.599110392902725,sequence_50963,-4.781440038086389,4671.871476382274,2-1-1-1-158-5
682,sequence_32130,-5.7157882520247325,sequence_50963,-4.781440038086389,4715.7630764028245,2-1-1-1-158-5
171,sequence_51016,-4.626935645431157,sequence_32171,-6.784871272007103,4642.574899011328,2-0-0-0-56-4
418,sequence_51170,-5.599110392902725,sequence_32171,-6.784871272007103,4543.130990038398,2-0-0-0-56-4
665,sequence_32130,-5.7157882520247325,sequence_32171,-6.784871272007103,3149.691548644807,2-0-0-0-56-4
72,sequence_51016,-4.626935645431157,sequence_32162,-7.3445848975979535,4608.176460989714,2-0-0-0-48-4
319,sequence_51170,-5.599110392902725,sequence_32162,-7.3445848975979535,4566.913435785178,2-0-0-0-48-4
566,sequence_32130,-5.7157882520247325,sequence_32162,-7.3445848975979535,2854.90645334599,2-0-0-0-48-4
118,sequence_51016,-4.626935645431157,sequence_51194,-5.951019832085327,4825.444458141126,0-2-2-2-102-3
365,sequence_51170,-5.599110392902725,sequence_51194,-5.951019832085327,2077.312123689647,0-2-2-2-102-3
612,sequence_32130,-5.7157882520247325,sequence_51194,-5.951019832085327,4843.759068489317,0-2-2-2-102-3
99,sequence_51016,-4.626935645431157,sequence_51189,-4.558817450583756,4815.098761094583,0-2-2-2-97-3
346,sequence_51170,-5.599110392902725,sequence_51189,-4.558817450583756,2765.6596522656746,0-2-2-2-97-3
593,sequence_32130,-5.7157882520247325,sequence_51189,-4.558817450583756,4794.496817251455,0-2-2-2-97-3
48,sequence_51016,-4.626935645431157,sequence_32129,-8.31556501084656,4818.629396640641,1-0-0-0-11-2
295,sequence_51170,-5.599110392902725,sequence_32129,-8.31556501084656,4707.188404073131,1-0-0-0-11-2
542,sequence_32130,-5.7157882520247325,sequence_32129,-8.31556501084656,1050.877666810933,1-0-0-0-11-2
96,sequence_51016,-4.626935645431157,sequence_32159,-6.970724932862983,4630.547268503412,1-0-0-0-73-2
343,sequence_51170,-5.599110392902725,sequence_32159,-6.970724932862983,4762.020784647431,1-0-0-0-73-2
590,sequence_32130,-5.7157882520247325,sequence_32159,-6.970724932862983,2346.5865848460912,1-0-0-0-73-2
20,sequence_51016,-4.626935645431157,sequence_51131,-7.774340977997347,4817.057171395731,1-2-2-2-84-7
267,sequence_51170,-5.599110392902725,sequence_51131,-7.774340977997347,3184.4054608212505,1-2-2-2-84-7
514,sequence_32130,-5.7157882520247325,sequence_51131,-7.774340977997347,4675.429917956581,1-2-2-2-84-7
76,sequence_51016,-4.626935645431157,sequence_50979,-6.9793484717108525,2880.517084937283,0-1-1-1-167-5
323,sequence_51170,-5.599110392902725,sequence_50979,-6.9793484717108525,4617.087124060907,0-1-1-1-167-5
570,sequence_32130,-5.7157882520247325,sequence_50979,-6.9793484717108525,4792.397533280792,0-1-1-1-167-5
97,sequence_51016,-4.626935645431157,sequence_32149,-7.516758509933092,4708.257328016757,0-0-0-0-65-4
344,sequence_51170,-5.599110392902725,sequence_32149,-7.516758509933092,4575.472849402739,0-0-0-0-65-4
591,sequence_32130,-5.7157882520247325,sequence_32149,-7.516758509933092,2631.8994670974384,0-0-0-0-65-4
176,sequence_51016,-4.626935645431157,sequence_50998,-5.944204158002268,2839.5428435400518,1-1-1-1-243-5
423,sequence_51170,-5.599110392902725,sequence_50998,-5.944204158002268,4641.164599835149,1-1-1-1-243-5
670,sequence_32130,-5.7157882520247325,sequence_50998,-5.944204158002268,4603.771376553901,1-1-1-1-243-5
228,sequence_51016,-4.626935645431157,sequence_32173,-7.412850678006673,4743.521950190094,1-0-0-0-40-2
475,sequence_51170,-5.599110392902725,sequence_32173,-7.412850678006673,4734.266514616389,1-0-0-0-40-2
722,sequence_32130,-5.7157882520247325,sequence_32173,-7.412850678006673,1476.7960320192392,1-0-0-0-40-2
142,sequence_51016,-4.626935645431157,sequence_32176,-7.495966273349671,4714.3812645249145,0-0-0-0-46-2
389,sequence_51170,-5.599110392902725,sequence_32176,-7.495966273349671,4613.320636039473,0-0-0-0-46-2
636,sequence_32130,-5.7157882520247325,sequence_32176,-7.495966273349671,1835.109835452824,0-0-0-0-46-2
53,sequence_51016,-4.626935645431157,sequence_51003,-4.688170977244142,854.0753206622353,2-1-1-1-180-0
300,sequence_51170,-5.599110392902725,sequence_51003,-4.688170977244142,4648.334345268694,2-1-1-1-180-0
547,sequence_32130,-5.7157882520247325,sequence_51003,-4.688170977244142,4812.714941422955,2-1-1-1-180-0
238,sequence_51016,-4.626935645431157,sequence_51153,-7.196744445638808,4723.890073051403,1-2-2-2-120-1
485,sequence_51170,-5.599110392902725,sequence_51153,-7.196744445638808,1649.721785475642,1-2-2-2-120-1
732,sequence_32130,-5.7157882520247325,sequence_51153,-7.196744445638808,4684.204161535631,1-2-2-2-120-1
117,sequence_51016,-4.626935645431157,sequence_51164,-5.675591751285612,4679.820940136886,2-2-2-2-137-1
364,sequence_51170,-5.599110392902725,sequence_51164,-5.675591751285612,448.44521236265865,2-2-2-2-137-1
611,sequence_32130,-5.7157882520247325,sequence_51164,-5.675591751285612,4740.967112897849,2-2-2-2-137-1
61,sequence_51016,-4.626935645431157,sequence_51054,-5.902809074204358,1639.8917213003883,2-1-1-1-224-0
308,sequence_51170,-5.599110392902725,sequence_51054,-5.902809074204358,4686.760115368813,2-1-1-1-224-0
555,sequence_32130,-5.7157882520247325,sequence_51054,-5.902809074204358,4738.983452004633,2-1-1-1-224-0
78,sequence_51016,-4.626935645431157,sequence_32113,-9.174039097210208,4774.024643492493,1-0-0-0-36-4
325,sequence_51170,-5.599110392902725,sequence_32113,-9.174039097210208,4711.625803626647,1-0-0-0-36-4
572,sequence_32130,-5.7157882520247325,sequence_32113,-9.174039097210208,2599.387378654288,1-0-0-0-36-4
27,sequence_51016,-4.626935645431157,sequence_51145,-7.832019468805971,4808.756528565498,0-2-2-2-113-3
274,sequence_51170,-5.599110392902725,sequence_51145,-7.832019468805971,2686.475035011962,0-2-2-2-113-3
521,sequence_32130,-5.7157882520247325,sequence_51145,-7.832019468805971,4818.665195386312,0-2-2-2-113-3
163,sequence_51016,-4.626935645431157,sequence_51009,-4.573850042256471,291.6632144801603,2-1-1-1-190-0
410,sequence_51170,-5.599110392902725,sequence_51009,-4.573850042256471,4668.832544462724,2-1-1-1-190-0
657,sequence_32130,-5.7157882520247325,sequence_51009,-4.573850042256471,4781.073203522998,2-1-1-1-190-0
223,sequence_51016,-4.626935645431157,sequence_50981,-7.512823751591346,3120.747506738982,2-1-1-1-170-5
470,sequence_51170,-5.599110392902725,sequence_50981,-7.512823751591346,4668.412859102325,2-1-1-1-170-5
717,sequence_32130,-5.7157882520247325,sequence_50981,-7.512823751591346,4826.558587204052,2-1-1-1-170-5
175,sequence_51016,-4.626935645431157,sequence_50997,-7.490956320392341,2517.5339717369675,0-1-1-1-244-6
422,sequence_51170,-5.599110392902725,sequence_50997,-7.490956320392341,4605.484049054424,0-1-1-1-244-6
669,sequence_32130,-5.7157882520247325,sequence_50997,-7.490956320392341,4724.414557726848,0-1-1-1-244-6
35,sequence_51016,-4.626935645431157,sequence_32141,-5.887274565323308,4795.176928938407,1-0-0-0-23-2
282,sequence_51170,-5.599110392902725,sequence_32141,-5.887274565323308,4788.043042476895,1-0-0-0-23-2
529,sequence_32130,-5.7157882520247325,sequence_32141,-5.887274565323308,737.1403887293926,1-0-0-0-23-2
154,sequence_51016,-4.626935645431157,sequence_51008,-4.585620137449986,1357.2311169737343,2-1-1-1-187-0
401,sequence_51170,-5.599110392902725,sequence_51008,-4.585620137449986,4630.139760978996,2-1-1-1-187-0
648,sequence_32130,-5.7157882520247325,sequence_51008,-4.585620137449986,4834.418653013112,2-1-1-1-187-0
201,sequence_51016,-4.626935645431157,sequence_51038,-5.012320997946479,1848.976766653167,1-1-1-1-214-0
448,sequence_51170,-5.599110392902725,sequence_51038,-5.012320997946479,4695.40080772116,1-1-1-1-214-0
695,sequence_32130,-5.7157882520247325,sequence_51038,-5.012320997946479,4563.874832776523,1-1-1-1-214-0
227,sequence_51016,-4.626935645431157,sequence_51049,-5.345308323514202,1795.8145117594163,2-1-1-1-175-0
474,sequence_51170,-5.599110392902725,sequence_51049,-5.345308323514202,4649.171322730642,2-1-1-1-175-0
721,sequence_32130,-5.7157882520247325,sequence_51049,-5.345308323514202,4727.522888156151,2-1-1-1-175-0
16,sequence_51016,-4.626935645431157,sequence_51173,-7.430867304520878,4733.810411464223,0-2-2-2-134-1
263,sequence_51170,-5.599110392902725,sequence_51173,-7.430867304520878,602.688784374307,0-2-2-2-134-1
510,sequence_32130,-5.7157882520247325,sequence_51173,-7.430867304520878,4787.588283783546,0-2-2-2-134-1
17,sequence_51016,-4.626935645431157,sequence_51168,-7.697662542801202,4736.434595154475,0-2-2-2-128-1
264,sequence_51170,-5.599110392902725,sequence_51168,-7.697662542801202,1016.3724238635068,0-2-2-2-128-1
511,sequence_32130,-5.7157882520247325,sequence_51168,-7.697662542801202,4779.798577773375,0-2-2-2-128-1
59,sequence_51016,-4.626935645431157,sequence_51014,-4.875093284104756,1162.416400343629,2-1-1-1-203-0
306,sequence_51170,-5.599110392902725,sequence_51014,-4.875093284104756,4662.142513078537,2-1-1-1-203-0
553,sequence_32130,-5.7157882520247325,sequence_51014,-4.875093284104756,4833.155473394828,2-1-1-1-203-0
94,sequence_51016,-4.626935645431157,sequence_50966,-7.12754277570154,2076.051785650681,2-1-1-1-161-0
341,sequence_51170,-5.599110392902725,sequence_50966,-7.12754277570154,4679.384688644816,2-1-1-1-161-0
588,sequence_32130,-5.7157882520247325,sequence_50966,-7.12754277570154,4837.7993548149225,2-1-1-1-161-0
7,sequence_51016,-4.626935645431157,sequence_51159,-5.319842748072733,4729.707230145847,0-2-2-2-124-1
254,sequence_51170,-5.599110392902725,sequence_51159,-5.319842748072733,737.1403887293926,0-2-2-2-124-1
501,sequence_32130,-5.7157882520247325,sequence_51159,-5.319842748072733,4757.701624044169,0-2-2-2-124-1
11,sequence_51016,-4.626935645431157,sequence_51199,-6.996026362092827,4687.586856654791,2-2-2-2-104-1
258,sequence_51170,-5.599110392902725,sequence_51199,-6.996026362092827,732.2618477818232,2-2-2-2-104-1
505,sequence_32130,-5.7157882520247325,sequence_51199,-6.996026362092827,4767.123748974094,2-2-2-2-104-1
126,sequence_51016,-4.626935645431157,sequence_51129,-8.402091964503104,4783.141057289978,0-2-2-2-83-1
373,sequence_51170,-5.599110392902725,sequence_51129,-8.402091964503104,1919.1865250384628,0-2-2-2-83-1
620,sequence_32130,-5.7157882520247325,sequence_51129,-8.402091964503104,4747.604873806479,0-2-2-2-83-1
218,sequence_51016,-4.626935645431157,sequence_50976,-7.644636157990131,2829.322586071489,2-1-1-1-155-5
465,sequence_51170,-5.599110392902725,sequence_50976,-7.644636157990131,4683.255865593,2-1-1-1-155-5
712,sequence_32130,-5.7157882520247325,sequence_50976,-7.644636157990131,4873.792610630748,2-1-1-1-155-5
116,sequence_51016,-4.626935645431157,sequence_51180,-6.304185064160062,4669.885861753709,2-2-2-2-147-1
363,sequence_51170,-5.599110392902725,sequence_51180,-6.304185064160062,970.62694124831,2-2-2-2-147-1
610,sequence_32130,-5.7157882520247325,sequence_51180,-6.304185064160062,4765.631186874132,2-2-2-2-147-1
57,sequence_51016,-4.626935645431157,sequence_51019,-6.115112568237896,705.5727637496647,2-1-1-1-200-0
304,sequence_51170,-5.599110392902725,sequence_51019,-6.115112568237896,4681.419967095546,2-1-1-1-200-0
551,sequence_32130,-5.7157882520247325,sequence_51019,-6.115112568237896,4756.826152469531,2-1-1-1-200-0
148,sequence_51016,-4.626935645431157,sequence_32118,-5.976481335612996,4769.7829850063445,1-0-0-0-2-2
395,sequence_51170,-5.599110392902725,sequence_32118,-5.976481335612996,4760.158762229225,1-0-0-0-2-2
642,sequence_32130,-5.7157882520247325,sequence_32118,-5.976481335612996,844.6834040343577,1-0-0-0-2-2
14,sequence_51016,-4.626935645431157,sequence_51157,-7.993079403043451,4736.408060133967,0-2-2-2-144-1
261,sequence_51170,-5.599110392902725,sequence_51157,-7.993079403043451,454.3775954751951,0-2-2-2-144-1
508,sequence_32130,-5.7157882520247325,sequence_51157,-7.993079403043451,4773.059839972818,0-2-2-2-144-1
130,sequence_51016,-4.626935645431157,sequence_51135,-7.603076627631569,4794.241639417345,0-2-2-2-76-1
377,sequence_51170,-5.599110392902725,sequence_51135,-7.603076627631569,2170.613323271577,0-2-2-2-76-1
624,sequence_32130,-5.7157882520247325,sequence_51135,-7.603076627631569,4735.4515130795735,0-2-2-2-76-1
230,sequence_51016,-4.626935645431157,sequence_51044,-7.448598078099795,1612.2672263637903,0-1-1-1-221-0
477,sequence_51170,-5.599110392902725,sequence_51044,-7.448598078099795,4610.892576683947,0-1-1-1-221-0
724,sequence_32130,-5.7157882520247325,sequence_51044,-7.448598078099795,4759.206636591186,0-1-1-1-221-0
242,sequence_51016,-4.626935645431157,sequence_50986,-6.800648200608334,1699.5471118221174,2-1-1-1-225-0
489,sequence_51170,-5.599110392902725,sequence_50986,-6.800648200608334,4685.949788436385,2-1-1-1-225-0
736,sequence_32130,-5.7157882520247325,sequence_50986,-6.800648200608334,4810.325425388051,2-1-1-1-225-0
105,sequence_51016,-4.626935645431157,sequence_51165,-8.135108482126563,4702.152916050756,1-2-2-2-127-1
352,sequence_51170,-5.599110392902725,sequence_51165,-8.135108482126563,1193.3522735901583,1-2-2-2-127-1
599,sequence_32130,-5.7157882520247325,sequence_51165,-8.135108482126563,4714.036036133353,1-2-2-2-127-1
80,sequence_51016,-4.626935645431157,sequence_50987,-8.15482384172899,2741.699542980138,2-1-1-1-227-6
327,sequence_51170,-5.599110392902725,sequence_50987,-8.15482384172899,4644.541430855177,2-1-1-1-227-6
574,sequence_32130,-5.7157882520247325,sequence_50987,-8.15482384172899,4738.109917722627,2-1-1-1-227-6
100,sequence_51016,-4.626935645431157,sequence_51167,-6.709785800218548,4648.334696456496,2-2-2-2-133-1
347,sequence_51170,-5.599110392902725,sequence_51167,-6.709785800218548,455.08972159330295,2-2-2-2-133-1
594,sequence_32130,-5.7157882520247325,sequence_51167,-6.709785800218548,4787.895366346591,2-2-2-2-133-1
36,sequence_51016,-4.626935645431157,sequence_32124,-6.481163109642129,4790.414768083524,1-0-0-0-6-2
283,sequence_51170,-5.599110392902725,sequence_32124,-6.481163109642129,4786.189228871054,1-0-0-0-6-2
530,sequence_32130,-5.7157882520247325,sequence_32124,-6.481163109642129,1144.167053468164,1-0-0-0-6-2
214,sequence_51016,-4.626935645431157,sequence_51197,-6.969794378455091,4835.120174183141,0-2-2-2-93-7
461,sequence_51170,-5.599110392902725,sequence_51197,-6.969794378455091,2955.7821597853717,0-2-2-2-93-7
708,sequence_32130,-5.7157882520247325,sequence_51197,-6.969794378455091,4811.259629090858,0-2-2-2-93-7
182,sequence_51016,-4.626935645431157,sequence_50965,-8.132680322148055,2620.639294754759,1-1-1-1-160-6
429,sequence_51170,-5.599110392902725,sequence_50965,-8.132680322148055,4775.673771887108,1-1-1-1-160-6
676,sequence_32130,-5.7157882520247325,sequence_50965,-8.132680322148055,4641.755967499153,1-1-1-1-160-6
157,sequence_51016,-4.626935645431157,sequence_51035,-6.5243104484277685,844.6834040343577,2-1-1-1-213-0
404,sequence_51170,-5.599110392902725,sequence_51035,-6.5243104484277685,4669.970663160812,2-1-1-1-213-0
651,sequence_32130,-5.7157882520247325,sequence_51035,-6.5243104484277685,4842.9015158441625,2-1-1-1-213-0
240,sequence_51016,-4.626935645431157,sequence_50985,-4.308443704891928,1620.7059076370858,2-1-1-1-232-0
487,sequence_51170,-5.599110392902725,sequence_50985,-4.308443704891928,4657.011259719328,2-1-1-1-232-0
734,sequence_32130,-5.7157882520247325,sequence_50985,-4.308443704891928,4788.881832505661,2-1-1-1-232-0
0,sequence_51016,-4.626935645431157,sequence_51170,-5.599110392902725,4681.592596140702,2-2-2-2-131-1
495,sequence_32130,-5.7157882520247325,sequence_51170,-5.599110392902725,4760.316454965419,2-2-2-2-131-1
85,sequence_51016,-4.626935645431157,sequence_51046,-7.53760401737095,2327.261429651768,2-1-1-1-172-6
332,sequence_51170,-5.599110392902725,sequence_51046,-7.53760401737095,4676.587665802527,2-1-1-1-172-6
579,sequence_32130,-5.7157882520247325,sequence_51046,-7.53760401737095,4787.214725902279,2-1-1-1-172-6
151,sequence_51016,-4.626935645431157,sequence_50962,-7.232986764011962,1835.109835452824,2-1-1-1-157-6
398,sequence_51170,-5.599110392902725,sequence_50962,-7.232986764011962,4746.203291725864,2-1-1-1-157-6
645,sequence_32130,-5.7157882520247325,sequence_50962,-7.232986764011962,4794.018825844893,2-1-1-1-157-6
113,sequence_51016,-4.626935645431157,sequence_51161,-8.29923749627917,4652.7503673194615,2-2-2-2-143-1
360,sequence_51170,-5.599110392902725,sequence_51161,-8.29923749627917,583.3375429521144,2-2-2-2-143-1
607,sequence_32130,-5.7157882520247325,sequence_51161,-8.29923749627917,4735.057904643519,2-2-2-2-143-1
183,sequence_51016,-4.626935645431157,sequence_51048,-8.515067054902179,1863.6109173682123,1-1-1-1-176-0
430,sequence_51170,-5.599110392902725,sequence_51048,-8.515067054902179,4722.127146638391,1-1-1-1-176-0
677,sequence_32130,-5.7157882520247325,sequence_51048,-8.515067054902179,4730.05902642779,1-1-1-1-176-0
205,sequence_51016,-4.626935645431157,sequence_51021,-5.061021415988704,1392.1481038384063,2-1-1-1-195-0
452,sequence_51170,-5.599110392902725,sequence_51021,-5.061021415988704,4687.120342917026,2-1-1-1-195-0
699,sequence_32130,-5.7157882520247325,sequence_51021,-5.061021415988704,4772.235356211086,2-1-1-1-195-0
62,sequence_51016,-4.626935645431157,sequence_51002,-5.509785716570097,944.4951434374768,2-1-1-1-179-0
309,sequence_51170,-5.599110392902725,sequence_51002,-5.509785716570097,4652.667228266067,2-1-1-1-179-0
556,sequence_32130,-5.7157882520247325,sequence_51002,-5.509785716570097,4843.3030566290745,2-1-1-1-179-0
246,sequence_51016,-4.626935645431157,sequence_51146,-3.958357370465748,4844.974254703199,0-2-2-2-115-3
493,sequence_51170,-5.599110392902725,sequence_51146,-3.958357370465748,2811.574609756932,0-2-2-2-115-3
740,sequence_32130,-5.7157882520247325,sequence_51146,-3.958357370465748,4799.553962927864,0-2-2-2-115-3
60,sequence_51016,-4.626935645431157,sequence_50984,-4.153545460917198,732.2618477818232,2-1-1-1-231-0
307,sequence_51170,-5.599110392902725,sequence_50984,-4.153545460917198,4671.821826607734,2-1-1-1-231-0
554,sequence_32130,-5.7157882520247325,sequence_50984,-4.153545460917198,4791.8369565842295,2-1-1-1-231-0
185,sequence_51016,-4.626935645431157,sequence_32165,-6.872613250606912,4653.224419694162,2-0-0-0-50-4
432,sequence_51170,-5.599110392902725,sequence_32165,-6.872613250606912,4643.056315636543,2-0-0-0-50-4
679,sequence_32130,-5.7157882520247325,sequence_32165,-6.872613250606912,2601.264404933822,2-0-0-0-50-4
58,sequence_51016,-4.626935645431157,sequence_51017,-7.84298595409709,1050.877666810933,2-1-1-1-206-0
305,sequence_51170,-5.599110392902725,sequence_51017,-7.84298595409709,4706.925820726051,2-1-1-1-206-0
552,sequence_32130,-5.7157882520247325,sequence_51017,-7.84298595409709,4783.136180259327,2-1-1-1-206-0
112,sequence_51016,-4.626935645431157,sequence_51177,-6.222235866357328,4700.4165435097,2-2-2-2-141-1
359,sequence_51170,-5.599110392902725,sequence_51177,-6.222235866357328,291.6632144801603,2-2-2-2-141-1
606,sequence_32130,-5.7157882520247325,sequence_51177,-6.222235866357328,4756.762785083626,2-2-2-2-141-1
197,sequence_51016,-4.626935645431157,sequence_32156,-7.327994265882848,4739.549226918283,0-0-0-0-70-4
444,sequence_51170,-5.599110392902725,sequence_32156,-7.327994265882848,4651.164062618433,0-0-0-0-70-4
691,sequence_32130,-5.7157882520247325,sequence_32156,-7.327994265882848,2595.897201460228,0-0-0-0-70-4
140,sequence_51016,-4.626935645431157,sequence_32139,-6.187468874223483,4759.453363868503,1-0-0-0-21-2
387,sequence_51170,-5.599110392902725,sequence_32139,-6.187468874223483,4797.265097325463,1-0-0-0-21-2
634,sequence_32130,-5.7157882520247325,sequence_32139,-6.187468874223483,746.3785149762351,1-0-0-0-21-2
198,sequence_51016,-4.626935645431157,sequence_50993,-7.312336322903731,2056.734846436723,2-1-1-1-239-6
445,sequence_51170,-5.599110392902725,sequence_50993,-7.312336322903731,4639.438599105479,2-1-1-1-239-6
692,sequence_32130,-5.7157882520247325,sequence_50993,-7.312336322903731,4840.276373097517,2-1-1-1-239-6
181,sequence_51016,-4.626935645431157,sequence_51041,-6.943692311648196,2207.167767409646,2-1-1-1-217-0
428,sequence_51170,-5.599110392902725,sequence_51041,-6.943692311648196,4673.442571335002,2-1-1-1-217-0
675,sequence_32130,-5.7157882520247325,sequence_51041,-6.943692311648196,4720.093888492196,2-1-1-1-217-0
66,sequence_51016,-4.626935645431157,sequence_51012,-5.769612631669962,602.688784374307,2-1-1-1-201-0
313,sequence_51170,-5.599110392902725,sequence_51012,-5.769612631669962,4670.333338287091,2-1-1-1-201-0
560,sequence_32130,-5.7157882520247325,sequence_51012,-5.769612631669962,4746.854751402498,2-1-1-1-201-0
229,sequence_51016,-4.626935645431157,sequence_50983,-7.874339064617118,1655.0170269715172,2-1-1-1-230-0
476,sequence_51170,-5.599110392902725,sequence_50983,-7.874339064617118,4642.29684025493,2-1-1-1-230-0
723,sequence_32130,-5.7157882520247325,sequence_50983,-7.874339064617118,4783.723229031705,2-1-1-1-230-0
122,sequence_51016,-4.626935645431157,sequence_51127,-4.999097941049065,4657.7895914838855,1-2-2-2-79-7
369,sequence_51170,-5.599110392902725,sequence_51127,-4.999097941049065,2482.3270453158625,1-2-2-2-79-7
616,sequence_32130,-5.7157882520247325,sequence_51127,-4.999097941049065,4700.174023308414,1-2-2-2-79-7
87,sequence_51016,-4.626935645431157,sequence_32163,-6.436780987668787,4711.981447151304,0-0-0-0-47-4
334,sequence_51170,-5.599110392902725,sequence_32163,-6.436780987668787,4623.732423287481,0-0-0-0-47-4
581,sequence_32130,-5.7157882520247325,sequence_32163,-6.436780987668787,2826.3334237950235,0-0-0-0-47-4
160,sequence_51016,-4.626935645431157,sequence_51013,-4.687136967133388,490.4986319965429,2-1-1-1-202-0
407,sequence_51170,-5.599110392902725,sequence_51013,-4.687136967133388,4669.330206929544,2-1-1-1-202-0
654,sequence_32130,-5.7157882520247325,sequence_51013,-4.687136967133388,4780.145346278996,2-1-1-1-202-0
43,sequence_51016,-4.626935645431157,sequence_32147,-6.122695079257531,4786.509646060285,1-0-0-0-30-2
290,sequence_51170,-5.599110392902725,sequence_32147,-6.122695079257531,4714.154245329148,1-0-0-0-30-2
537,sequence_32130,-5.7157882520247325,sequence_32147,-6.122695079257531,854.0753206622353,1-0-0-0-30-2
245,sequence_51016,-4.626935645431157,sequence_51037,-4.148785252262823,1516.2635730794466,1-1-1-1-218-0
492,sequence_51170,-5.599110392902725,sequence_51037,-4.148785252262823,4612.107533475401,1-1-1-1-218-0
739,sequence_32130,-5.7157882520247325,sequence_51037,-4.148785252262823,4632.033693924715,1-1-1-1-218-0
104,sequence_51016,-4.626935645431157,sequence_51158,-6.222980712367778,4603.368127621051,2-2-2-2-123-1
351,sequence_51170,-5.599110392902725,sequence_51158,-6.222980712367778,1498.4793130977084,2-2-2-2-123-1
598,sequence_32130,-5.7157882520247325,sequence_51158,-6.222980712367778,4739.965769289006,2-2-2-2-123-1
192,sequence_51016,-4.626935645431157,sequence_32172,-6.702704094610732,4661.652104209735,0-0-0-0-57-4
439,sequence_51170,-5.599110392902725,sequence_32172,-6.702704094610732,4582.632946121047,0-0-0-0-57-4
686,sequence_32130,-5.7157882520247325,sequence_32172,-6.702704094610732,2802.7835472650595,0-0-0-0-57-4
107,sequence_51016,-4.626935645431157,sequence_51155,-5.6881928391837775,4666.332817959839,2-2-2-2-145-1
354,sequence_51170,-5.599110392902725,sequence_51155,-5.6881928391837775,838.3505316531505,2-2-2-2-145-1
601,sequence_32130,-5.7157882520247325,sequence_51155,-5.6881928391837775,4750.955755888983,2-2-2-2-145-1
29,sequence_51016,-4.626935645431157,sequence_51148,-6.975393550316428,4808.416768648135,0-2-2-2-109-7
276,sequence_51170,-5.599110392902725,sequence_51148,-6.975393550316428,2161.7901618807364,0-2-2-2-109-7
523,sequence_32130,-5.7157882520247325,sequence_51148,-6.975393550316428,4861.431805643243,0-2-2-2-109-7
79,sequence_51016,-4.626935645431157,sequence_32182,-8.313000601877945,4598.130391939296,2-0-0-0-60-4
326,sequence_51170,-5.599110392902725,sequence_32182,-8.313000601877945,4577.606219325703,2-0-0-0-60-4
573,sequence_32130,-5.7157882520247325,sequence_32182,-8.313000601877945,2622.6361628594427,2-0-0-0-60-4
119,sequence_51016,-4.626935645431157,sequence_51154,-7.492004982128037,4670.928290685815,2-2-2-2-121-1
366,sequence_51170,-5.599110392902725,sequence_51154,-7.492004982128037,1825.8279362914516,2-2-2-2-121-1
613,sequence_32130,-5.7157882520247325,sequence_51154,-7.492004982128037,4710.181585509882,2-2-2-2-121-1
30,sequence_51016,-4.626935645431157,sequence_51141,-6.2807344442384325,4684.428462272391,2-2-2-2-88-1
277,sequence_51170,-5.599110392902725,sequence_51141,-6.2807344442384325,1523.063012431541,2-2-2-2-88-1
524,sequence_32130,-5.7157882520247325,sequence_51141,-6.2807344442384325,4739.92430940344,2-2-2-2-88-1
156,sequence_51016,-4.626935645431157,sequence_32164,-7.229515353903711,4704.566651177922,0-0-0-0-49-4
403,sequence_51170,-5.599110392902725,sequence_32164,-7.229515353903711,4604.118333571255,0-0-0-0-49-4
650,sequence_32130,-5.7157882520247325,sequence_32164,-7.229515353903711,3013.91370844632,0-0-0-0-49-4
88,sequence_51016,-4.626935645431157,sequence_50980,-5.395644495280823,2421.065574604773,1-1-1-1-171-5
335,sequence_51170,-5.599110392902725,sequence_50980,-5.395644495280823,4759.643554214013,1-1-1-1-171-5
582,sequence_32130,-5.7157882520247325,sequence_50980,-5.395644495280823,4622.597267185722,1-1-1-1-171-5
6,sequence_51016,-4.626935645431157,sequence_51181,-6.128408684508713,4722.037643572654,2-2-2-2-148-1
253,sequence_51170,-5.599110392902725,sequence_51181,-6.128408684508713,595.9663373265306,2-2-2-2-148-1
500,sequence_32130,-5.7157882520247325,sequence_51181,-6.128408684508713,4777.37251061384,2-2-2-2-148-1
209,sequence_51016,-4.626935645431157,sequence_51056,-5.850855450691768,2359.994968302168,1-1-1-1-247-0
456,sequence_51170,-5.599110392902725,sequence_51056,-5.850855450691768,4631.775934973021,1-1-1-1-247-0
703,sequence_32130,-5.7157882520247325,sequence_51056,-5.850855450691768,4697.214514213147,1-1-1-1-247-0
73,sequence_51016,-4.626935645431157,sequence_50995,-6.569508668935794,2648.607533492048,1-1-1-1-242-5
320,sequence_51170,-5.599110392902725,sequence_50995,-6.569508668935794,4643.277936228167,1-1-1-1-242-5
567,sequence_32130,-5.7157882520247325,sequence_50995,-6.569508668935794,4710.946779200019,1-1-1-1-242-5
191,sequence_51016,-4.626935645431157,sequence_32168,-7.637377800222538,4607.446237941461,2-0-0-0-53-4
438,sequence_51170,-5.599110392902725,sequence_32168,-7.637377800222538,4677.094349511905,2-0-0-0-53-4
685,sequence_32130,-5.7157882520247325,sequence_32168,-7.637377800222538,2692.155749054152,2-0-0-0-53-4
13,sequence_51016,-4.626935645431157,sequence_51183,-7.546017632580344,4704.28017626244,0-2-2-2-149-1
260,sequence_51170,-5.599110392902725,sequence_51183,-7.546017632580344,944.4951434374768,0-2-2-2-149-1
507,sequence_32130,-5.7157882520247325,sequence_51183,-7.546017632580344,4772.808896447181,0-2-2-2-149-1
161,sequence_51016,-4.626935645431157,sequence_50991,-8.436912109982138,1739.6721481365016,2-1-1-1-237-6
408,sequence_51170,-5.599110392902725,sequence_50991,-8.436912109982138,4665.49114677512,2-1-1-1-237-6
655,sequence_32130,-5.7157882520247325,sequence_50991,-8.436912109982138,4797.625992161216,2-1-1-1-237-6
187,sequence_51016,-4.626935645431157,sequence_32177,-8.394682697575568,4610.807398012354,2-0-0-0-42-4
434,sequence_51170,-5.599110392902725,sequence_32177,-8.394682697575568,4576.310606891981,2-0-0-0-42-4
681,sequence_32130,-5.7157882520247325,sequence_32177,-8.394682697575568,2633.94170214365,2-0-0-0-42-4
106,sequence_51016,-4.626935645431157,sequence_51176,-6.977819960699303,4645.1017235371455,2-2-2-2-139-1
353,sequence_51170,-5.599110392902725,sequence_51176,-6.977819960699303,457.73881067833867,2-2-2-2-139-1
600,sequence_32130,-5.7157882520247325,sequence_51176,-6.977819960699303,4759.579195188626,2-2-2-2-139-1
138,sequence_51016,-4.626935645431157,sequence_32123,-5.794704758333088,4794.889538425275,1-0-0-0-5-2
385,sequence_51170,-5.599110392902725,sequence_32123,-5.794704758333088,4761.972848459042,1-0-0-0-5-2
632,sequence_32130,-5.7157882520247325,sequence_32123,-5.794704758333088,457.73881067833867,1-0-0-0-5-2
54,sequence_51016,-4.626935645431157,sequence_51032,-8.147653535627581,796.9897200633519,2-1-1-1-185-0
301,sequence_51170,-5.599110392902725,sequence_51032,-8.147653535627581,4674.655909734614,2-1-1-1-185-0
548,sequence_32130,-5.7157882520247325,sequence_51032,-8.147653535627581,4827.358665514548,2-1-1-1-185-0
221,sequence_51016,-4.626935645431157,sequence_51126,-6.8444229718282426,4731.118916241793,1-2-2-2-81-7
468,sequence_51170,-5.599110392902725,sequence_51126,-6.8444229718282426,2875.354179781959,1-2-2-2-81-7
715,sequence_32130,-5.7157882520247325,sequence_51126,-6.8444229718282426,4634.865374872599,1-2-2-2-81-7
179,sequence_51016,-4.626935645431157,sequence_32175,-7.447858237543301,4620.903541522901,2-0-0-0-45-4
426,sequence_51170,-5.599110392902725,sequence_32175,-7.447858237543301,4538.387780064369,2-0-0-0-45-4
673,sequence_32130,-5.7157882520247325,sequence_32175,-7.447858237543301,2903.2959507515543,2-0-0-0-45-4
215,sequence_51016,-4.626935645431157,sequence_51004,-4.72181656291134,1878.0831418048272,1-1-1-1-182-0
462,sequence_51170,-5.599110392902725,sequence_51004,-4.72181656291134,4636.79376837464,1-1-1-1-182-0
709,sequence_32130,-5.7157882520247325,sequence_51004,-4.72181656291134,4707.575616263717,1-1-1-1-182-0
92,sequence_51016,-4.626935645431157,sequence_32150,-7.3196132933177775,4747.314324870803,0-0-0-0-61-2
339,sequence_51170,-5.599110392902725,sequence_32150,-7.3196132933177775,4627.055448019043,0-0-0-0-61-2
586,sequence_32130,-5.7157882520247325,sequence_32150,-7.3196132933177775,2332.5324660969995,0-0-0-0-61-2
234,sequence_51016,-4.626935645431157,sequence_50967,-5.218809117262096,1551.717793157651,2-1-1-1-164-0
481,sequence_51170,-5.599110392902725,sequence_50967,-5.218809117262096,4656.543871691917,2-1-1-1-164-0
728,sequence_32130,-5.7157882520247325,sequence_50967,-5.218809117262096,4798.258387034299,2-1-1-1-164-0
241,sequence_51016,-4.626935645431157,sequence_32153,-7.7527305527290675,4725.25336896041,1-0-0-0-63-2
488,sequence_51170,-5.599110392902725,sequence_32153,-7.7527305527290675,4611.661337628849,1-0-0-0-63-2
735,sequence_32130,-5.7157882520247325,sequence_32153,-7.7527305527290675,1844.319486068084,1-0-0-0-63-2
243,sequence_51016,-4.626935645431157,sequence_51042,-4.418679342702412,1870.2793157376252,1-1-1-1-219-0
490,sequence_51170,-5.599110392902725,sequence_51042,-4.418679342702412,4582.277361010466,1-1-1-1-219-0
737,sequence_32130,-5.7157882520247325,sequence_51042,-4.418679342702412,4673.273552207641,1-1-1-1-219-0
75,sequence_51016,-4.626935645431157,sequence_32115,-8.287149988801819,4730.523129832028,0-0-0-0-38-4
322,sequence_51170,-5.599110392902725,sequence_32115,-8.287149988801819,4624.357490693904,0-0-0-0-38-4
569,sequence_32130,-5.7157882520247325,sequence_32115,-8.287149988801819,2780.85012448664,0-0-0-0-38-4
146,sequence_51016,-4.626935645431157,sequence_32136,-9.513216858041744,4791.306199733888,1-0-0-0-19-2
393,sequence_51170,-5.599110392902725,sequence_32136,-9.513216858041744,4694.661752855048,1-0-0-0-19-2
640,sequence_32130,-5.7157882520247325,sequence_32136,-9.513216858041744,1081.8867700026976,1-0-0-0-19-2
203,sequence_51016,-4.626935645431157,sequence_32154,-6.956779787785928,4783.760351765837,0-0-0-0-69-2
450,sequence_51170,-5.599110392902725,sequence_32154,-6.956779787785928,4549.775339207456,0-0-0-0-69-2
697,sequence_32130,-5.7157882520247325,sequence_32154,-6.956779787785928,2259.9702270277653,0-0-0-0-69-2
28,sequence_51016,-4.626935645431157,sequence_51187,-6.886468446878718,4796.008442218094,0-2-2-2-95-3
275,sequence_51170,-5.599110392902725,sequence_51187,-6.886468446878718,2608.844652773721,0-2-2-2-95-3
522,sequence_32130,-5.7157882520247325,sequence_51187,-6.886468446878718,4712.601105340674,0-2-2-2-95-3
45,sequence_51016,-4.626935645431157,sequence_32122,-5.6780835220027175,4768.995635250226,1-0-0-0-20-2
292,sequence_51170,-5.599110392902725,sequence_32122,-5.6780835220027175,4816.48849961848,1-0-0-0-20-2
539,sequence_32130,-5.7157882520247325,sequence_32122,-5.6780835220027175,1176.0748540792547,1-0-0-0-20-2
184,sequence_51016,-4.626935645431157,sequence_50992,-7.440072608002367,2233.325975477001,0-1-1-1-238-6
431,sequence_51170,-5.599110392902725,sequence_50992,-7.440072608002367,4660.943427053169,0-1-1-1-238-6
678,sequence_32130,-5.7157882520247325,sequence_50992,-7.440072608002367,4727.901680555836,0-1-1-1-238-6
84,sequence_51016,-4.626935645431157,sequence_32180,-7.4665305235863535,4713.749163096428,0-0-0-0-59-2
331,sequence_51170,-5.599110392902725,sequence_32180,-7.4665305235863535,4619.050391277064,0-0-0-0-59-2
578,sequence_32130,-5.7157882520247325,sequence_32180,-7.4665305235863535,2310.2730826571456,0-0-0-0-59-2
155,sequence_51016,-4.626935645431157,sequence_51011,-5.444562277270213,1081.8867700026976,2-1-1-1-198-0
402,sequence_51170,-5.599110392902725,sequence_51011,-5.444562277270213,4702.807854183687,2-1-1-1-198-0
649,sequence_32130,-5.7157882520247325,sequence_51011,-5.444562277270213,4823.1293672938855,2-1-1-1-198-0
133,sequence_51016,-4.626935645431157,sequence_32160,-7.729750228413137,4712.340519353214,2-0-0-0-66-2
380,sequence_51170,-5.599110392902725,sequence_32160,-7.729750228413137,4697.433774565683,2-0-0-0-66-2
627,sequence_32130,-5.7157882520247325,sequence_32160,-7.729750228413137,1318.795197541036,2-0-0-0-66-2
10,sequence_51016,-4.626935645431157,sequence_51169,-6.371702819572715,4648.518645116773,2-2-2-2-129-1
257,sequence_51170,-5.599110392902725,sequence_51169,-6.371702819572715,1337.8833924838443,2-2-2-2-129-1
504,sequence_32130,-5.7157882520247325,sequence_51169,-6.371702819572715,4766.403277626504,2-2-2-2-129-1
71,sequence_51016,-4.626935645431157,sequence_50978,-8.571060179872774,3041.189652842335,2-1-1-1-168-5
318,sequence_51170,-5.599110392902725,sequence_50978,-8.571060179872774,4650.472261652305,2-1-1-1-168-5
565,sequence_32130,-5.7157882520247325,sequence_50978,-8.571060179872774,4751.103164274055,2-1-1-1-168-5
34,sequence_51016,-4.626935645431157,sequence_32117,-6.013942880307312,4800.886306122673,1-0-0-0-0-2
281,sequence_51170,-5.599110392902725,sequence_32117,-6.013942880307312,4756.2030624905055,1-0-0-0-0-2
528,sequence_32130,-5.7157882520247325,sequence_32117,-6.013942880307312,595.9663373265306,1-0-0-0-0-2
5,sequence_51016,-4.626935645431157,sequence_51149,-7.135845590862672,4755.187428518489,0-2-2-2-108-1
252,sequence_51170,-5.599110392902725,sequence_51149,-7.135845590862672,1250.515052238405,0-2-2-2-108-1
499,sequence_32130,-5.7157882520247325,sequence_51149,-7.135845590862672,4780.524022398206,0-2-2-2-108-1
164,sequence_51016,-4.626935645431157,sequence_51031,-4.656133116104559,583.3375429521145,2-1-1-1-189-0
411,sequence_51170,-5.599110392902725,sequence_51031,-4.656133116104559,4670.64886972942,2-1-1-1-189-0
658,sequence_32130,-5.7157882520247325,sequence_51031,-4.656133116104559,4819.218365157148,2-1-1-1-189-0
1,sequence_51016,-4.626935645431157,sequence_32130,-5.7157882520247325,4800.839705024439,1-0-0-0-12-2
248,sequence_51170,-5.599110392902725,sequence_32130,-5.7157882520247325,4760.316454965419,1-0-0-0-12-2
208,sequence_51016,-4.626935645431157,sequence_51057,-7.239446757304117,2580.587530391279,2-1-1-1-246-0
455,sequence_51170,-5.599110392902725,sequence_51057,-7.239446757304117,4622.6027358622105,2-1-1-1-246-0
702,sequence_32130,-5.7157882520247325,sequence_51057,-7.239446757304117,4724.326298258658,2-1-1-1-246-0
90,sequence_51016,-4.626935645431157,sequence_50996,-8.359746838659895,2534.313786263771,1-1-1-1-241-6
337,sequence_51170,-5.599110392902725,sequence_50996,-8.359746838659895,4642.295534894303,1-1-1-1-241-6
584,sequence_32130,-5.7157882520247325,sequence_50996,-8.359746838659895,4630.589393068814,1-1-1-1-241-6
98,sequence_51016,-4.626935645431157,sequence_51133,-5.587718813645618,4663.057496339984,1-2-2-2-74-7
345,sequence_51170,-5.599110392902725,sequence_51133,-5.587718813645618,2935.4654604073785,1-2-2-2-74-7
592,sequence_32130,-5.7157882520247325,sequence_51133,-5.587718813645618,4648.575275429088,1-2-2-2-74-7
109,sequence_51016,-4.626935645431157,sequence_51172,-6.315267818049118,4702.326578189943,2-2-2-2-132-1
356,sequence_51170,-5.599110392902725,sequence_51172,-6.315267818049118,490.4986319965429,2-2-2-2-132-1
603,sequence_32130,-5.7157882520247325,sequence_51172,-6.315267818049118,4786.393746389704,2-2-2-2-132-1
110,sequence_51016,-4.626935645431157,sequence_51195,-4.719117050535875,4818.65554969808,0-2-2-2-103-1
357,sequence_51170,-5.599110392902725,sequence_51195,-4.719117050535875,1739.6721481365016,0-2-2-2-103-1
604,sequence_32130,-5.7157882520247325,sequence_51195,-4.719117050535875,4830.588813215966,0-2-2-2-103-1
82,sequence_51016,-4.626935645431157,sequence_50988,-7.682347412816437,2583.1294491526883,1-1-1-1-226-6
329,sequence_51170,-5.599110392902725,sequence_50988,-7.682347412816437,4661.308339950384,1-1-1-1-226-6
576,sequence_32130,-5.7157882520247325,sequence_50988,-7.682347412816437,4722.587425870421,1-1-1-1-226-6
200,sequence_51016,-4.626935645431157,sequence_51193,-5.950238637114008,4754.308359233174,0-2-2-2-101-3
447,sequence_51170,-5.599110392902725,sequence_51193,-5.950238637114008,2048.579013671789,0-2-2-2-101-3
694,sequence_32130,-5.7157882520247325,sequence_51193,-5.950238637114008,4848.7317326322745,0-2-2-2-101-3
24,sequence_51016,-4.626935645431157,sequence_51192,-5.696734269383801,4676.702007197761,2-2-2-2-99-3
271,sequence_51170,-5.599110392902725,sequence_51192,-5.696734269383801,2878.619113112489,2-2-2-2-99-3
518,sequence_32130,-5.7157882520247325,sequence_51192,-5.696734269383801,4836.477249904038,2-2-2-2-99-3
206,sequence_51016,-4.626935645431157,sequence_51150,-7.330164570040457,4855.583105072175,0-2-2-2-111-1
453,sequence_51170,-5.599110392902725,sequence_51150,-7.330164570040457,1986.0245402376,0-2-2-2-111-1
700,sequence_32130,-5.7157882520247325,sequence_51150,-7.330164570040457,4813.299139849357,0-2-2-2-111-1
38,sequence_51016,-4.626935645431157,sequence_32127,-5.3072183078974415,4790.460519491432,1-0-0-0-16-2
285,sequence_51170,-5.599110392902725,sequence_32127,-5.3072183078974415,4777.113010758435,1-0-0-0-16-2
532,sequence_32130,-5.7157882520247325,sequence_32127,-5.3072183078974415,455.28630872043584,1-0-0-0-16-2
233,sequence_51016,-4.626935645431157,sequence_51036,-7.334007950928568,1471.1103572211807,2-1-1-1-211-0
480,sequence_51170,-5.599110392902725,sequence_51036,-7.334007950928568,4678.363235386125,2-1-1-1-211-0
727,sequence_32130,-5.7157882520247325,sequence_51036,-7.334007950928568,4855.242124073869,2-1-1-1-211-0
67,sequence_51016,-4.626935645431157,sequence_51018,-7.920386157149045,1016.3724238635068,2-1-1-1-207-0
314,sequence_51170,-5.599110392902725,sequence_51018,-7.920386157149045,4670.339144323401,2-1-1-1-207-0
561,sequence_32130,-5.7157882520247325,sequence_51018,-7.920386157149045,4767.243979712343,2-1-1-1-207-0
63,sequence_51016,-4.626935645431157,sequence_51033,-7.601809103963952,454.3775954751951,2-1-1-1-186-0
310,sequence_51170,-5.599110392902725,sequence_51033,-7.601809103963952,4655.584331036455,2-1-1-1-186-0
557,sequence_32130,-5.7157882520247325,sequence_51033,-7.601809103963952,4767.653082623588,2-1-1-1-186-0
39,sequence_51016,-4.626935645431157,sequence_32133,-6.519779039196885,4767.539589213429,1-0-0-0-15-2
286,sequence_51170,-5.599110392902725,sequence_32133,-6.519779039196885,4714.827045444551,1-0-0-0-15-2
533,sequence_32130,-5.7157882520247325,sequence_32133,-6.519779039196885,607.8804242627245,1-0-0-0-15-2
68,sequence_51016,-4.626935645431157,sequence_51015,-5.194006961724645,576.0879075807268,2-1-1-1-205-0
315,sequence_51170,-5.599110392902725,sequence_51015,-5.194006961724645,4677.633659830885,2-1-1-1-205-0
562,sequence_32130,-5.7157882520247325,sequence_51015,-5.194006961724645,4831.005309767964,2-1-1-1-205-0
236,sequence_51016,-4.626935645431157,sequence_32144,-5.565961069145386,4751.780565536654,1-0-0-0-27-2
483,sequence_51170,-5.599110392902725,sequence_32144,-5.565961069145386,4731.275248732175,1-0-0-0-27-2
730,sequence_32130,-5.7157882520247325,sequence_32144,-5.565961069145386,1547.249110807248,1-0-0-0-27-2
55,sequence_51016,-4.626935645431157,sequence_51028,-7.264425589948742,1176.0748540792547,2-1-1-1-193-0
302,sequence_51170,-5.599110392902725,sequence_51028,-7.264425589948742,4655.349162975776,2-1-1-1-193-0
549,sequence_32130,-5.7157882520247325,sequence_51028,-7.264425589948742,4796.924163088176,2-1-1-1-193-0
15,sequence_51016,-4.626935645431157,sequence_51163,-5.840652190889835,4648.144937312023,2-2-2-2-140-1
262,sequence_51170,-5.599110392902725,sequence_51163,-5.840652190889835,1342.456124459552,2-2-2-2-140-1
509,sequence_32130,-5.7157882520247325,sequence_51163,-5.840652190889835,4755.475988838986,2-2-2-2-140-1
131,sequence_51016,-4.626935645431157,sequence_51190,-8.743963500717465,4840.609855408217,1-2-2-2-98-3
378,sequence_51170,-5.599110392902725,sequence_51190,-8.743963500717465,2907.667475735847,1-2-2-2-98-3
625,sequence_32130,-5.7157882520247325,sequence_51190,-8.743963500717465,4689.142312113706,1-2-2-2-98-3
153,sequence_51016,-4.626935645431157,sequence_51029,-4.668263389644887,595.4833098768429,2-1-1-1-210-0
400,sequence_51170,-5.599110392902725,sequence_51029,-4.668263389644887,4655.5761170802325,2-1-1-1-210-0
647,sequence_32130,-5.7157882520247325,sequence_51029,-4.668263389644887,4829.947641385691,2-1-1-1-210-0
165,sequence_51016,-4.626935645431157,sequence_51020,-4.576447227967023,849.1385219886035,1-1-1-1-199-0
412,sequence_51170,-5.599110392902725,sequence_51020,-4.576447227967023,4723.979105249247,1-1-1-1-199-0
659,sequence_32130,-5.7157882520247325,sequence_51020,-4.576447227967023,4722.867336582368,1-1-1-1-199-0
166,sequence_51016,-4.626935645431157,sequence_51034,-8.187646078101817,872.9301398529839,2-1-1-1-212-0
413,sequence_51170,-5.599110392902725,sequence_51034,-8.187646078101817,4678.459182471211,2-1-1-1-212-0
660,sequence_32130,-5.7157882520247325,sequence_51034,-8.187646078101817,4857.66706031332,2-1-1-1-212-0
190,sequence_51016,-4.626935645431157,sequence_50990,-8.580398018436656,2359.6467344790617,2-1-1-1-236-6
437,sequence_51170,-5.599110392902725,sequence_50990,-8.580398018436656,4638.081505429416,2-1-1-1-236-6
684,sequence_32130,-5.7157882520247325,sequence_50990,-8.580398018436656,4866.280330438504,2-1-1-1-236-6
103,sequence_51016,-4.626935645431157,sequence_51178,-5.206388367343241,4718.582129564564,0-2-2-2-142-1
350,sequence_51170,-5.599110392902725,sequence_51178,-5.206388367343241,619.8187474901514,0-2-2-2-142-1
597,sequence_32130,-5.7157882520247325,sequence_51178,-5.206388367343241,4751.384978974381,0-2-2-2-142-1
101,sequence_51016,-4.626935645431157,sequence_51130,-5.73331703632774,4738.821275835804,0-2-2-2-82-1
348,sequence_51170,-5.599110392902725,sequence_51130,-5.73331703632774,1318.795197541036,0-2-2-2-82-1
595,sequence_32130,-5.7157882520247325,sequence_51130,-5.73331703632774,4766.942103675834,0-2-2-2-82-1
207,sequence_51016,-4.626935645431157,sequence_51022,-4.7007583685399,958.5101629579992,2-1-1-1-197-0
454,sequence_51170,-5.599110392902725,sequence_51022,-4.7007583685399,4702.529208023619,2-1-1-1-197-0
701,sequence_32130,-5.7157882520247325,sequence_51022,-4.7007583685399,4770.0577321528335,2-1-1-1-197-0
219,sequence_51016,-4.626935645431157,sequence_50977,-6.601103781309464,2550.0322909237507,2-1-1-1-169-5
466,sequence_51170,-5.599110392902725,sequence_50977,-6.601103781309464,4686.816437867803,2-1-1-1-169-5
713,sequence_32130,-5.7157882520247325,sequence_50977,-6.601103781309464,4762.309844941628,2-1-1-1-169-5
247,sequence_51170,-5.599110392902725,sequence_51016,-4.626935645431157,4681.592596140702,2-1-1-1-204-0
494,sequence_32130,-5.7157882520247325,sequence_51016,-4.626935645431157,4800.839705024439,2-1-1-1-204-0
177,sequence_51016,-4.626935645431157,sequence_50999,-5.527187128279114,2280.8729222366183,1-1-1-1-235-6
424,sequence_51170,-5.599110392902725,sequence_50999,-5.527187128279114,4662.988459767713,1-1-1-1-235-6
671,sequence_32130,-5.7157882520247325,sequence_50999,-5.527187128279114,4654.771010951788,1-1-1-1-235-6
244,sequence_51016,-4.626935645431157,sequence_51024,-4.606670807697861,1818.5414372474388,2-1-1-1-208-0
491,sequence_51170,-5.599110392902725,sequence_51024,-4.606670807697861,4636.13288077827,2-1-1-1-208-0
738,sequence_32130,-5.7157882520247325,sequence_51024,-4.606670807697861,4820.406062077876,2-1-1-1-208-0
127,sequence_51016,-4.626935645431157,sequence_51185,-5.7929627601304565,4661.120412205679,2-2-2-2-117-7
374,sequence_51170,-5.599110392902725,sequence_51185,-5.7929627601304565,2269.2192791949265,2-2-2-2-117-7
621,sequence_32130,-5.7157882520247325,sequence_51185,-5.7929627601304565,4739.79431005313,2-2-2-2-117-7
18,sequence_51016,-4.626935645431157,sequence_51171,-5.988608431336485,4643.9867338956055,2-2-2-2-130-1
265,sequence_51170,-5.599110392902725,sequence_51171,-5.988608431336485,576.0879075807268,2-2-2-2-130-1
512,sequence_32130,-5.7157882520247325,sequence_51171,-5.988608431336485,4729.700024499167,2-2-2-2-130-1
132,sequence_51016,-4.626935645431157,sequence_32134,-6.086948143042816,4789.766339802032,1-0-0-0-9-2
379,sequence_51170,-5.599110392902725,sequence_32134,-6.086948143042816,4776.416891211648,1-0-0-0-9-2
626,sequence_32130,-5.7157882520247325,sequence_32134,-6.086948143042816,455.08972159330295,1-0-0-0-9-2
204,sequence_51016,-4.626935645431157,sequence_51030,-4.598021987750988,762.1493272370514,2-1-1-1-188-0
451,sequence_51170,-5.599110392902725,sequence_51030,-4.598021987750988,4658.357672979821,2-1-1-1-188-0
698,sequence_32130,-5.7157882520247325,sequence_51030,-4.598021987750988,4798.603266501777,2-1-1-1-188-0
194,sequence_51016,-4.626935645431157,sequence_51051,-8.47377823934988,1793.2181008713162,2-1-1-1-178-0
441,sequence_51170,-5.599110392902725,sequence_51051,-8.47377823934988,4714.565011603572,2-1-1-1-178-0
688,sequence_32130,-5.7157882520247325,sequence_51051,-8.47377823934988,4795.9741052659165,2-1-1-1-178-0
212,sequence_51016,-4.626935645431157,sequence_50982,-5.477456019885743,2338.6160625493726,2-1-1-1-229-0
459,sequence_51170,-5.599110392902725,sequence_50982,-5.477456019885743,4655.6798097903065,2-1-1-1-229-0
706,sequence_32130,-5.7157882520247325,sequence_50982,-5.477456019885743,4761.052434131665,2-1-1-1-229-0
26,sequence_51016,-4.626935645431157,sequence_51151,-7.50501562302166,4824.683561388361,0-2-2-2-110-1
273,sequence_51170,-5.599110392902725,sequence_51151,-7.50501562302166,1731.8299352268746,0-2-2-2-110-1
520,sequence_32130,-5.7157882520247325,sequence_51151,-7.50501562302166,4790.366784635089,0-2-2-2-110-1
189,sequence_51016,-4.626935645431157,sequence_51001,-8.53182220350879,2469.743149839321,1-1-1-1-234-6
436,sequence_51170,-5.599110392902725,sequence_51001,-8.53182220350879,4696.326937212294,1-1-1-1-234-6
683,sequence_32130,-5.7157882520247325,sequence_51001,-8.53182220350879,4731.782038262072,1-1-1-1-234-6
217,sequence_51016,-4.626935645431157,sequence_51200,-4.040097249792159,4750.651966024906,0-2-2-2-105-1
464,sequence_51170,-5.599110392902725,sequence_51200,-4.040097249792159,1764.4818214091129,0-2-2-2-105-1
711,sequence_32130,-5.7157882520247325,sequence_51200,-4.040097249792159,4759.456971057717,0-2-2-2-105-1
123,sequence_51016,-4.626935645431157,sequence_51198,-7.041057436612152,4796.957428409436,0-2-2-2-94-7
370,sequence_51170,-5.599110392902725,sequence_51198,-7.041057436612152,2815.7670456001097,0-2-2-2-94-7
617,sequence_32130,-5.7157882520247325,sequence_51198,-7.041057436612152,4741.172149152192,0-2-2-2-94-7
226,sequence_51016,-4.626935645431157,sequence_50964,-5.326405663918352,2908.2540189402644,1-1-1-1-159-5
473,sequence_51170,-5.599110392902725,sequence_50964,-5.326405663918352,4703.084185769878,1-1-1-1-159-5
720,sequence_32130,-5.7157882520247325,sequence_50964,-5.326405663918352,4646.722910273132,1-1-1-1-159-5
239,sequence_51016,-4.626935645431157,sequence_32145,-7.251058911469951,4697.758650234337,1-0-0-0-28-2
486,sequence_51170,-5.599110392902725,sequence_32145,-7.251058911469951,4746.5605204151125,1-0-0-0-28-2
733,sequence_32130,-5.7157882520247325,sequence_32145,-7.251058911469951,1624.3998980789245,1-0-0-0-28-2
150,sequence_51016,-4.626935645431157,sequence_32138,-6.781133718515557,4761.677640934993,1-0-0-0-22-2
397,sequence_51170,-5.599110392902725,sequence_32138,-6.781133718515557,4818.559292860045,1-0-0-0-22-2
644,sequence_32130,-5.7157882520247325,sequence_32138,-6.781133718515557,775.75733347777,1-0-0-0-22-2
2,sequence_51016,-4.626935645431157,sequence_51136,-5.335352191963125,4703.197202092787,1-2-2-2-77-7
249,sequence_51170,-5.599110392902725,sequence_51136,-5.335352191963125,2994.622143275218,1-2-2-2-77-7
496,sequence_32130,-5.7157882520247325,sequence_51136,-5.335352191963125,4666.318674707983,1-2-2-2-77-7
64,sequence_51016,-4.626935645431157,sequence_51027,-8.905971381085486,1342.456124459552,2-1-1-1-192-0
311,sequence_51170,-5.599110392902725,sequence_51027,-8.905971381085486,4681.702180645416,2-1-1-1-192-0
558,sequence_32130,-5.7157882520247325,sequence_51027,-8.905971381085486,4806.07949336125,2-1-1-1-192-0
4,sequence_51016,-4.626935645431157,sequence_51140,-6.732490772637745,4662.617734218965,2-2-2-2-89-1
251,sequence_51170,-5.599110392902725,sequence_51140,-6.732490772637745,1038.952555672577,2-2-2-2-89-1
498,sequence_32130,-5.7157882520247325,sequence_51140,-6.732490772637745,4693.034647296756,2-2-2-2-89-1
37,sequence_51016,-4.626935645431157,sequence_32126,-5.968435149556656,4763.3921369698965,1-0-0-0-7-2
284,sequence_51170,-5.599110392902725,sequence_32126,-5.968435149556656,4667.183358390993,1-0-0-0-7-2
531,sequence_32130,-5.7157882520247325,sequence_32126,-5.968435149556656,1322.9305321981687,1-0-0-0-7-2
47,sequence_51016,-4.626935645431157,sequence_32128,-5.684063700869746,4792.232017499178,1-0-0-0-17-2
294,sequence_51170,-5.599110392902725,sequence_32128,-5.684063700869746,4801.884454446706,1-0-0-0-17-2
541,sequence_32130,-5.7157882520247325,sequence_32128,-5.684063700869746,705.5727637496647,1-0-0-0-17-2
172,sequence_51016,-4.626935645431157,sequence_32170,-8.156613556025587,4688.658425341062,2-0-0-0-55-4
419,sequence_51170,-5.599110392902725,sequence_32170,-8.156613556025587,4574.214245724157,2-0-0-0-55-4
666,sequence_32130,-5.7157882520247325,sequence_32170,-8.156613556025587,2898.7103683674127,2-0-0-0-55-4
210,sequence_51016,-4.626935645431157,sequence_51055,-6.073930941831184,2180.612023492572,2-1-1-1-245-0
457,sequence_51170,-5.599110392902725,sequence_51055,-6.073930941831184,4659.428881276364,2-1-1-1-245-0
704,sequence_32130,-5.7157882520247325,sequence_51055,-6.073930941831184,4816.611853532853,2-1-1-1-245-0
70,sequence_51016,-4.626935645431157,sequence_32112,-8.51762382755167,4706.868053347578,1-0-0-0-34-4
317,sequence_51170,-5.599110392902725,sequence_32112,-8.51762382755167,4779.428209099685,1-0-0-0-34-4
564,sequence_32130,-5.7157882520247325,sequence_32112,-8.51762382755167,2529.65793991211,1-0-0-0-34-4
89,sequence_51016,-4.626935645431157,sequence_50969,-7.993460215889013,2360.171459795388,2-1-1-1-162-0
336,sequence_51170,-5.599110392902725,sequence_50969,-7.993460215889013,4626.075950786073,2-1-1-1-162-0
583,sequence_32130,-5.7157882520247325,sequence_50969,-7.993460215889013,4782.428290704437,2-1-1-1-162-0
128,sequence_51016,-4.626935645431157,sequence_51128,-7.354080449503878,4769.442817359613,1-2-2-2-80-7
375,sequence_51170,-5.599110392902725,sequence_51128,-7.354080449503878,2299.1101626920945,1-2-2-2-80-7
622,sequence_32130,-5.7157882520247325,sequence_51128,-7.354080449503878,4666.767982360009,1-2-2-2-80-7
147,sequence_51016,-4.626935645431157,sequence_50974,-4.78760150401719,3013.91370844632,2-1-1-1-154-5
394,sequence_51170,-5.599110392902725,sequence_50974,-4.78760150401719,4706.333499487911,2-1-1-1-154-5
641,sequence_32130,-5.7157882520247325,sequence_50974,-4.78760150401719,4842.047263294506,2-1-1-1-154-5
159,sequence_51016,-4.626935645431157,sequence_51010,-5.965483650327768,775.75733347777,2-1-1-1-191-0
406,sequence_51170,-5.599110392902725,sequence_51010,-5.965483650327768,4706.893543199538,2-1-1-1-191-0
653,sequence_32130,-5.7157882520247325,sequence_51010,-5.965483650327768,4810.291894315539,2-1-1-1-191-0
224,sequence_51016,-4.626935645431157,sequence_50971,-6.926741159901643,2110.022412232349,1-1-1-1-165-0
471,sequence_51170,-5.599110392902725,sequence_50971,-6.926741159901643,4699.039927218667,1-1-1-1-165-0
718,sequence_32130,-5.7157882520247325,sequence_50971,-6.926741159901643,4702.983798549951,1-1-1-1-165-0
19,sequence_51016,-4.626935645431157,sequence_51182,-5.384437728556348,4831.418154956436,0-2-2-2-150-1
266,sequence_51170,-5.599110392902725,sequence_51182,-5.384437728556348,2072.912249987085,0-2-2-2-150-1
513,sequence_32130,-5.7157882520247325,sequence_51182,-5.384437728556348,4827.1504940118175,0-2-2-2-150-1
81,sequence_51016,-4.626935645431157,sequence_51052,-7.931613379354088,2518.261398921762,2-1-1-1-222-5
328,sequence_51170,-5.599110392902725,sequence_51052,-7.931613379354088,4616.451522725751,2-1-1-1-222-5
575,sequence_32130,-5.7157882520247325,sequence_51052,-7.931613379354088,4795.302952638915,2-1-1-1-222-5
173,sequence_51016,-4.626935645431157,sequence_32166,-7.342049413024209,4750.431694251007,1-0-0-0-51-4
420,sequence_51170,-5.599110392902725,sequence_32166,-7.342049413024209,4657.458102456595,1-0-0-0-51-4
667,sequence_32130,-5.7157882520247325,sequence_32166,-7.342049413024209,2756.805139914784,1-0-0-0-51-4
111,sequence_51016,-4.626935645431157,sequence_51152,-6.5750272986407685,4689.851281602715,2-2-2-2-119-1
358,sequence_51170,-5.599110392902725,sequence_51152,-6.5750272986407685,1153.348202115411,2-2-2-2-119-1
605,sequence_32130,-5.7157882520247325,sequence_51152,-6.5750272986407685,4707.39248049347,2-2-2-2-119-1
22,sequence_51016,-4.626935645431157,sequence_51196,-7.3141295128133885,4715.217605496951,1-2-2-2-92-3
269,sequence_51170,-5.599110392902725,sequence_51196,-7.3141295128133885,2649.0034220369894,1-2-2-2-92-3
516,sequence_32130,-5.7157882520247325,sequence_51196,-7.3141295128133885,4699.284962938358,1-2-2-2-92-3
102,sequence_51016,-4.626935645431157,sequence_51186,-5.749568986531335,4697.386545886176,2-2-2-2-118-1
349,sequence_51170,-5.599110392902725,sequence_51186,-5.749568986531335,1071.2084487811978,2-2-2-2-118-1
596,sequence_32130,-5.7157882520247325,sequence_51186,-5.749568986531335,4740.29246287984,2-2-2-2-118-1
31,sequence_51016,-4.626935645431157,sequence_51137,-8.113936450186205,4848.9329431328,0-2-2-2-78-7
278,sequence_51170,-5.599110392902725,sequence_51137,-8.113936450186205,2523.980084419776,0-2-2-2-78-7
525,sequence_32130,-5.7157882520247325,sequence_51137,-8.113936450186205,4755.158773816051,0-2-2-2-78-7
186,sequence_51016,-4.626935645431157,sequence_51040,-5.1778216658610186,2464.427071171375,2-1-1-1-216-0
433,sequence_51170,-5.599110392902725,sequence_51040,-5.1778216658610186,4608.827227379329,2-1-1-1-216-0
680,sequence_32130,-5.7157882520247325,sequence_51040,-5.1778216658610186,4757.042366340069,2-1-1-1-216-0
46,sequence_51016,-4.626935645431157,sequence_32125,-8.764202037648419,4808.428711128522,1-0-0-0-8-2
293,sequence_51170,-5.599110392902725,sequence_32125,-8.764202037648419,4679.585400172584,1-0-0-0-8-2
540,sequence_32130,-5.7157882520247325,sequence_32125,-8.764202037648419,1262.0013076013672,1-0-0-0-8-2
232,sequence_51016,-4.626935645431157,sequence_51201,-6.724658769791372,4667.461459143908,2-2-2-2-106-1
479,sequence_51170,-5.599110392902725,sequence_51201,-6.724658769791372,1420.3558161057038,2-2-2-2-106-1
726,sequence_32130,-5.7157882520247325,sequence_51201,-6.724658769791372,4791.457097738308,2-2-2-2-106-1
237,sequence_51016,-4.626935645431157,sequence_51139,-6.942655461209572,4642.594975501934,1-2-2-2-86-1
484,sequence_51170,-5.599110392902725,sequence_51139,-6.942655461209572,1924.7911148791109,1-2-2-2-86-1
731,sequence_32130,-5.7157882520247325,sequence_51139,-6.942655461209572,4585.291541289417,1-2-2-2-86-1
8,sequence_51016,-4.626935645431157,sequence_51175,-5.0920670419749925,4631.210937148894,1-2-2-2-138-1
255,sequence_51170,-5.599110392902725,sequence_51175,-5.0920670419749925,1144.167053468164,1-2-2-2-138-1
502,sequence_32130,-5.7157882520247325,sequence_51175,-5.0920670419749925,4700.2207420288105,1-2-2-2-138-1
196,sequence_51016,-4.626935645431157,sequence_32155,-8.338521820335119,4753.28527282845,1-0-0-0-68-4
443,sequence_51170,-5.599110392902725,sequence_32155,-8.338521820335119,4703.142300266502,1-0-0-0-68-4
690,sequence_32130,-5.7157882520247325,sequence_32155,-8.338521820335119,2511.9131998748826,1-0-0-0-68-4
32,sequence_51016,-4.626935645431157,sequence_32151,-7.450035379594821,4732.069514041053,1-0-0-0-62-2
279,sequence_51170,-5.599110392902725,sequence_32151,-7.450035379594821,4739.923631193498,1-0-0-0-62-2
526,sequence_32130,-5.7157882520247325,sequence_32151,-7.450035379594821,1038.952555672577,1-0-0-0-62-2
152,sequence_51016,-4.626935645431157,sequence_51050,-4.353862895527104,596.3969869189398,2-1-1-1-177-0
399,sequence_51170,-5.599110392902725,sequence_51050,-4.353862895527104,4696.147214240664,2-1-1-1-177-0
646,sequence_32130,-5.7157882520247325,sequence_51050,-4.353862895527104,4747.084600579072,2-1-1-1-177-0
199,sequence_51016,-4.626935645431157,sequence_32157,-7.7422371130498195,4725.745249874682,0-0-0-0-71-4
446,sequence_51170,-5.599110392902725,sequence_32157,-7.7422371130498195,4668.358933082624,0-0-0-0-71-4
693,sequence_32130,-5.7157882520247325,sequence_32157,-7.7422371130498195,2628.0381884146964,0-0-0-0-71-4
137,sequence_51016,-4.626935645431157,sequence_32137,-6.099982560129262,4725.111225518302,0-0-0-0-18-2
384,sequence_51170,-5.599110392902725,sequence_32137,-6.099982560129262,4665.434974267083,0-0-0-0-18-2
631,sequence_32130,-5.7157882520247325,sequence_32137,-6.099982560129262,1193.3522735901583,0-0-0-0-18-2
222,sequence_51016,-4.626935645431157,sequence_51143,-5.813377959587455,4654.206997495269,2-2-2-2-91-1
469,sequence_51170,-5.599110392902725,sequence_51143,-5.813377959587455,2285.987619844318,2-2-2-2-91-1
716,sequence_32130,-5.7157882520247325,sequence_51143,-5.813377959587455,4732.475638745185,2-2-2-2-91-1
162,sequence_51016,-4.626935645431157,sequence_51043,-5.997333168034557,1153.348202115411,1-1-1-1-220-0
409,sequence_51170,-5.599110392902725,sequence_51043,-5.997333168034557,4659.4374559778935,1-1-1-1-220-0
656,sequence_32130,-5.7157882520247325,sequence_51043,-5.997333168034557,4680.130029409582,1-1-1-1-220-0
93,sequence_51016,-4.626935645431157,sequence_51053,-7.141996997362572,2846.0241614108954,0-1-1-1-223-5
340,sequence_51170,-5.599110392902725,sequence_51053,-7.141996997362572,4581.204679087009,0-1-1-1-223-5
587,sequence_32130,-5.7157882520247325,sequence_51053,-7.141996997362572,4713.401369286247,0-1-1-1-223-5
21,sequence_51016,-4.626935645431157,sequence_51138,-5.893746696133273,4707.288530252917,0-2-2-2-87-7
268,sequence_51170,-5.599110392902725,sequence_51138,-5.893746696133273,2482.9452288887387,0-2-2-2-87-7
515,sequence_32130,-5.7157882520247325,sequence_51138,-5.893746696133273,4730.3300509359,0-2-2-2-87-7
144,sequence_51016,-4.626935645431157,sequence_32121,-6.578239299103505,4812.457978003175,1-0-0-0-4-2
391,sequence_51170,-5.599110392902725,sequence_32121,-6.578239299103505,4783.090435645739,1-0-0-0-4-2
638,sequence_32130,-5.7157882520247325,sequence_32121,-6.578239299103505,595.4833098768429,1-0-0-0-4-2
44,sequence_51016,-4.626935645431157,sequence_32119,-5.975586824902201,4816.9064708439,1-0-0-0-26-2
291,sequence_51170,-5.599110392902725,sequence_32119,-5.975586824902201,4782.205455674587,1-0-0-0-26-2
538,sequence_32130,-5.7157882520247325,sequence_32119,-5.975586824902201,796.9897200633519,1-0-0-0-26-2
143,sequence_51016,-4.626935645431157,sequence_32109,-8.8749984685552,4864.33411467067,1-0-0-0-31-2
390,sequence_51170,-5.599110392902725,sequence_32109,-8.8749984685552,4781.983031990012,1-0-0-0-31-2
637,sequence_32130,-5.7157882520247325,sequence_32109,-8.8749984685552,596.3969869189398,1-0-0-0-31-2
129,sequence_51016,-4.626935645431157,sequence_51134,-7.793345450173909,4685.890995820511,2-2-2-2-75-7
376,sequence_51170,-5.599110392902725,sequence_51134,-7.793345450173909,2392.3836928650994,2-2-2-2-75-7
623,sequence_32130,-5.7157882520247325,sequence_51134,-7.793345450173909,4736.553912761935,2-2-2-2-75-7
213,sequence_51016,-4.626935645431157,sequence_51132,-4.340049860624873,4684.816847264458,1-2-2-2-85-7
460,sequence_51170,-5.599110392902725,sequence_51132,-4.340049860624873,3322.050099185812,1-2-2-2-85-7
707,sequence_32130,-5.7157882520247325,sequence_51132,-4.340049860624873,4645.221548118901,1-2-2-2-85-7
235,sequence_51016,-4.626935645431157,sequence_32161,-6.390606369080943,4638.591644140711,2-0-0-0-67-2
482,sequence_51170,-5.599110392902725,sequence_32161,-6.390606369080943,4769.548190868406,2-0-0-0-67-2
729,sequence_32130,-5.7157882520247325,sequence_32161,-6.390606369080943,1697.3024401660066,2-0-0-0-67-2
145,sequence_51016,-4.626935645431157,sequence_32140,-8.622125342490829,4817.056577833483,1-0-0-0-25-2
392,sequence_51170,-5.599110392902725,sequence_32140,-8.622125342490829,4659.313161090712,1-0-0-0-25-2
639,sequence_32130,-5.7157882520247325,sequence_32140,-8.622125342490829,1357.231116973734,1-0-0-0-25-2
33,sequence_51016,-4.626935645431157,sequence_32148,-6.566272408536558,4763.776627564544,1-0-0-0-39-2
280,sequence_51170,-5.599110392902725,sequence_32148,-6.566272408536558,4727.055433465897,1-0-0-0-39-2
527,sequence_32130,-5.7157882520247325,sequence_32148,-6.566272408536558,1250.515052238405,1-0-0-0-39-2
65,sequence_51016,-4.626935645431157,sequence_51023,-4.593912239723845,766.0707899620178,2-1-1-1-196-0
312,sequence_51170,-5.599110392902725,sequence_51023,-4.593912239723845,4706.467203006073,2-1-1-1-196-0
559,sequence_32130,-5.7157882520247325,sequence_51023,-4.593912239723845,4739.504229178819,2-1-1-1-196-0
77,sequence_51016,-4.626935645431157,sequence_32152,-7.840763601366848,4608.319629580633,2-0-0-0-64-4
324,sequence_51170,-5.599110392902725,sequence_32152,-7.840763601366848,4584.033167409093,2-0-0-0-64-4
571,sequence_32130,-5.7157882520247325,sequence_32152,-7.840763601366848,2818.526767764216,2-0-0-0-64-4
174,sequence_51016,-4.626935645431157,sequence_32179,-7.381695972507586,4682.164350007124,2-0-0-0-43-4
421,sequence_51170,-5.599110392902725,sequence_32179,-7.381695972507586,4547.893796473953,2-0-0-0-43-4
668,sequence_32130,-5.7157882520247325,sequence_32179,-7.381695972507586,2916.300716821413,2-0-0-0-43-4
95,sequence_51016,-4.626935645431157,sequence_32116,-7.723165366142718,4752.095373829554,0-0-0-0-37-2
342,sequence_51170,-5.599110392902725,sequence_32116,-7.723165366142718,4590.087010332735,0-0-0-0-37-2
589,sequence_32130,-5.7157882520247325,sequence_32116,-7.723165366142718,2291.5936017334684,0-0-0-0-37-2
178,sequence_51016,-4.626935645431157,sequence_50961,-7.602871394879726,2514.4804828820265,2-1-1-1-156-5
425,sequence_51170,-5.599110392902725,sequence_50961,-7.602871394879726,4796.64813882858,2-1-1-1-156-5
672,sequence_32130,-5.7157882520247325,sequence_50961,-7.602871394879726,4771.815684399166,2-1-1-1-156-5
56,sequence_51016,-4.626935645431157,sequence_51025,-5.7112769943557415,1262.0013076013672,2-1-1-1-209-0
303,sequence_51170,-5.599110392902725,sequence_51025,-5.7112769943557415,4666.986207151484,2-1-1-1-209-0
550,sequence_32130,-5.7157882520247325,sequence_51025,-5.7112769943557415,4841.530387085943,2-1-1-1-209-0
139,sequence_51016,-4.626935645431157,sequence_32143,-6.164881645817131,4819.336368329582,1-0-0-0-1-2
386,sequence_51170,-5.599110392902725,sequence_32143,-6.164881645817131,4762.898263794651,1-0-0-0-1-2
633,sequence_32130,-5.7157882520247325,sequence_32143,-6.164881645817131,838.3505316531505,1-0-0-0-1-2
69,sequence_51016,-4.626935645431157,sequence_50973,-6.794567628611167,2773.0428574331613,2-1-1-1-152-5
316,sequence_51170,-5.599110392902725,sequence_50973,-6.794567628611167,4687.191632382037,2-1-1-1-152-5
563,sequence_32130,-5.7157882520247325,sequence_50973,-6.794567628611167,4762.212959399524,2-1-1-1-152-5
41,sequence_51016,-4.626935645431157,sequence_32174,-6.886395745117742,4737.676313338902,1-0-0-0-41-2
288,sequence_51170,-5.599110392902725,sequence_32174,-6.886395745117742,4699.292752763577,1-0-0-0-41-2
535,sequence_32130,-5.7157882520247325,sequence_32174,-6.886395745117742,991.6009319108316,1-0-0-0-41-2
83,sequence_51016,-4.626935645431157,sequence_32158,-7.7252366227309155,4676.292611105635,2-0-0-0-72-4
330,sequence_51170,-5.599110392902725,sequence_32158,-7.7252366227309155,4651.670406558824,2-0-0-0-72-4
577,sequence_32130,-5.7157882520247325,sequence_32158,-7.7252366227309155,2793.6121896772124,2-0-0-0-72-4
86,sequence_51016,-4.626935645431157,sequence_32181,-7.379938210822062,4648.006566391371,2-0-0-0-58-4
333,sequence_51170,-5.599110392902725,sequence_32181,-7.379938210822062,4507.482390187097,2-0-0-0-58-4
580,sequence_32130,-5.7157882520247325,sequence_32181,-7.379938210822062,2693.8490780454536,2-0-0-0-58-4
91,sequence_51016,-4.626935645431157,sequence_50989,-5.202960772973575,2290.2551216444426,1-1-1-1-228-6
338,sequence_51170,-5.599110392902725,sequence_50989,-5.202960772973575,4719.630055892461,1-1-1-1-228-6
585,sequence_32130,-5.7157882520247325,sequence_50989,-5.202960772973575,4687.073754842253,1-1-1-1-228-6
121,sequence_51016,-4.626935645431157,sequence_51179,-6.743875944193901,4619.516053183394,1-2-2-2-146-7
368,sequence_51170,-5.599110392902725,sequence_51179,-6.743875944193901,2429.076580918714,1-2-2-2-146-7
615,sequence_32130,-5.7157882520247325,sequence_51179,-6.743875944193901,4712.413392485734,1-2-2-2-146-7
169,sequence_51016,-4.626935645431157,sequence_32169,-6.044258470366566,4645.920286497052,0-0-0-0-54-4
416,sequence_51170,-5.599110392902725,sequence_32169,-6.044258470366566,4576.626279544613,0-0-0-0-54-4
663,sequence_32130,-5.7157882520247325,sequence_32169,-6.044258470366566,3014.723673511702,0-0-0-0-54-4
115,sequence_51016,-4.626935645431157,sequence_51156,-6.2249740524313975,4650.61231395734,2-2-2-2-122-1
362,sequence_51170,-5.599110392902725,sequence_51156,-6.2249740524313975,872.9301398529839,2-2-2-2-122-1
609,sequence_32130,-5.7157882520247325,sequence_51156,-6.2249740524313975,4770.402308217772,2-2-2-2-122-1
170,sequence_51016,-4.626935645431157,sequence_51000,-7.071213324987105,2844.4818136238614,1-1-1-1-233-6
417,sequence_51170,-5.599110392902725,sequence_51000,-7.071213324987105,4662.60190508782,1-1-1-1-233-6
664,sequence_32130,-5.7157882520247325,sequence_51000,-7.071213324987105,4709.193248761209,1-1-1-1-233-6
114,sequence_51016,-4.626935645431157,sequence_51166,-7.112515562930268,4703.070679832297,2-2-2-2-135-1
361,sequence_51170,-5.599110392902725,sequence_51166,-7.112515562930268,849.1385219886035,2-2-2-2-135-1
608,sequence_32130,-5.7157882520247325,sequence_51166,-7.112515562930268,4782.895659292508,2-2-2-2-135-1
51,sequence_51016,-4.626935645431157,sequence_50970,-4.986009935777647,991.6009319108318,2-1-1-1-166-0
298,sequence_51170,-5.599110392902725,sequence_50970,-4.986009935777647,4704.895982485331,2-1-1-1-166-0
545,sequence_32130,-5.7157882520247325,sequence_50970,-4.986009935777647,4809.781879404505,2-1-1-1-166-0
167,sequence_51016,-4.626935645431157,sequence_51007,-4.692446891809938,970.62694124831,2-1-1-1-181-0
414,sequence_51170,-5.599110392902725,sequence_51007,-4.692446891809938,4698.588245906002,2-1-1-1-181-0
661,sequence_32130,-5.7157882520247325,sequence_51007,-4.692446891809938,4767.450197218211,2-1-1-1-181-0
25,sequence_51016,-4.626935645431157,sequence_51147,-8.583544794452564,4717.139955424195,1-2-2-2-114-3
272,sequence_51170,-5.599110392902725,sequence_51147,-8.583544794452564,2646.471829368539,1-2-2-2-114-3
519,sequence_32130,-5.7157882520247325,sequence_51147,-8.583544794452564,4659.204288561686,1-2-2-2-114-3
125,sequence_51016,-4.626935645431157,sequence_51184,-7.972632247347034,4736.608956932419,1-2-2-2-116-1
372,sequence_51170,-5.599110392902725,sequence_51184,-7.972632247347034,2067.5687137421,1-2-2-2-116-1
619,sequence_32130,-5.7157882520247325,sequence_51184,-7.972632247347034,4654.923416839328,1-2-2-2-116-1
23,sequence_51016,-4.626935645431157,sequence_51202,-6.673839708394163,4692.533244715406,0-2-2-2-107-1
270,sequence_51170,-5.599110392902725,sequence_51202,-6.673839708394163,2479.3559782820903,0-2-2-2-107-1
517,sequence_32130,-5.7157882520247325,sequence_51202,-6.673839708394163,4756.458037142947,0-2-2-2-107-1
134,sequence_51016,-4.626935645431157,sequence_32110,-6.435581273863229,4760.456995127139,1-0-0-0-32-2
381,sequence_51170,-5.599110392902725,sequence_32110,-6.435581273863229,4739.225517744709,1-0-0-0-32-2
628,sequence_32130,-5.7157882520247325,sequence_32110,-6.435581273863229,1071.2084487811978,1-0-0-0-32-2
42,sequence_51016,-4.626935645431157,sequence_32114,-8.025415659124889,4796.496371517293,1-0-0-0-35-2
289,sequence_51170,-5.599110392902725,sequence_32114,-8.025415659124889,4767.291435342374,1-0-0-0-35-2
536,sequence_32130,-5.7157882520247325,sequence_32114,-8.025415659124889,1208.3798639538272,1-0-0-0-35-2
141,sequence_51016,-4.626935645431157,sequence_32135,-5.605247469738862,4776.107503211373,1-0-0-0-10-2
388,sequence_51170,-5.599110392902725,sequence_32135,-5.605247469738862,4793.1624538869,1-0-0-0-10-2
635,sequence_32130,-5.7157882520247325,sequence_32135,-5.605247469738862,612.3798608027782,1-0-0-0-10-2
149,sequence_51016,-4.626935645431157,sequence_32146,-7.807595902051432,4803.571353635157,1-0-0-0-29-2
396,sequence_51170,-5.599110392902725,sequence_32146,-7.807595902051432,4780.552792252134,1-0-0-0-29-2
643,sequence_32130,-5.7157882520247325,sequence_32146,-7.807595902051432,550.3672592333323,1-0-0-0-29-2
193,sequence_51016,-4.626935645431157,sequence_32111,-7.720394486348803,4715.929621042467,1-0-0-0-33-2
440,sequence_51170,-5.599110392902725,sequence_32111,-7.720394486348803,4733.80313621913,1-0-0-0-33-2
687,sequence_32130,-5.7157882520247325,sequence_32111,-7.720394486348803,2117.965773637537,1-0-0-0-33-2
216,sequence_51016,-4.626935645431157,sequence_50968,-6.107021603142809,1985.512947300095,2-1-1-1-163-0
463,sequence_51170,-5.599110392902725,sequence_50968,-6.107021603142809,4692.250903775117,2-1-1-1-163-0
710,sequence_32130,-5.7157882520247325,sequence_50968,-6.107021603142809,4739.866848838072,2-1-1-1-163-0
195,sequence_51016,-4.626935645431157,sequence_50975,-8.356998357359751,2550.1132845795987,1-1-1-1-153-6
442,sequence_51170,-5.599110392902725,sequence_50975,-8.356998357359751,4790.488237996954,1-1-1-1-153-6
689,sequence_32130,-5.7157882520247325,sequence_50975,-8.356998357359751,4715.559361327917,1-1-1-1-153-6
135,sequence_51016,-4.626935645431157,sequence_32120,-5.463833086780952,4815.512289005808,1-0-0-0-3-2
382,sequence_51170,-5.599110392902725,sequence_32120,-5.463833086780952,4771.1038793469215,1-0-0-0-3-2
629,sequence_32130,-5.7157882520247325,sequence_32120,-5.463833086780952,619.8187474901514,1-0-0-0-3-2
49,sequence_51016,-4.626935645431157,sequence_32132,-7.1048508816280265,4789.897110469336,1-0-0-0-13-2
296,sequence_51170,-5.599110392902725,sequence_32132,-7.1048508816280265,4666.931503936676,1-0-0-0-13-2
543,sequence_32130,-5.7157882520247325,sequence_32132,-7.1048508816280265,1162.416400343629,1-0-0-0-13-2
74,sequence_51016,-4.626935645431157,sequence_50972,-7.588913722504616,2749.5583878952416,2-1-1-1-151-6
321,sequence_51170,-5.599110392902725,sequence_50972,-7.588913722504616,4700.431962185327,2-1-1-1-151-6
568,sequence_32130,-5.7157882520247325,sequence_50972,-7.588913722504616,4860.463707008635,2-1-1-1-151-6
220,sequence_51016,-4.626935645431157,sequence_51039,-4.871173881568278,2124.3116232753823,1-1-1-1-215-0
467,sequence_51170,-5.599110392902725,sequence_51039,-4.871173881568278,4659.05875201328,1-1-1-1-215-0
714,sequence_32130,-5.7157882520247325,sequence_51039,-4.871173881568278,4706.802039871965,1-1-1-1-215-0
52,sequence_51016,-4.626935645431157,sequence_51045,-6.269934534978312,1208.3798639538272,2-1-1-1-174-0
299,sequence_51170,-5.599110392902725,sequence_51045,-6.269934534978312,4724.353117166032,2-1-1-1-174-0
546,sequence_32130,-5.7157882520247325,sequence_51045,-6.269934534978312,4776.616849609572,2-1-1-1-174-0
168,sequence_51016,-4.626935645431157,sequence_51026,-5.036439269942528,448.44521236265865,2-1-1-1-194-0
415,sequence_51170,-5.599110392902725,sequence_51026,-5.036439269942528,4671.06900822041,2-1-1-1-194-0
662,sequence_32130,-5.7157882520247325,sequence_51026,-5.036439269942528,4807.132932103791,2-1-1-1-194-0
108,sequence_51016,-4.626935645431157,sequence_51162,-5.483585000857007,4694.231219302621,2-2-2-2-126-1
355,sequence_51170,-5.599110392902725,sequence_51162,-5.483585000857007,746.3785149762351,2-2-2-2-126-1
602,sequence_32130,-5.7157882520247325,sequence_51162,-5.483585000857007,4720.7898955604005,2-2-2-2-126-1
202,sequence_51016,-4.626935645431157,sequence_50994,-8.261822655555044,2178.271338665604,2-1-1-1-240-6
449,sequence_51170,-5.599110392902725,sequence_50994,-8.261822655555044,4661.769627824744,2-1-1-1-240-6
696,sequence_32130,-5.7157882520247325,sequence_50994,-8.261822655555044,4892.572036929196,2-1-1-1-240-6
50,sequence_51016,-4.626935645431157,sequence_32167,-8.28781536491833,4708.802309033669,0-0-0-0-52-4
297,sequence_51170,-5.599110392902725,sequence_32167,-8.28781536491833,4550.967468087079,0-0-0-0-52-4
544,sequence_32130,-5.7157882520247325,sequence_32167,-8.28781536491833,3120.4614429835106,0-0-0-0-52-4
225,sequence_51016,-4.626935645431157,sequence_51047,-5.339031826467012,1991.9716385306144,1-1-1-1-173-0
472,sequence_51170,-5.599110392902725,sequence_51047,-5.339031826467012,4692.884052483368,1-1-1-1-173-0
719,sequence_32130,-5.7157882520247325,sequence_51047,-5.339031826467012,4659.319601636108,1-1-1-1-173-0
