id_seq1,target_seq1,id_seq2,target_seq2,distance
sequence_47787,5.0,sequence_47684,23.0,87.6259
sequence_47787,5.0,sequence_47789,10.0,41.90859999999999
sequence_47787,5.0,sequence_47790,9.0,57.4833
sequence_47787,5.0,sequence_47781,12.0,91.2214
sequence_47787,5.0,sequence_47777,11.0,85.28020000000001
sequence_47787,5.0,sequence_47779,11.0,85.28020000000001
sequence_47787,5.0,sequence_47784,21.0,128.1807
sequence_47787,5.0,sequence_47786,18.0,83.9591
sequence_47787,5.0,sequence_47782,17.0,83.9591
sequence_47787,5.0,sequence_47772,12.0,38.0043
sequence_47787,5.0,sequence_47795,7.0,90.1764
sequence_47787,5.0,sequence_47776,9.0,181.0343
sequence_47787,5.0,sequence_47685,24.0,93.3753
sequence_47787,5.0,sequence_47679,44.0,172.9061
sequence_47787,5.0,sequence_47695,52.0,88.5194
sequence_47787,5.0,sequence_47710,43.0,125.6302
sequence_47787,5.0,sequence_47686,22.0,129.53449999999998
sequence_47787,5.0,sequence_47778,26.0,127.1888
sequence_47787,5.0,sequence_47780,23.0,127.18879999999999
sequence_47787,5.0,sequence_47785,25.0,96.01919999999998
sequence_47787,5.0,sequence_47803,12.0,42.802099999999996
sequence_47787,5.0,sequence_47663,36.0,188.8274
sequence_47787,5.0,sequence_47757,36.0,183.078
sequence_47787,5.0,sequence_47783,24.5,282.4833
sequence_47787,5.0,sequence_47796,20.0,154.49439999999998
sequence_47787,5.0,sequence_47750,25.0,92.9016
sequence_47787,5.0,sequence_47760,26.0,318.63570000000004
sequence_47787,5.0,sequence_47773,19.0,79.9129
sequence_47787,5.0,sequence_47768,17.0,123.28450000000001
sequence_47787,5.0,sequence_47771,18.0,54.110600000000005
sequence_47787,5.0,sequence_47681,44.0,178.65550000000002
sequence_47787,5.0,sequence_47696,47.0,94.2688
sequence_47787,5.0,sequence_47680,73.0,321.8773
sequence_47787,5.0,sequence_47673,65.5,210.9104
sequence_47787,5.0,sequence_47700,65.0,496.97040000000004
sequence_47787,5.0,sequence_47689,52.0,216.70010000000002
sequence_47787,5.0,sequence_47683,75.0,363.78589999999997
sequence_47787,5.0,sequence_47697,55.5,130.428
sequence_47787,5.0,sequence_47678,37.0,167.53879999999998
sequence_47787,5.0,sequence_47682,53.0,214.81470000000002
sequence_47787,5.0,sequence_47724,48.0,248.37470000000002
sequence_47787,5.0,sequence_47806,73.0,451.2531
sequence_47787,5.0,sequence_47807,42.0,296.5325
sequence_47787,5.0,sequence_47804,23.0,122.33290000000001
sequence_47787,5.0,sequence_47800,20.0,134.02349999999998
sequence_47787,5.0,sequence_47799,24.0,128.08229999999998
sequence_47787,5.0,sequence_47664,32.0,194.5768
sequence_47787,5.0,sequence_47666,69.0,369.86170000000004
sequence_47787,5.0,sequence_47671,36.0,263.9425
sequence_47787,5.0,sequence_47727,45.0,320.4876
sequence_47787,5.0,sequence_47756,37.0,337.38059999999996
sequence_47787,5.0,sequence_47775,23.0,463.5176
sequence_47787,5.0,sequence_47730,35.0,192.49869999999999
sequence_47787,5.0,sequence_47758,22.0,209.39170000000001
sequence_47787,5.0,sequence_47797,27.0,276.7339
sequence_47787,5.0,sequence_47798,23.0,180.80809999999997
sequence_47787,5.0,sequence_47751,34.0,98.651
sequence_47787,5.0,sequence_47741,102.0,178.1818
sequence_47787,5.0,sequence_47743,63.0,327.153
sequence_47787,5.0,sequence_47752,67.0,159.4162
sequence_47787,5.0,sequence_47745,83.0,336.8067
sequence_47787,5.0,sequence_47747,72.0,347.69679999999994
sequence_47787,5.0,sequence_47748,79.0,364.1123
sequence_47787,5.0,sequence_47749,81.0,290.0422
sequence_47787,5.0,sequence_47744,69.0,314.1368
sequence_47787,5.0,sequence_47721,40.0,127.33789999999999
sequence_47787,5.0,sequence_47759,36.0,126.44439999999999
sequence_47787,5.0,sequence_47774,21.0,159.4437
sequence_47787,5.0,sequence_47770,25.0,301.14809999999994
sequence_47787,5.0,sequence_47713,51.0,199.5261
sequence_47787,5.0,sequence_47738,55.0,178.1818
sequence_47787,5.0,sequence_47769,25.0,165.19310000000002
sequence_47787,5.0,sequence_47702,69.0,502.7198
sequence_47787,5.0,sequence_47672,76.0,184.5967
sequence_47787,5.0,sequence_47705,71.0,321.6855
sequence_47787,5.0,sequence_47694,51.0,259.40880000000004
sequence_47787,5.0,sequence_47691,40.0,173.7996
sequence_47787,5.0,sequence_47701,63.0,645.9416
sequence_47787,5.0,sequence_47706,77.0,514.6022
sequence_47787,5.0,sequence_47675,57.0,433.6425
sequence_47787,5.0,sequence_47698,56.0,173.7996
sequence_47787,5.0,sequence_47688,90.0,264.35810000000004
sequence_47787,5.0,sequence_47704,98.0,687.8502
sequence_47787,5.0,sequence_47708,111.0,556.5108
sequence_47787,5.0,sequence_47709,119.0,401.79019999999997
sequence_47787,5.0,sequence_47677,103.0,401.79019999999997
sequence_47787,5.0,sequence_47692,87.5,209.9588
sequence_47787,5.0,sequence_47703,95.0,538.879
sequence_47787,5.0,sequence_47707,79.0,407.5396
sequence_47787,5.0,sequence_47762,127.0,479.8367
sequence_47787,5.0,sequence_47765,118.0,622.8667
sequence_47787,5.0,sequence_47767,105.0,534.4347
sequence_47787,5.0,sequence_47812,121.0,468.14610000000005
sequence_47787,5.0,sequence_47761,120.0,473.8955
sequence_47787,5.0,sequence_47764,118.0,489.4904
sequence_47787,5.0,sequence_47763,122.0,506.6286
sequence_47787,5.0,sequence_47699,62.0,209.9588
sequence_47787,5.0,sequence_47687,92.0,214.38709999999998
sequence_47787,5.0,sequence_47693,64.0,364.6794
sequence_47787,5.0,sequence_47690,63.0,258.6087
sequence_47787,5.0,sequence_47712,49.0,215.71269999999998
sequence_47787,5.0,sequence_47714,51.0,198.5745
sequence_47787,5.0,sequence_47725,57.0,243.5188
sequence_47787,5.0,sequence_47669,32.0,307.2355
sequence_47787,5.0,sequence_47668,48.0,344.34630000000004
sequence_47787,5.0,sequence_47670,97.0,244.2717
sequence_47787,5.0,sequence_47665,50.0,242.2348
sequence_47787,5.0,sequence_47661,52.0,232.5811
sequence_47787,5.0,sequence_47667,86.0,396.17539999999997
sequence_47787,5.0,sequence_47726,120.0,358.4919
sequence_47787,5.0,sequence_47734,110.0,368.1456
sequence_47787,5.0,sequence_47811,24.0,299.3763
sequence_47787,5.0,sequence_47662,28.0,343.13
sequence_47787,5.0,sequence_47731,32.0,298.3227
sequence_47787,5.0,sequence_47733,25.0,198.24810000000002
sequence_47787,5.0,sequence_47732,30.0,314.7382
sequence_47787,5.0,sequence_47755,100.0,166.4912
sequence_47787,5.0,sequence_47746,94.0,342.5561
sequence_47787,5.0,sequence_47754,70.0,198.7256
sequence_47787,5.0,sequence_47753,74.0,187.8355
sequence_47787,5.0,sequence_47740,158.0,249.5523
sequence_47787,5.0,sequence_47742,108.0,220.0904
sequence_47787,5.0,sequence_47715,101.0,212.61809999999997
sequence_47787,5.0,sequence_47718,81.0,206.8687
sequence_47787,5.0,sequence_47717,66.0,361.5893
sequence_47787,5.0,sequence_47720,80.0,398.54859999999996
sequence_47787,5.0,sequence_47716,84.0,211.29699999999997
sequence_47787,5.0,sequence_47719,66.0,382.13309999999996
sequence_47787,5.0,sequence_47723,69.0,280.6296
sequence_47787,5.0,sequence_47722,75.0,206.8687
sequence_47787,5.0,sequence_47674,38.0,216.65980000000002
sequence_47787,5.0,sequence_47676,56.0,252.81900000000002
sequence_47787,5.0,sequence_47711,57.0,258.5729
sequence_47787,5.0,sequence_47739,35.0,220.0904
sequence_47787,5.0,sequence_47735,55.0,302.7945
sequence_47787,5.0,sequence_47793,16.0,85.9545
sequence_47787,5.0,sequence_47801,4.0,0.8934999999999995
sequence_47787,5.0,sequence_47805,22.0,86.848
sequence_47787,5.0,sequence_47802,4.0,6.642899999999999
sequence_47787,5.0,sequence_47794,18.0,92.59740000000001
sequence_47787,5.0,sequence_47728,12.0,38.0043
sequence_47787,5.0,sequence_47808,4.0,99.59710000000001
sequence_47787,5.0,sequence_47792,12.0,52.034400000000005
sequence_47787,5.0,sequence_47791,4.0,33.9201
sequence_47787,5.0,sequence_47788,5.0,5.7494
sequence_47787,5.0,sequence_47729,34.0,90.0387
sequence_47787,5.0,sequence_47809,10.0,151.63150000000002
sequence_47787,5.0,sequence_47737,27.0,189.63580000000002
sequence_47787,5.0,sequence_47810,5.57,17.0271
sequence_47787,5.0,sequence_47766,4.19,11.8111
sequence_47787,5.0,sequence_47736,19.0,137.6014
sequence_47684,23.0,sequence_47787,5.0,87.6259
sequence_47684,23.0,sequence_47789,10.0,129.53449999999998
sequence_47684,23.0,sequence_47790,9.0,145.1092
sequence_47684,23.0,sequence_47781,12.0,178.84730000000002
sequence_47684,23.0,sequence_47777,11.0,172.9061
sequence_47684,23.0,sequence_47779,11.0,172.9061
sequence_47684,23.0,sequence_47784,21.0,215.8066
sequence_47684,23.0,sequence_47786,18.0,171.585
sequence_47684,23.0,sequence_47782,17.0,171.585
sequence_47684,23.0,sequence_47772,12.0,125.6302
sequence_47684,23.0,sequence_47795,7.0,177.8023
sequence_47684,23.0,sequence_47776,9.0,268.66020000000003
sequence_47684,23.0,sequence_47685,24.0,5.7494
sequence_47684,23.0,sequence_47679,44.0,85.28020000000001
sequence_47684,23.0,sequence_47695,52.0,0.8934999999999995
sequence_47684,23.0,sequence_47710,43.0,38.0043
sequence_47684,23.0,sequence_47686,22.0,41.90859999999999
sequence_47684,23.0,sequence_47778,26.0,214.81470000000002
sequence_47684,23.0,sequence_47780,23.0,214.8147
sequence_47684,23.0,sequence_47785,25.0,183.64509999999999
sequence_47684,23.0,sequence_47803,12.0,130.428
sequence_47684,23.0,sequence_47663,36.0,200.4447
sequence_47684,23.0,sequence_47757,36.0,194.6953
sequence_47684,23.0,sequence_47783,24.5,370.1092
sequence_47684,23.0,sequence_47796,20.0,242.1203
sequence_47684,23.0,sequence_47750,25.0,104.5189
sequence_47684,23.0,sequence_47760,26.0,231.0098
sequence_47684,23.0,sequence_47773,19.0,167.53879999999998
sequence_47684,23.0,sequence_47768,17.0,210.9104
sequence_47684,23.0,sequence_47771,18.0,141.7365
sequence_47684,23.0,sequence_47681,44.0,91.0296
sequence_47684,23.0,sequence_47696,47.0,6.642899999999999
sequence_47684,23.0,sequence_47680,73.0,234.25140000000002
sequence_47684,23.0,sequence_47673,65.5,123.28450000000001
sequence_47684,23.0,sequence_47700,65.0,409.34450000000004
sequence_47684,23.0,sequence_47689,52.0,129.0742
sequence_47684,23.0,sequence_47683,75.0,276.15999999999997
sequence_47684,23.0,sequence_47697,55.5,42.802099999999996
sequence_47684,23.0,sequence_47678,37.0,79.9129
sequence_47684,23.0,sequence_47682,53.0,127.1888
sequence_47684,23.0,sequence_47724,48.0,160.7488
sequence_47684,23.0,sequence_47806,73.0,538.879
sequence_47684,23.0,sequence_47807,42.0,384.15840000000003
sequence_47684,23.0,sequence_47804,23.0,209.9588
sequence_47684,23.0,sequence_47800,20.0,221.6494
sequence_47684,23.0,sequence_47799,24.0,215.70819999999998
sequence_47684,23.0,sequence_47664,32.0,206.19410000000002
sequence_47684,23.0,sequence_47666,69.0,381.47900000000004
sequence_47684,23.0,sequence_47671,36.0,275.5598
sequence_47684,23.0,sequence_47727,45.0,332.1049
sequence_47684,23.0,sequence_47756,37.0,348.99789999999996
sequence_47684,23.0,sequence_47775,23.0,551.1435
sequence_47684,23.0,sequence_47730,35.0,204.11599999999999
sequence_47684,23.0,sequence_47758,22.0,221.00900000000001
sequence_47684,23.0,sequence_47797,27.0,364.3598
sequence_47684,23.0,sequence_47798,23.0,268.43399999999997
sequence_47684,23.0,sequence_47751,34.0,110.2683
sequence_47684,23.0,sequence_47741,102.0,189.7991
sequence_47684,23.0,sequence_47743,63.0,338.7703
sequence_47684,23.0,sequence_47752,67.0,171.0335
sequence_47684,23.0,sequence_47745,83.0,348.424
sequence_47684,23.0,sequence_47747,72.0,359.31409999999994
sequence_47684,23.0,sequence_47748,79.0,375.7296
sequence_47684,23.0,sequence_47749,81.0,301.6595
sequence_47684,23.0,sequence_47744,69.0,325.7541
sequence_47684,23.0,sequence_47721,40.0,120.1138
sequence_47684,23.0,sequence_47759,36.0,121.0073
sequence_47684,23.0,sequence_47774,21.0,247.0696
sequence_47684,23.0,sequence_47770,25.0,388.77399999999994
sequence_47684,23.0,sequence_47713,51.0,211.1434
sequence_47684,23.0,sequence_47738,55.0,189.7991
sequence_47684,23.0,sequence_47769,25.0,252.81900000000002
sequence_47684,23.0,sequence_47702,69.0,415.0939
sequence_47684,23.0,sequence_47672,76.0,96.9708
sequence_47684,23.0,sequence_47705,71.0,234.0596
sequence_47684,23.0,sequence_47694,51.0,171.7829
sequence_47684,23.0,sequence_47691,40.0,86.17370000000001
sequence_47684,23.0,sequence_47701,63.0,558.3157
sequence_47684,23.0,sequence_47706,77.0,426.97630000000004
sequence_47684,23.0,sequence_47675,57.0,346.0166
sequence_47684,23.0,sequence_47698,56.0,86.17370000000001
sequence_47684,23.0,sequence_47688,90.0,176.7322
sequence_47684,23.0,sequence_47704,98.0,600.2243
sequence_47684,23.0,sequence_47708,111.0,468.88489999999996
sequence_47684,23.0,sequence_47709,119.0,314.16429999999997
sequence_47684,23.0,sequence_47677,103.0,314.16429999999997
sequence_47684,23.0,sequence_47692,87.5,122.3329
sequence_47684,23.0,sequence_47703,95.0,451.2531
sequence_47684,23.0,sequence_47707,79.0,319.9137
sequence_47684,23.0,sequence_47762,127.0,567.4626
sequence_47684,23.0,sequence_47765,118.0,710.4925999999999
sequence_47684,23.0,sequence_47767,105.0,522.8174
sequence_47684,23.0,sequence_47812,121.0,555.7719999999999
sequence_47684,23.0,sequence_47761,120.0,561.5214
sequence_47684,23.0,sequence_47764,118.0,577.1163
sequence_47684,23.0,sequence_47763,122.0,495.0113
sequence_47684,23.0,sequence_47699,62.0,122.33290000000001
sequence_47684,23.0,sequence_47687,92.0,126.76119999999999
sequence_47684,23.0,sequence_47693,64.0,277.0535
sequence_47684,23.0,sequence_47690,63.0,170.98279999999997
sequence_47684,23.0,sequence_47712,49.0,128.0868
sequence_47684,23.0,sequence_47714,51.0,210.1918
sequence_47684,23.0,sequence_47725,57.0,155.8929
sequence_47684,23.0,sequence_47669,32.0,318.8528
sequence_47684,23.0,sequence_47668,48.0,355.96360000000004
sequence_47684,23.0,sequence_47670,97.0,255.889
sequence_47684,23.0,sequence_47665,50.0,253.8521
sequence_47684,23.0,sequence_47661,52.0,244.19840000000002
sequence_47684,23.0,sequence_47667,86.0,407.79269999999997
sequence_47684,23.0,sequence_47726,120.0,370.1092
sequence_47684,23.0,sequence_47734,110.0,379.7629
sequence_47684,23.0,sequence_47811,24.0,387.0022
sequence_47684,23.0,sequence_47662,28.0,354.7473
sequence_47684,23.0,sequence_47731,32.0,309.94
sequence_47684,23.0,sequence_47733,25.0,209.86540000000002
sequence_47684,23.0,sequence_47732,30.0,326.3555
sequence_47684,23.0,sequence_47755,100.0,178.1085
sequence_47684,23.0,sequence_47746,94.0,354.1734
sequence_47684,23.0,sequence_47754,70.0,210.3429
sequence_47684,23.0,sequence_47753,74.0,199.4528
sequence_47684,23.0,sequence_47740,158.0,261.1696
sequence_47684,23.0,sequence_47742,108.0,231.7077
sequence_47684,23.0,sequence_47715,101.0,205.394
sequence_47684,23.0,sequence_47718,81.0,199.6446
sequence_47684,23.0,sequence_47717,66.0,354.36519999999996
sequence_47684,23.0,sequence_47720,80.0,391.32449999999994
sequence_47684,23.0,sequence_47716,84.0,204.0729
sequence_47684,23.0,sequence_47719,66.0,374.90899999999993
sequence_47684,23.0,sequence_47723,69.0,193.0037
sequence_47684,23.0,sequence_47722,75.0,199.64460000000003
sequence_47684,23.0,sequence_47674,38.0,129.03390000000002
sequence_47684,23.0,sequence_47676,56.0,165.19310000000002
sequence_47684,23.0,sequence_47711,57.0,170.947
sequence_47684,23.0,sequence_47739,35.0,231.7077
sequence_47684,23.0,sequence_47735,55.0,215.16860000000003
sequence_47684,23.0,sequence_47793,16.0,173.5804
sequence_47684,23.0,sequence_47801,4.0,88.5194
sequence_47684,23.0,sequence_47805,22.0,174.47390000000001
sequence_47684,23.0,sequence_47802,4.0,94.2688
sequence_47684,23.0,sequence_47794,18.0,180.2233
sequence_47684,23.0,sequence_47728,12.0,49.6216
sequence_47684,23.0,sequence_47808,4.0,87.97980000000001
sequence_47684,23.0,sequence_47792,12.0,139.6603
sequence_47684,23.0,sequence_47791,4.0,121.54599999999999
sequence_47684,23.0,sequence_47788,5.0,93.3753
sequence_47684,23.0,sequence_47729,34.0,101.656
sequence_47684,23.0,sequence_47809,10.0,140.01420000000002
sequence_47684,23.0,sequence_47737,27.0,102.00990000000002
sequence_47684,23.0,sequence_47810,5.57,70.59880000000001
sequence_47684,23.0,sequence_47766,4.19,75.8148
sequence_47684,23.0,sequence_47736,19.0,49.975500000000004
sequence_47789,10.0,sequence_47787,5.0,41.90859999999999
sequence_47789,10.0,sequence_47684,23.0,129.53449999999998
sequence_47789,10.0,sequence_47790,9.0,46.7645
sequence_47789,10.0,sequence_47781,12.0,133.13
sequence_47789,10.0,sequence_47777,11.0,127.1888
sequence_47789,10.0,sequence_47779,11.0,127.18879999999999
sequence_47789,10.0,sequence_47784,21.0,170.08929999999998
sequence_47789,10.0,sequence_47786,18.0,125.8677
sequence_47789,10.0,sequence_47782,17.0,125.86769999999999
sequence_47789,10.0,sequence_47772,12.0,79.9129
sequence_47789,10.0,sequence_47795,7.0,132.08499999999998
sequence_47789,10.0,sequence_47776,9.0,222.9429
sequence_47789,10.0,sequence_47685,24.0,135.2839
sequence_47789,10.0,sequence_47679,44.0,214.81470000000002
sequence_47789,10.0,sequence_47695,52.0,130.428
sequence_47789,10.0,sequence_47710,43.0,167.53879999999998
sequence_47789,10.0,sequence_47686,22.0,87.6259
sequence_47789,10.0,sequence_47778,26.0,85.28020000000001
sequence_47789,10.0,sequence_47780,23.0,85.28020000000001
sequence_47789,10.0,sequence_47785,25.0,54.110600000000005
sequence_47789,10.0,sequence_47803,12.0,0.8934999999999995
sequence_47789,10.0,sequence_47663,36.0,230.736
sequence_47789,10.0,sequence_47757,36.0,224.98659999999998
sequence_47789,10.0,sequence_47783,24.5,271.7645
sequence_47789,10.0,sequence_47796,20.0,196.40299999999996
sequence_47789,10.0,sequence_47750,25.0,134.8102
sequence_47789,10.0,sequence_47760,26.0,360.5443
sequence_47789,10.0,sequence_47773,19.0,38.0043
sequence_47789,10.0,sequence_47768,17.0,165.19310000000002
sequence_47789,10.0,sequence_47771,18.0,96.0192
sequence_47789,10.0,sequence_47681,44.0,220.5641
sequence_47789,10.0,sequence_47696,47.0,136.1774
sequence_47789,10.0,sequence_47680,73.0,332.5961
sequence_47789,10.0,sequence_47673,65.5,252.81900000000002
sequence_47789,10.0,sequence_47700,65.0,538.879
sequence_47789,10.0,sequence_47689,52.0,258.6087
sequence_47789,10.0,sequence_47683,75.0,321.8773
sequence_47789,10.0,sequence_47697,55.5,88.5194
sequence_47789,10.0,sequence_47678,37.0,125.6302
sequence_47789,10.0,sequence_47682,53.0,172.9061
sequence_47789,10.0,sequence_47724,48.0,206.4661
sequence_47789,10.0,sequence_47806,73.0,409.34450000000004
sequence_47789,10.0,sequence_47807,42.0,254.62390000000002
sequence_47789,10.0,sequence_47804,23.0,80.4243
sequence_47789,10.0,sequence_47800,20.0,92.1149
sequence_47789,10.0,sequence_47799,24.0,86.17370000000001
sequence_47789,10.0,sequence_47664,32.0,236.48539999999997
sequence_47789,10.0,sequence_47666,69.0,411.7703
sequence_47789,10.0,sequence_47671,36.0,305.8511
sequence_47789,10.0,sequence_47727,45.0,309.7688
sequence_47789,10.0,sequence_47756,37.0,326.66179999999997
sequence_47789,10.0,sequence_47775,23.0,452.7988
sequence_47789,10.0,sequence_47730,35.0,234.40729999999996
sequence_47789,10.0,sequence_47758,22.0,251.3003
sequence_47789,10.0,sequence_47797,27.0,318.6425
sequence_47789,10.0,sequence_47798,23.0,170.08929999999998
sequence_47789,10.0,sequence_47751,34.0,140.5596
sequence_47789,10.0,sequence_47741,102.0,220.0904
sequence_47789,10.0,sequence_47743,63.0,369.0616
sequence_47789,10.0,sequence_47752,67.0,201.3248
sequence_47789,10.0,sequence_47745,83.0,378.71529999999996
sequence_47789,10.0,sequence_47747,72.0,389.6053999999999
sequence_47789,10.0,sequence_47748,79.0,406.0209
sequence_47789,10.0,sequence_47749,81.0,331.95079999999996
sequence_47789,10.0,sequence_47744,69.0,356.0454
sequence_47789,10.0,sequence_47721,40.0,85.4293
sequence_47789,10.0,sequence_47759,36.0,84.5358
sequence_47789,10.0,sequence_47774,21.0,117.5351
sequence_47789,10.0,sequence_47770,25.0,259.2395
sequence_47789,10.0,sequence_47713,51.0,241.43470000000002
sequence_47789,10.0,sequence_47738,55.0,220.0904
sequence_47789,10.0,sequence_47769,25.0,123.28450000000001
sequence_47789,10.0,sequence_47702,69.0,544.6284
sequence_47789,10.0,sequence_47672,76.0,226.5053
sequence_47789,10.0,sequence_47705,71.0,363.5941
sequence_47789,10.0,sequence_47694,51.0,301.3174
sequence_47789,10.0,sequence_47691,40.0,215.70819999999998
sequence_47789,10.0,sequence_47701,63.0,656.6604
sequence_47789,10.0,sequence_47706,77.0,525.3209999999999
sequence_47789,10.0,sequence_47675,57.0,444.36129999999997
sequence_47789,10.0,sequence_47698,56.0,215.70819999999998
sequence_47789,10.0,sequence_47688,90.0,253.6393
sequence_47789,10.0,sequence_47704,98.0,645.9416
sequence_47789,10.0,sequence_47708,111.0,514.6022
sequence_47789,10.0,sequence_47709,119.0,359.8816
sequence_47789,10.0,sequence_47677,103.0,359.8816
sequence_47789,10.0,sequence_47692,87.5,168.05020000000002
sequence_47789,10.0,sequence_47703,95.0,496.97040000000004
sequence_47789,10.0,sequence_47707,79.0,365.631
sequence_47789,10.0,sequence_47762,127.0,437.9281
sequence_47789,10.0,sequence_47765,118.0,580.9581000000001
sequence_47789,10.0,sequence_47767,105.0,492.52610000000004
sequence_47789,10.0,sequence_47812,121.0,426.23750000000007
sequence_47789,10.0,sequence_47761,120.0,431.9869
sequence_47789,10.0,sequence_47764,118.0,447.58180000000004
sequence_47789,10.0,sequence_47763,122.0,464.72
sequence_47789,10.0,sequence_47699,62.0,168.05020000000002
sequence_47789,10.0,sequence_47687,92.0,172.4785
sequence_47789,10.0,sequence_47693,64.0,322.7708
sequence_47789,10.0,sequence_47690,63.0,216.70010000000002
sequence_47789,10.0,sequence_47712,49.0,173.8041
sequence_47789,10.0,sequence_47714,51.0,156.6659
sequence_47789,10.0,sequence_47725,57.0,201.61020000000002
sequence_47789,10.0,sequence_47669,32.0,349.1441
sequence_47789,10.0,sequence_47668,48.0,386.2549
sequence_47789,10.0,sequence_47670,97.0,286.1803
sequence_47789,10.0,sequence_47665,50.0,284.1434
sequence_47789,10.0,sequence_47661,52.0,274.48969999999997
sequence_47789,10.0,sequence_47667,86.0,385.4566
sequence_47789,10.0,sequence_47726,120.0,347.7731
sequence_47789,10.0,sequence_47734,110.0,357.4268
sequence_47789,10.0,sequence_47811,24.0,288.6575
sequence_47789,10.0,sequence_47662,28.0,332.4112
sequence_47789,10.0,sequence_47731,32.0,340.2313
sequence_47789,10.0,sequence_47733,25.0,240.1567
sequence_47789,10.0,sequence_47732,30.0,356.6468
sequence_47789,10.0,sequence_47755,100.0,208.3998
sequence_47789,10.0,sequence_47746,94.0,384.4647
sequence_47789,10.0,sequence_47754,70.0,240.6342
sequence_47789,10.0,sequence_47753,74.0,229.7441
sequence_47789,10.0,sequence_47740,158.0,291.46090000000004
sequence_47789,10.0,sequence_47742,108.0,178.1818
sequence_47789,10.0,sequence_47715,101.0,170.7095
sequence_47789,10.0,sequence_47718,81.0,164.9601
sequence_47789,10.0,sequence_47717,66.0,319.6807
sequence_47789,10.0,sequence_47720,80.0,356.64
sequence_47789,10.0,sequence_47716,84.0,169.3884
sequence_47789,10.0,sequence_47719,66.0,340.2245
sequence_47789,10.0,sequence_47723,69.0,238.721
sequence_47789,10.0,sequence_47722,75.0,164.9601
sequence_47789,10.0,sequence_47674,38.0,258.5684
sequence_47789,10.0,sequence_47676,56.0,210.9104
sequence_47789,10.0,sequence_47711,57.0,216.6643
sequence_47789,10.0,sequence_47739,35.0,178.1818
sequence_47789,10.0,sequence_47735,55.0,260.8859
sequence_47789,10.0,sequence_47793,16.0,127.8631
sequence_47789,10.0,sequence_47801,4.0,42.802099999999996
sequence_47789,10.0,sequence_47805,22.0,128.7566
sequence_47789,10.0,sequence_47802,4.0,48.55149999999999
sequence_47789,10.0,sequence_47794,18.0,132.719
sequence_47789,10.0,sequence_47728,12.0,79.9129
sequence_47789,10.0,sequence_47808,4.0,141.5057
sequence_47789,10.0,sequence_47792,12.0,93.943
sequence_47789,10.0,sequence_47791,4.0,75.8287
sequence_47789,10.0,sequence_47788,5.0,47.657999999999994
sequence_47789,10.0,sequence_47729,34.0,131.94729999999998
sequence_47789,10.0,sequence_47809,10.0,193.5401
sequence_47789,10.0,sequence_47737,27.0,231.5444
sequence_47789,10.0,sequence_47810,5.57,58.9357
sequence_47789,10.0,sequence_47766,4.19,53.71969999999999
sequence_47789,10.0,sequence_47736,19.0,179.51
sequence_47790,9.0,sequence_47787,5.0,57.4833
sequence_47790,9.0,sequence_47684,23.0,145.1092
sequence_47790,9.0,sequence_47789,10.0,46.7645
sequence_47790,9.0,sequence_47781,12.0,148.7047
sequence_47790,9.0,sequence_47777,11.0,142.7635
sequence_47790,9.0,sequence_47779,11.0,142.7635
sequence_47790,9.0,sequence_47784,21.0,185.664
sequence_47790,9.0,sequence_47786,18.0,141.4424
sequence_47790,9.0,sequence_47782,17.0,141.4424
sequence_47790,9.0,sequence_47772,12.0,95.4876
sequence_47790,9.0,sequence_47795,7.0,147.6597
sequence_47790,9.0,sequence_47776,9.0,238.51760000000002
sequence_47790,9.0,sequence_47685,24.0,139.3598
sequence_47790,9.0,sequence_47679,44.0,230.3894
sequence_47790,9.0,sequence_47695,52.0,146.0027
sequence_47790,9.0,sequence_47710,43.0,183.1135
sequence_47790,9.0,sequence_47686,22.0,134.3904
sequence_47790,9.0,sequence_47778,26.0,132.0447
sequence_47790,9.0,sequence_47780,23.0,132.0447
sequence_47790,9.0,sequence_47785,25.0,100.8751
sequence_47790,9.0,sequence_47803,12.0,47.658
sequence_47790,9.0,sequence_47663,36.0,246.3107
sequence_47790,9.0,sequence_47757,36.0,240.5613
sequence_47790,9.0,sequence_47783,24.5,225.0
sequence_47790,9.0,sequence_47796,20.0,211.97769999999997
sequence_47790,9.0,sequence_47750,25.0,150.38490000000002
sequence_47790,9.0,sequence_47760,26.0,376.119
sequence_47790,9.0,sequence_47773,19.0,84.7688
sequence_47790,9.0,sequence_47768,17.0,180.7678
sequence_47790,9.0,sequence_47771,18.0,111.59389999999999
sequence_47790,9.0,sequence_47681,44.0,224.64
sequence_47790,9.0,sequence_47696,47.0,140.2533
sequence_47790,9.0,sequence_47680,73.0,379.3606
sequence_47790,9.0,sequence_47673,65.5,268.39369999999997
sequence_47790,9.0,sequence_47700,65.0,554.4537
sequence_47790,9.0,sequence_47689,52.0,274.1834
sequence_47790,9.0,sequence_47683,75.0,368.6418
sequence_47790,9.0,sequence_47697,55.5,135.28390000000002
sequence_47790,9.0,sequence_47678,37.0,172.3947
sequence_47790,9.0,sequence_47682,53.0,219.6706
sequence_47790,9.0,sequence_47724,48.0,253.2306
sequence_47790,9.0,sequence_47806,73.0,456.10900000000004
sequence_47790,9.0,sequence_47807,42.0,301.38840000000005
sequence_47790,9.0,sequence_47804,23.0,127.1888
sequence_47790,9.0,sequence_47800,20.0,138.8794
sequence_47790,9.0,sequence_47799,24.0,132.9382
sequence_47790,9.0,sequence_47664,32.0,240.56130000000002
sequence_47790,9.0,sequence_47666,69.0,427.345
sequence_47790,9.0,sequence_47671,36.0,321.4258
sequence_47790,9.0,sequence_47727,45.0,263.0043
sequence_47790,9.0,sequence_47756,37.0,279.8973
sequence_47790,9.0,sequence_47775,23.0,406.03430000000003
sequence_47790,9.0,sequence_47730,35.0,249.98199999999997
sequence_47790,9.0,sequence_47758,22.0,266.875
sequence_47790,9.0,sequence_47797,27.0,271.878
sequence_47790,9.0,sequence_47798,23.0,185.664
sequence_47790,9.0,sequence_47751,34.0,144.6355
sequence_47790,9.0,sequence_47741,102.0,235.6651
sequence_47790,9.0,sequence_47743,63.0,384.6363
sequence_47790,9.0,sequence_47752,67.0,216.8995
sequence_47790,9.0,sequence_47745,83.0,394.28999999999996
sequence_47790,9.0,sequence_47747,72.0,405.1800999999999
sequence_47790,9.0,sequence_47748,79.0,421.5956
sequence_47790,9.0,sequence_47749,81.0,347.52549999999997
sequence_47790,9.0,sequence_47744,69.0,371.6201
sequence_47790,9.0,sequence_47721,40.0,132.1938
sequence_47790,9.0,sequence_47759,36.0,131.3003
sequence_47790,9.0,sequence_47774,21.0,164.2996
sequence_47790,9.0,sequence_47770,25.0,306.00399999999996
sequence_47790,9.0,sequence_47713,51.0,257.0094
sequence_47790,9.0,sequence_47738,55.0,235.6651
sequence_47790,9.0,sequence_47769,25.0,170.049
sequence_47790,9.0,sequence_47702,69.0,548.7043
sequence_47790,9.0,sequence_47672,76.0,230.5812
sequence_47790,9.0,sequence_47705,71.0,367.66999999999996
sequence_47790,9.0,sequence_47694,51.0,305.3933
sequence_47790,9.0,sequence_47691,40.0,219.78410000000002
sequence_47790,9.0,sequence_47701,63.0,703.4249
sequence_47790,9.0,sequence_47706,77.0,572.0854999999999
sequence_47790,9.0,sequence_47675,57.0,491.12579999999997
sequence_47790,9.0,sequence_47698,56.0,219.78410000000002
sequence_47790,9.0,sequence_47688,90.0,269.214
sequence_47790,9.0,sequence_47704,98.0,692.7061
sequence_47790,9.0,sequence_47708,111.0,561.3667
sequence_47790,9.0,sequence_47709,119.0,406.6461
sequence_47790,9.0,sequence_47677,103.0,406.6461
sequence_47790,9.0,sequence_47692,87.5,214.81470000000002
sequence_47790,9.0,sequence_47703,95.0,543.7349
sequence_47790,9.0,sequence_47707,79.0,412.39549999999997
sequence_47790,9.0,sequence_47762,127.0,484.69259999999997
sequence_47790,9.0,sequence_47765,118.0,627.7226
sequence_47790,9.0,sequence_47767,105.0,539.2906
sequence_47790,9.0,sequence_47812,121.0,473.00200000000007
sequence_47790,9.0,sequence_47761,120.0,478.7514
sequence_47790,9.0,sequence_47764,118.0,494.34630000000004
sequence_47790,9.0,sequence_47763,122.0,511.4845
sequence_47790,9.0,sequence_47699,62.0,214.81470000000002
sequence_47790,9.0,sequence_47687,92.0,219.243
sequence_47790,9.0,sequence_47693,64.0,369.5353
sequence_47790,9.0,sequence_47690,63.0,263.4646
sequence_47790,9.0,sequence_47712,49.0,220.5686
sequence_47790,9.0,sequence_47714,51.0,203.4304
sequence_47790,9.0,sequence_47725,57.0,248.37470000000002
sequence_47790,9.0,sequence_47669,32.0,353.22
sequence_47790,9.0,sequence_47668,48.0,390.3308
sequence_47790,9.0,sequence_47670,97.0,290.25620000000004
sequence_47790,9.0,sequence_47665,50.0,288.2193
sequence_47790,9.0,sequence_47661,52.0,278.5656
sequence_47790,9.0,sequence_47667,86.0,401.0313
sequence_47790,9.0,sequence_47726,120.0,301.0086
sequence_47790,9.0,sequence_47734,110.0,310.6623
sequence_47790,9.0,sequence_47811,24.0,241.893
sequence_47790,9.0,sequence_47662,28.0,285.6467
sequence_47790,9.0,sequence_47731,32.0,293.4668
sequence_47790,9.0,sequence_47733,25.0,244.2326
sequence_47790,9.0,sequence_47732,30.0,309.8823
sequence_47790,9.0,sequence_47755,100.0,212.4757
sequence_47790,9.0,sequence_47746,94.0,388.5405999999999
sequence_47790,9.0,sequence_47754,70.0,244.7101
sequence_47790,9.0,sequence_47753,74.0,233.82
sequence_47790,9.0,sequence_47740,158.0,244.6964
sequence_47790,9.0,sequence_47742,108.0,224.9463
sequence_47790,9.0,sequence_47715,101.0,217.474
sequence_47790,9.0,sequence_47718,81.0,211.7246
sequence_47790,9.0,sequence_47717,66.0,366.4452
sequence_47790,9.0,sequence_47720,80.0,403.4045
sequence_47790,9.0,sequence_47716,84.0,216.1529
sequence_47790,9.0,sequence_47719,66.0,386.989
sequence_47790,9.0,sequence_47723,69.0,285.4855
sequence_47790,9.0,sequence_47722,75.0,211.7246
sequence_47790,9.0,sequence_47674,38.0,262.6443
sequence_47790,9.0,sequence_47676,56.0,257.6749
sequence_47790,9.0,sequence_47711,57.0,263.4288
sequence_47790,9.0,sequence_47739,35.0,224.9463
sequence_47790,9.0,sequence_47735,55.0,307.6504
sequence_47790,9.0,sequence_47793,16.0,143.43779999999998
sequence_47790,9.0,sequence_47801,4.0,58.3768
sequence_47790,9.0,sequence_47805,22.0,144.33129999999997
sequence_47790,9.0,sequence_47802,4.0,52.627399999999994
sequence_47790,9.0,sequence_47794,18.0,136.79489999999998
sequence_47790,9.0,sequence_47728,12.0,95.4876
sequence_47790,9.0,sequence_47808,4.0,157.0804
sequence_47790,9.0,sequence_47792,12.0,109.5177
sequence_47790,9.0,sequence_47791,4.0,91.40339999999999
sequence_47790,9.0,sequence_47788,5.0,51.7339
sequence_47790,9.0,sequence_47729,34.0,147.522
sequence_47790,9.0,sequence_47809,10.0,209.1148
sequence_47790,9.0,sequence_47737,27.0,247.1191
sequence_47790,9.0,sequence_47810,5.57,74.5104
sequence_47790,9.0,sequence_47766,4.19,69.2944
sequence_47790,9.0,sequence_47736,19.0,195.0847
sequence_47781,12.0,sequence_47787,5.0,91.2214
sequence_47781,12.0,sequence_47684,23.0,178.84730000000002
sequence_47781,12.0,sequence_47789,10.0,133.13
sequence_47781,12.0,sequence_47790,9.0,148.7047
sequence_47781,12.0,sequence_47777,11.0,5.941200000000002
sequence_47781,12.0,sequence_47779,11.0,5.941200000000002
sequence_47781,12.0,sequence_47784,21.0,128.1807
sequence_47781,12.0,sequence_47786,18.0,83.9591
sequence_47781,12.0,sequence_47782,17.0,83.9591
sequence_47781,12.0,sequence_47772,12.0,129.22570000000002
sequence_47781,12.0,sequence_47795,7.0,181.39780000000002
sequence_47781,12.0,sequence_47776,9.0,272.2557
sequence_47781,12.0,sequence_47685,24.0,184.5967
sequence_47781,12.0,sequence_47679,44.0,93.56710000000001
sequence_47781,12.0,sequence_47695,52.0,179.7408
sequence_47781,12.0,sequence_47710,43.0,216.85160000000002
sequence_47781,12.0,sequence_47686,22.0,220.7559
sequence_47781,12.0,sequence_47778,26.0,47.8498
sequence_47781,12.0,sequence_47780,23.0,47.8498
sequence_47781,12.0,sequence_47785,25.0,79.01939999999999
sequence_47781,12.0,sequence_47803,12.0,134.02349999999998
sequence_47781,12.0,sequence_47663,36.0,188.8274
sequence_47781,12.0,sequence_47757,36.0,183.078
sequence_47781,12.0,sequence_47783,24.5,282.48330000000004
sequence_47781,12.0,sequence_47796,20.0,154.49439999999998
sequence_47781,12.0,sequence_47750,25.0,184.123
sequence_47781,12.0,sequence_47760,26.0,409.85710000000006
sequence_47781,12.0,sequence_47773,19.0,171.1343
sequence_47781,12.0,sequence_47768,17.0,43.9455
sequence_47781,12.0,sequence_47771,18.0,113.1194
sequence_47781,12.0,sequence_47681,44.0,99.3165
sequence_47781,12.0,sequence_47696,47.0,185.49020000000002
sequence_47781,12.0,sequence_47680,73.0,242.53830000000002
sequence_47781,12.0,sequence_47673,65.5,131.5714
sequence_47781,12.0,sequence_47700,65.0,417.6314
sequence_47781,12.0,sequence_47689,52.0,216.70010000000002
sequence_47781,12.0,sequence_47683,75.0,272.5645
sequence_47781,12.0,sequence_47697,55.5,221.6494
sequence_47781,12.0,sequence_47678,37.0,258.7602
sequence_47781,12.0,sequence_47682,53.0,135.47570000000002
sequence_47781,12.0,sequence_47724,48.0,169.03570000000002
sequence_47781,12.0,sequence_47806,73.0,371.9141
sequence_47781,12.0,sequence_47807,42.0,217.19350000000003
sequence_47781,12.0,sequence_47804,23.0,54.4927
sequence_47781,12.0,sequence_47800,20.0,42.802099999999996
sequence_47781,12.0,sequence_47799,24.0,48.743300000000005
sequence_47781,12.0,sequence_47664,32.0,194.5768
sequence_47781,12.0,sequence_47666,69.0,369.86170000000004
sequence_47781,12.0,sequence_47671,36.0,263.9425
sequence_47781,12.0,sequence_47727,45.0,320.48760000000004
sequence_47781,12.0,sequence_47756,37.0,337.3806000000001
sequence_47781,12.0,sequence_47775,23.0,463.5176
sequence_47781,12.0,sequence_47730,35.0,192.49869999999999
sequence_47781,12.0,sequence_47758,22.0,209.39170000000001
sequence_47781,12.0,sequence_47797,27.0,276.7339
sequence_47781,12.0,sequence_47798,23.0,180.80809999999997
sequence_47781,12.0,sequence_47751,34.0,189.8724
sequence_47781,12.0,sequence_47741,102.0,98.84280000000001
sequence_47781,12.0,sequence_47743,63.0,235.9316
sequence_47781,12.0,sequence_47752,67.0,182.7974
sequence_47781,12.0,sequence_47745,83.0,245.5853
sequence_47781,12.0,sequence_47747,72.0,347.6968
sequence_47781,12.0,sequence_47748,79.0,364.1123
sequence_47781,12.0,sequence_47749,81.0,273.04240000000004
sequence_47781,12.0,sequence_47744,69.0,314.1368
sequence_47781,12.0,sequence_47721,40.0,218.5593
sequence_47781,12.0,sequence_47759,36.0,217.6658
sequence_47781,12.0,sequence_47774,21.0,91.6035
sequence_47781,12.0,sequence_47770,25.0,301.1481
sequence_47781,12.0,sequence_47713,51.0,120.18710000000002
sequence_47781,12.0,sequence_47738,55.0,98.84280000000001
sequence_47781,12.0,sequence_47769,25.0,85.8541
sequence_47781,12.0,sequence_47702,69.0,423.3808
sequence_47781,12.0,sequence_47672,76.0,105.25770000000001
sequence_47781,12.0,sequence_47705,71.0,242.3465
sequence_47781,12.0,sequence_47694,51.0,350.63020000000006
sequence_47781,12.0,sequence_47691,40.0,105.9594
sequence_47781,12.0,sequence_47701,63.0,566.6026
sequence_47781,12.0,sequence_47706,77.0,435.2632
sequence_47781,12.0,sequence_47675,57.0,354.3035
sequence_47781,12.0,sequence_47698,56.0,105.9594
sequence_47781,12.0,sequence_47688,90.0,264.35810000000004
sequence_47781,12.0,sequence_47704,98.0,596.6288
sequence_47781,12.0,sequence_47708,111.0,465.2894
sequence_47781,12.0,sequence_47709,119.0,310.5688
sequence_47781,12.0,sequence_47677,103.0,310.5688
sequence_47781,12.0,sequence_47692,87.5,142.11860000000001
sequence_47781,12.0,sequence_47703,95.0,459.54
sequence_47781,12.0,sequence_47707,79.0,328.2006
sequence_47781,12.0,sequence_47762,127.0,400.4977
sequence_47781,12.0,sequence_47765,118.0,543.5277
sequence_47781,12.0,sequence_47767,105.0,455.0957
sequence_47781,12.0,sequence_47812,121.0,388.80710000000005
sequence_47781,12.0,sequence_47761,120.0,394.5565
sequence_47781,12.0,sequence_47764,118.0,410.1514
sequence_47781,12.0,sequence_47763,122.0,427.2896
sequence_47781,12.0,sequence_47699,62.0,142.11860000000001
sequence_47781,12.0,sequence_47687,92.0,214.3871
sequence_47781,12.0,sequence_47693,64.0,273.458
sequence_47781,12.0,sequence_47690,63.0,258.6087
sequence_47781,12.0,sequence_47712,49.0,147.8725
sequence_47781,12.0,sequence_47714,51.0,130.7343
sequence_47781,12.0,sequence_47725,57.0,175.67860000000002
sequence_47781,12.0,sequence_47669,32.0,307.2355
sequence_47781,12.0,sequence_47668,48.0,344.34630000000004
sequence_47781,12.0,sequence_47670,97.0,244.2717
sequence_47781,12.0,sequence_47665,50.0,242.2348
sequence_47781,12.0,sequence_47661,52.0,232.5811
sequence_47781,12.0,sequence_47667,86.0,396.17539999999997
sequence_47781,12.0,sequence_47726,120.0,358.49190000000004
sequence_47781,12.0,sequence_47734,110.0,368.14560000000006
sequence_47781,12.0,sequence_47811,24.0,299.3763
sequence_47781,12.0,sequence_47662,28.0,343.13000000000005
sequence_47781,12.0,sequence_47731,32.0,298.3227
sequence_47781,12.0,sequence_47733,25.0,198.24810000000002
sequence_47781,12.0,sequence_47732,30.0,314.7382
sequence_47781,12.0,sequence_47755,100.0,122.0322
sequence_47781,12.0,sequence_47746,94.0,251.3347
sequence_47781,12.0,sequence_47754,70.0,222.1068
sequence_47781,12.0,sequence_47753,74.0,119.9953
sequence_47781,12.0,sequence_47740,158.0,170.2133
sequence_47781,12.0,sequence_47742,108.0,140.7514
sequence_47781,12.0,sequence_47715,101.0,133.2791
sequence_47781,12.0,sequence_47718,81.0,139.0285
sequence_47781,12.0,sequence_47717,66.0,270.3679
sequence_47781,12.0,sequence_47720,80.0,398.5486
sequence_47781,12.0,sequence_47716,84.0,211.297
sequence_47781,12.0,sequence_47719,66.0,382.1331
sequence_47781,12.0,sequence_47723,69.0,212.7894
sequence_47781,12.0,sequence_47722,75.0,139.0285
sequence_47781,12.0,sequence_47674,38.0,137.3208
sequence_47781,12.0,sequence_47676,56.0,173.48000000000002
sequence_47781,12.0,sequence_47711,57.0,179.2339
sequence_47781,12.0,sequence_47739,35.0,140.7514
sequence_47781,12.0,sequence_47735,55.0,223.45550000000003
sequence_47781,12.0,sequence_47793,16.0,109.33570000000002
sequence_47781,12.0,sequence_47801,4.0,92.1149
sequence_47781,12.0,sequence_47805,22.0,110.22920000000002
sequence_47781,12.0,sequence_47802,4.0,97.8643
sequence_47781,12.0,sequence_47794,18.0,115.97860000000001
sequence_47781,12.0,sequence_47728,12.0,129.22570000000002
sequence_47781,12.0,sequence_47808,4.0,190.81850000000003
sequence_47781,12.0,sequence_47792,12.0,143.25580000000002
sequence_47781,12.0,sequence_47791,4.0,57.301300000000005
sequence_47781,12.0,sequence_47788,5.0,96.9708
sequence_47781,12.0,sequence_47729,34.0,181.26010000000002
sequence_47781,12.0,sequence_47809,10.0,242.85290000000003
sequence_47781,12.0,sequence_47737,27.0,280.85720000000003
sequence_47781,12.0,sequence_47810,5.57,108.2485
sequence_47781,12.0,sequence_47766,4.19,103.0325
sequence_47781,12.0,sequence_47736,19.0,228.82280000000003
sequence_47777,11.0,sequence_47787,5.0,85.28020000000001
sequence_47777,11.0,sequence_47684,23.0,172.9061
sequence_47777,11.0,sequence_47789,10.0,127.1888
sequence_47777,11.0,sequence_47790,9.0,142.7635
sequence_47777,11.0,sequence_47781,12.0,5.941200000000002
sequence_47777,11.0,sequence_47779,11.0,11.882400000000004
sequence_47777,11.0,sequence_47784,21.0,134.1219
sequence_47777,11.0,sequence_47786,18.0,78.0179
sequence_47777,11.0,sequence_47782,17.0,89.90030000000002
sequence_47777,11.0,sequence_47772,12.0,123.28450000000001
sequence_47777,11.0,sequence_47795,7.0,175.4566
sequence_47777,11.0,sequence_47776,9.0,266.3145
sequence_47777,11.0,sequence_47685,24.0,178.65550000000002
sequence_47777,11.0,sequence_47679,44.0,87.6259
sequence_47777,11.0,sequence_47695,52.0,173.7996
sequence_47777,11.0,sequence_47710,43.0,210.9104
sequence_47777,11.0,sequence_47686,22.0,214.81470000000002
sequence_47777,11.0,sequence_47778,26.0,41.90859999999999
sequence_47777,11.0,sequence_47780,23.0,53.791
sequence_47777,11.0,sequence_47785,25.0,84.9606
sequence_47777,11.0,sequence_47803,12.0,128.0823
sequence_47777,11.0,sequence_47663,36.0,194.7686
sequence_47777,11.0,sequence_47757,36.0,189.0192
sequence_47777,11.0,sequence_47783,24.5,288.4245
sequence_47777,11.0,sequence_47796,20.0,160.43560000000002
sequence_47777,11.0,sequence_47750,25.0,178.1818
sequence_47777,11.0,sequence_47760,26.0,403.9159000000001
sequence_47777,11.0,sequence_47773,19.0,165.19310000000002
sequence_47777,11.0,sequence_47768,17.0,38.0043
sequence_47777,11.0,sequence_47771,18.0,107.1782
sequence_47777,11.0,sequence_47681,44.0,93.3753
sequence_47777,11.0,sequence_47696,47.0,179.549
sequence_47777,11.0,sequence_47680,73.0,236.5971
sequence_47777,11.0,sequence_47673,65.5,125.6302
sequence_47777,11.0,sequence_47700,65.0,411.6902
sequence_47777,11.0,sequence_47689,52.0,222.6413
sequence_47777,11.0,sequence_47683,75.0,278.5057
sequence_47777,11.0,sequence_47697,55.5,215.7082
sequence_47777,11.0,sequence_47678,37.0,252.81900000000002
sequence_47777,11.0,sequence_47682,53.0,129.53449999999998
sequence_47777,11.0,sequence_47724,48.0,163.09449999999998
sequence_47777,11.0,sequence_47806,73.0,365.9729
sequence_47777,11.0,sequence_47807,42.0,211.2523
sequence_47777,11.0,sequence_47804,23.0,48.551500000000004
sequence_47777,11.0,sequence_47800,20.0,48.743300000000005
sequence_47777,11.0,sequence_47799,24.0,54.6845
sequence_47777,11.0,sequence_47664,32.0,200.51800000000003
sequence_47777,11.0,sequence_47666,69.0,375.8029
sequence_47777,11.0,sequence_47671,36.0,269.8837
sequence_47777,11.0,sequence_47727,45.0,326.4288
sequence_47777,11.0,sequence_47756,37.0,343.32180000000005
sequence_47777,11.0,sequence_47775,23.0,469.4588
sequence_47777,11.0,sequence_47730,35.0,198.43990000000002
sequence_47777,11.0,sequence_47758,22.0,215.3329
sequence_47777,11.0,sequence_47797,27.0,282.6751
sequence_47777,11.0,sequence_47798,23.0,186.7493
sequence_47777,11.0,sequence_47751,34.0,183.9312
sequence_47777,11.0,sequence_47741,102.0,104.784
sequence_47777,11.0,sequence_47743,63.0,241.8728
sequence_47777,11.0,sequence_47752,67.0,176.8562
sequence_47777,11.0,sequence_47745,83.0,251.5265
sequence_47777,11.0,sequence_47747,72.0,353.63800000000003
sequence_47777,11.0,sequence_47748,79.0,370.0535
sequence_47777,11.0,sequence_47749,81.0,278.9836
sequence_47777,11.0,sequence_47744,69.0,320.078
sequence_47777,11.0,sequence_47721,40.0,212.6181
sequence_47777,11.0,sequence_47759,36.0,211.7246
sequence_47777,11.0,sequence_47774,21.0,85.6623
sequence_47777,11.0,sequence_47770,25.0,307.0893
sequence_47777,11.0,sequence_47713,51.0,114.2459
sequence_47777,11.0,sequence_47738,55.0,92.9016
sequence_47777,11.0,sequence_47769,25.0,79.9129
sequence_47777,11.0,sequence_47702,69.0,417.4396
sequence_47777,11.0,sequence_47672,76.0,99.3165
sequence_47777,11.0,sequence_47705,71.0,236.4053
sequence_47777,11.0,sequence_47694,51.0,344.689
sequence_47777,11.0,sequence_47691,40.0,111.90060000000001
sequence_47777,11.0,sequence_47701,63.0,560.6614
sequence_47777,11.0,sequence_47706,77.0,429.322
sequence_47777,11.0,sequence_47675,57.0,348.3623
sequence_47777,11.0,sequence_47698,56.0,100.01820000000001
sequence_47777,11.0,sequence_47688,90.0,270.2993
sequence_47777,11.0,sequence_47704,98.0,602.5699999999999
sequence_47777,11.0,sequence_47708,111.0,471.2306
sequence_47777,11.0,sequence_47709,119.0,316.51
sequence_47777,11.0,sequence_47677,103.0,316.51
sequence_47777,11.0,sequence_47692,87.5,148.0598
sequence_47777,11.0,sequence_47703,95.0,453.5988
sequence_47777,11.0,sequence_47707,79.0,322.25939999999997
sequence_47777,11.0,sequence_47762,127.0,394.55649999999997
sequence_47777,11.0,sequence_47765,118.0,537.5865
sequence_47777,11.0,sequence_47767,105.0,449.1545
sequence_47777,11.0,sequence_47812,121.0,382.8659
sequence_47777,11.0,sequence_47761,120.0,388.6153
sequence_47777,11.0,sequence_47764,118.0,404.2102
sequence_47777,11.0,sequence_47763,122.0,421.34839999999997
sequence_47777,11.0,sequence_47699,62.0,136.1774
sequence_47777,11.0,sequence_47687,92.0,220.3283
sequence_47777,11.0,sequence_47693,64.0,279.3992
sequence_47777,11.0,sequence_47690,63.0,264.5499
sequence_47777,11.0,sequence_47712,49.0,141.9313
sequence_47777,11.0,sequence_47714,51.0,124.7931
sequence_47777,11.0,sequence_47725,57.0,169.7374
sequence_47777,11.0,sequence_47669,32.0,313.1767
sequence_47777,11.0,sequence_47668,48.0,350.2875
sequence_47777,11.0,sequence_47670,97.0,250.21290000000002
sequence_47777,11.0,sequence_47665,50.0,248.17600000000002
sequence_47777,11.0,sequence_47661,52.0,238.52230000000003
sequence_47777,11.0,sequence_47667,86.0,402.1166
sequence_47777,11.0,sequence_47726,120.0,364.4331
sequence_47777,11.0,sequence_47734,110.0,374.08680000000004
sequence_47777,11.0,sequence_47811,24.0,305.3175
sequence_47777,11.0,sequence_47662,28.0,349.07120000000003
sequence_47777,11.0,sequence_47731,32.0,304.26390000000004
sequence_47777,11.0,sequence_47733,25.0,204.1893
sequence_47777,11.0,sequence_47732,30.0,320.6794
sequence_47777,11.0,sequence_47755,100.0,116.09100000000001
sequence_47777,11.0,sequence_47746,94.0,257.2759
sequence_47777,11.0,sequence_47754,70.0,216.16559999999998
sequence_47777,11.0,sequence_47753,74.0,114.0541
sequence_47777,11.0,sequence_47740,158.0,176.1545
sequence_47777,11.0,sequence_47742,108.0,146.6926
sequence_47777,11.0,sequence_47715,101.0,139.2203
sequence_47777,11.0,sequence_47718,81.0,144.9697
sequence_47777,11.0,sequence_47717,66.0,276.3091
sequence_47777,11.0,sequence_47720,80.0,404.4898
sequence_47777,11.0,sequence_47716,84.0,217.2382
sequence_47777,11.0,sequence_47719,66.0,388.0743
sequence_47777,11.0,sequence_47723,69.0,206.84820000000002
sequence_47777,11.0,sequence_47722,75.0,133.0873
sequence_47777,11.0,sequence_47674,38.0,131.3796
sequence_47777,11.0,sequence_47676,56.0,167.53879999999998
sequence_47777,11.0,sequence_47711,57.0,173.29269999999997
sequence_47777,11.0,sequence_47739,35.0,134.8102
sequence_47777,11.0,sequence_47735,55.0,217.5143
sequence_47777,11.0,sequence_47793,16.0,103.39450000000001
sequence_47777,11.0,sequence_47801,4.0,86.17370000000001
sequence_47777,11.0,sequence_47805,22.0,104.28800000000001
sequence_47777,11.0,sequence_47802,4.0,91.9231
sequence_47777,11.0,sequence_47794,18.0,110.0374
sequence_47777,11.0,sequence_47728,12.0,123.28450000000001
sequence_47777,11.0,sequence_47808,4.0,184.87730000000002
sequence_47777,11.0,sequence_47792,12.0,137.3146
sequence_47777,11.0,sequence_47791,4.0,51.3601
sequence_47777,11.0,sequence_47788,5.0,91.0296
sequence_47777,11.0,sequence_47729,34.0,175.3189
sequence_47777,11.0,sequence_47809,10.0,236.91170000000002
sequence_47777,11.0,sequence_47737,27.0,274.91600000000005
sequence_47777,11.0,sequence_47810,5.57,102.30730000000001
sequence_47777,11.0,sequence_47766,4.19,97.0913
sequence_47777,11.0,sequence_47736,19.0,222.88160000000002
sequence_47779,11.0,sequence_47787,5.0,85.28020000000001
sequence_47779,11.0,sequence_47684,23.0,172.9061
sequence_47779,11.0,sequence_47789,10.0,127.18879999999999
sequence_47779,11.0,sequence_47790,9.0,142.7635
sequence_47779,11.0,sequence_47781,12.0,5.941200000000002
sequence_47779,11.0,sequence_47777,11.0,11.882400000000004
sequence_47779,11.0,sequence_47784,21.0,122.2395
sequence_47779,11.0,sequence_47786,18.0,89.90030000000002
sequence_47779,11.0,sequence_47782,17.0,78.0179
sequence_47779,11.0,sequence_47772,12.0,123.28450000000001
sequence_47779,11.0,sequence_47795,7.0,175.4566
sequence_47779,11.0,sequence_47776,9.0,266.3145
sequence_47779,11.0,sequence_47685,24.0,178.65550000000002
sequence_47779,11.0,sequence_47679,44.0,99.5083
sequence_47779,11.0,sequence_47695,52.0,173.7996
sequence_47779,11.0,sequence_47710,43.0,210.9104
sequence_47779,11.0,sequence_47686,22.0,214.8147
sequence_47779,11.0,sequence_47778,26.0,53.791
sequence_47779,11.0,sequence_47780,23.0,41.90859999999999
sequence_47779,11.0,sequence_47785,25.0,73.0782
sequence_47779,11.0,sequence_47803,12.0,128.08229999999998
sequence_47779,11.0,sequence_47663,36.0,182.8862
sequence_47779,11.0,sequence_47757,36.0,177.1368
sequence_47779,11.0,sequence_47783,24.5,276.5421
sequence_47779,11.0,sequence_47796,20.0,148.5532
sequence_47779,11.0,sequence_47750,25.0,178.1818
sequence_47779,11.0,sequence_47760,26.0,403.9159000000001
sequence_47779,11.0,sequence_47773,19.0,165.1931
sequence_47779,11.0,sequence_47768,17.0,49.886700000000005
sequence_47779,11.0,sequence_47771,18.0,107.1782
sequence_47779,11.0,sequence_47681,44.0,105.2577
sequence_47779,11.0,sequence_47696,47.0,179.549
sequence_47779,11.0,sequence_47680,73.0,248.47950000000003
sequence_47779,11.0,sequence_47673,65.5,137.51260000000002
sequence_47779,11.0,sequence_47700,65.0,423.5726
sequence_47779,11.0,sequence_47689,52.0,210.7589
sequence_47779,11.0,sequence_47683,75.0,278.50570000000005
sequence_47779,11.0,sequence_47697,55.5,215.70819999999998
sequence_47779,11.0,sequence_47678,37.0,252.819
sequence_47779,11.0,sequence_47682,53.0,141.4169
sequence_47779,11.0,sequence_47724,48.0,174.9769
sequence_47779,11.0,sequence_47806,73.0,377.8553
sequence_47779,11.0,sequence_47807,42.0,223.1347
sequence_47779,11.0,sequence_47804,23.0,60.43390000000001
sequence_47779,11.0,sequence_47800,20.0,48.743300000000005
sequence_47779,11.0,sequence_47799,24.0,42.802099999999996
sequence_47779,11.0,sequence_47664,32.0,188.6356
sequence_47779,11.0,sequence_47666,69.0,363.9205
sequence_47779,11.0,sequence_47671,36.0,258.0013
sequence_47779,11.0,sequence_47727,45.0,314.5464
sequence_47779,11.0,sequence_47756,37.0,331.4394
sequence_47779,11.0,sequence_47775,23.0,457.57640000000004
sequence_47779,11.0,sequence_47730,35.0,186.5575
sequence_47779,11.0,sequence_47758,22.0,203.4505
sequence_47779,11.0,sequence_47797,27.0,270.7927
sequence_47779,11.0,sequence_47798,23.0,174.8669
sequence_47779,11.0,sequence_47751,34.0,183.9312
sequence_47779,11.0,sequence_47741,102.0,92.9016
sequence_47779,11.0,sequence_47743,63.0,241.8728
sequence_47779,11.0,sequence_47752,67.0,176.8562
sequence_47779,11.0,sequence_47745,83.0,251.5265
sequence_47779,11.0,sequence_47747,72.0,341.75559999999996
sequence_47779,11.0,sequence_47748,79.0,358.1711
sequence_47779,11.0,sequence_47749,81.0,267.1012
sequence_47779,11.0,sequence_47744,69.0,308.1956
sequence_47779,11.0,sequence_47721,40.0,212.61809999999997
sequence_47779,11.0,sequence_47759,36.0,211.72459999999998
sequence_47779,11.0,sequence_47774,21.0,97.5447
sequence_47779,11.0,sequence_47770,25.0,295.2069
sequence_47779,11.0,sequence_47713,51.0,126.12830000000001
sequence_47779,11.0,sequence_47738,55.0,104.784
sequence_47779,11.0,sequence_47769,25.0,91.7953
sequence_47779,11.0,sequence_47702,69.0,429.322
sequence_47779,11.0,sequence_47672,76.0,111.19890000000001
sequence_47779,11.0,sequence_47705,71.0,248.2877
sequence_47779,11.0,sequence_47694,51.0,344.689
sequence_47779,11.0,sequence_47691,40.0,100.01820000000001
sequence_47779,11.0,sequence_47701,63.0,572.5438
sequence_47779,11.0,sequence_47706,77.0,441.2044
sequence_47779,11.0,sequence_47675,57.0,360.2447
sequence_47779,11.0,sequence_47698,56.0,111.90060000000001
sequence_47779,11.0,sequence_47688,90.0,258.4169
sequence_47779,11.0,sequence_47704,98.0,602.57
sequence_47779,11.0,sequence_47708,111.0,471.2306
sequence_47779,11.0,sequence_47709,119.0,316.51
sequence_47779,11.0,sequence_47677,103.0,316.51
sequence_47779,11.0,sequence_47692,87.5,136.1774
sequence_47779,11.0,sequence_47703,95.0,465.4812
sequence_47779,11.0,sequence_47707,79.0,334.1418
sequence_47779,11.0,sequence_47762,127.0,406.4389
sequence_47779,11.0,sequence_47765,118.0,549.4689000000001
sequence_47779,11.0,sequence_47767,105.0,461.0369
sequence_47779,11.0,sequence_47812,121.0,394.74830000000003
sequence_47779,11.0,sequence_47761,120.0,400.4977
sequence_47779,11.0,sequence_47764,118.0,416.0926
sequence_47779,11.0,sequence_47763,122.0,433.2308
sequence_47779,11.0,sequence_47699,62.0,148.0598
sequence_47779,11.0,sequence_47687,92.0,208.4459
sequence_47779,11.0,sequence_47693,64.0,279.3992
sequence_47779,11.0,sequence_47690,63.0,252.66750000000002
sequence_47779,11.0,sequence_47712,49.0,153.81369999999998
sequence_47779,11.0,sequence_47714,51.0,136.6755
sequence_47779,11.0,sequence_47725,57.0,181.6198
sequence_47779,11.0,sequence_47669,32.0,301.2943
sequence_47779,11.0,sequence_47668,48.0,338.4051
sequence_47779,11.0,sequence_47670,97.0,238.3305
sequence_47779,11.0,sequence_47665,50.0,236.2936
sequence_47779,11.0,sequence_47661,52.0,226.6399
sequence_47779,11.0,sequence_47667,86.0,390.2342
sequence_47779,11.0,sequence_47726,120.0,352.5507
sequence_47779,11.0,sequence_47734,110.0,362.2044
sequence_47779,11.0,sequence_47811,24.0,293.43510000000003
sequence_47779,11.0,sequence_47662,28.0,337.1888
sequence_47779,11.0,sequence_47731,32.0,292.3815
sequence_47779,11.0,sequence_47733,25.0,192.30689999999998
sequence_47779,11.0,sequence_47732,30.0,308.797
sequence_47779,11.0,sequence_47755,100.0,116.09100000000001
sequence_47779,11.0,sequence_47746,94.0,257.2759
sequence_47779,11.0,sequence_47754,70.0,216.16559999999998
sequence_47779,11.0,sequence_47753,74.0,125.9365
sequence_47779,11.0,sequence_47740,158.0,164.27210000000002
sequence_47779,11.0,sequence_47742,108.0,134.8102
sequence_47779,11.0,sequence_47715,101.0,127.33789999999999
sequence_47779,11.0,sequence_47718,81.0,133.0873
sequence_47779,11.0,sequence_47717,66.0,276.3091
sequence_47779,11.0,sequence_47720,80.0,392.60740000000004
sequence_47779,11.0,sequence_47716,84.0,205.3558
sequence_47779,11.0,sequence_47719,66.0,376.19190000000003
sequence_47779,11.0,sequence_47723,69.0,218.7306
sequence_47779,11.0,sequence_47722,75.0,144.9697
sequence_47779,11.0,sequence_47674,38.0,143.262
sequence_47779,11.0,sequence_47676,56.0,179.4212
sequence_47779,11.0,sequence_47711,57.0,185.1751
sequence_47779,11.0,sequence_47739,35.0,146.6926
sequence_47779,11.0,sequence_47735,55.0,229.3967
sequence_47779,11.0,sequence_47793,16.0,103.39450000000001
sequence_47779,11.0,sequence_47801,4.0,86.17370000000001
sequence_47779,11.0,sequence_47805,22.0,104.28800000000001
sequence_47779,11.0,sequence_47802,4.0,91.9231
sequence_47779,11.0,sequence_47794,18.0,110.03740000000002
sequence_47779,11.0,sequence_47728,12.0,123.28450000000001
sequence_47779,11.0,sequence_47808,4.0,184.87730000000002
sequence_47779,11.0,sequence_47792,12.0,137.3146
sequence_47779,11.0,sequence_47791,4.0,51.3601
sequence_47779,11.0,sequence_47788,5.0,91.0296
sequence_47779,11.0,sequence_47729,34.0,175.3189
sequence_47779,11.0,sequence_47809,10.0,236.91170000000002
sequence_47779,11.0,sequence_47737,27.0,274.91600000000005
sequence_47779,11.0,sequence_47810,5.57,102.30730000000001
sequence_47779,11.0,sequence_47766,4.19,97.0913
sequence_47779,11.0,sequence_47736,19.0,222.88160000000002
sequence_47784,21.0,sequence_47787,5.0,128.1807
sequence_47784,21.0,sequence_47684,23.0,215.8066
sequence_47784,21.0,sequence_47789,10.0,170.08929999999998
sequence_47784,21.0,sequence_47790,9.0,185.664
sequence_47784,21.0,sequence_47781,12.0,128.1807
sequence_47784,21.0,sequence_47777,11.0,134.1219
sequence_47784,21.0,sequence_47779,11.0,122.2395
sequence_47784,21.0,sequence_47786,18.0,212.1398
sequence_47784,21.0,sequence_47782,17.0,44.22160000000001
sequence_47784,21.0,sequence_47772,12.0,166.185
sequence_47784,21.0,sequence_47795,7.0,218.3571
sequence_47784,21.0,sequence_47776,9.0,309.21500000000003
sequence_47784,21.0,sequence_47685,24.0,221.556
sequence_47784,21.0,sequence_47679,44.0,221.7478
sequence_47784,21.0,sequence_47695,52.0,216.70010000000002
sequence_47784,21.0,sequence_47710,43.0,253.8109
sequence_47784,21.0,sequence_47686,22.0,257.7152
sequence_47784,21.0,sequence_47778,26.0,176.0305
sequence_47784,21.0,sequence_47780,23.0,164.1481
sequence_47784,21.0,sequence_47785,25.0,132.9785
sequence_47784,21.0,sequence_47803,12.0,170.98279999999997
sequence_47784,21.0,sequence_47663,36.0,60.646699999999996
sequence_47784,21.0,sequence_47757,36.0,54.8973
sequence_47784,21.0,sequence_47783,24.5,154.3026
sequence_47784,21.0,sequence_47796,20.0,26.313699999999997
sequence_47784,21.0,sequence_47750,25.0,221.0823
sequence_47784,21.0,sequence_47760,26.0,446.81640000000004
sequence_47784,21.0,sequence_47773,19.0,208.09359999999998
sequence_47784,21.0,sequence_47768,17.0,172.1262
sequence_47784,21.0,sequence_47771,18.0,167.07850000000002
sequence_47784,21.0,sequence_47681,44.0,227.49720000000002
sequence_47784,21.0,sequence_47696,47.0,222.4495
sequence_47784,21.0,sequence_47680,73.0,370.719
sequence_47784,21.0,sequence_47673,65.5,259.75210000000004
sequence_47784,21.0,sequence_47700,65.0,545.8121
sequence_47784,21.0,sequence_47689,52.0,88.5194
sequence_47784,21.0,sequence_47683,75.0,400.7452
sequence_47784,21.0,sequence_47697,55.5,258.6087
sequence_47784,21.0,sequence_47678,37.0,295.7195
sequence_47784,21.0,sequence_47682,53.0,263.65639999999996
sequence_47784,21.0,sequence_47724,48.0,297.2164
sequence_47784,21.0,sequence_47806,73.0,500.09479999999996
sequence_47784,21.0,sequence_47807,42.0,345.3742
sequence_47784,21.0,sequence_47804,23.0,182.6734
sequence_47784,21.0,sequence_47800,20.0,170.98279999999997
sequence_47784,21.0,sequence_47799,24.0,165.0416
sequence_47784,21.0,sequence_47664,32.0,66.39609999999999
sequence_47784,21.0,sequence_47666,69.0,241.681
sequence_47784,21.0,sequence_47671,36.0,135.7618
sequence_47784,21.0,sequence_47727,45.0,192.3069
sequence_47784,21.0,sequence_47756,37.0,209.1999
sequence_47784,21.0,sequence_47775,23.0,335.3369
sequence_47784,21.0,sequence_47730,35.0,64.318
sequence_47784,21.0,sequence_47758,22.0,81.211
sequence_47784,21.0,sequence_47797,27.0,148.5532
sequence_47784,21.0,sequence_47798,23.0,52.627399999999994
sequence_47784,21.0,sequence_47751,34.0,226.8317
sequence_47784,21.0,sequence_47741,102.0,215.1411
sequence_47784,21.0,sequence_47743,63.0,364.1123
sequence_47784,21.0,sequence_47752,67.0,154.5677
sequence_47784,21.0,sequence_47745,83.0,373.7660000000001
sequence_47784,21.0,sequence_47747,72.0,252.3471
sequence_47784,21.0,sequence_47748,79.0,235.9316
sequence_47784,21.0,sequence_47749,81.0,327.00149999999996
sequence_47784,21.0,sequence_47744,69.0,285.9071
sequence_47784,21.0,sequence_47721,40.0,255.5186
sequence_47784,21.0,sequence_47759,36.0,254.62509999999997
sequence_47784,21.0,sequence_47774,21.0,219.7842
sequence_47784,21.0,sequence_47770,25.0,272.9184
sequence_47784,21.0,sequence_47713,51.0,248.36780000000002
sequence_47784,21.0,sequence_47738,55.0,227.0235
sequence_47784,21.0,sequence_47769,25.0,214.0348
sequence_47784,21.0,sequence_47702,69.0,551.5615
sequence_47784,21.0,sequence_47672,76.0,233.43840000000003
sequence_47784,21.0,sequence_47705,71.0,370.5272
sequence_47784,21.0,sequence_47694,51.0,222.4495
sequence_47784,21.0,sequence_47691,40.0,210.7589
sequence_47784,21.0,sequence_47701,63.0,694.7833
sequence_47784,21.0,sequence_47706,77.0,563.4439
sequence_47784,21.0,sequence_47675,57.0,482.48420000000004
sequence_47784,21.0,sequence_47698,56.0,234.14010000000002
sequence_47784,21.0,sequence_47688,90.0,136.1774
sequence_47784,21.0,sequence_47704,98.0,724.8095000000001
sequence_47784,21.0,sequence_47708,111.0,593.4701
sequence_47784,21.0,sequence_47709,119.0,438.7495
sequence_47784,21.0,sequence_47677,103.0,438.7495
sequence_47784,21.0,sequence_47692,87.5,246.91810000000004
sequence_47784,21.0,sequence_47703,95.0,587.7207
sequence_47784,21.0,sequence_47707,79.0,456.3813
sequence_47784,21.0,sequence_47762,127.0,528.6784
sequence_47784,21.0,sequence_47765,118.0,671.7084
sequence_47784,21.0,sequence_47767,105.0,583.2764
sequence_47784,21.0,sequence_47812,121.0,516.9878
sequence_47784,21.0,sequence_47761,120.0,522.7372
sequence_47784,21.0,sequence_47764,118.0,538.3321
sequence_47784,21.0,sequence_47763,122.0,555.4703
sequence_47784,21.0,sequence_47699,62.0,270.2993
sequence_47784,21.0,sequence_47687,92.0,174.64960000000002
sequence_47784,21.0,sequence_47693,64.0,401.63870000000003
sequence_47784,21.0,sequence_47690,63.0,130.428
sequence_47784,21.0,sequence_47712,49.0,276.0532
sequence_47784,21.0,sequence_47714,51.0,258.91499999999996
sequence_47784,21.0,sequence_47725,57.0,303.8593
sequence_47784,21.0,sequence_47669,32.0,179.0548
sequence_47784,21.0,sequence_47668,48.0,216.1656
sequence_47784,21.0,sequence_47670,97.0,116.091
sequence_47784,21.0,sequence_47665,50.0,114.05409999999999
sequence_47784,21.0,sequence_47661,52.0,104.40039999999999
sequence_47784,21.0,sequence_47667,86.0,267.9947
sequence_47784,21.0,sequence_47726,120.0,230.3112
sequence_47784,21.0,sequence_47734,110.0,239.9649
sequence_47784,21.0,sequence_47811,24.0,171.1956
sequence_47784,21.0,sequence_47662,28.0,214.9493
sequence_47784,21.0,sequence_47731,32.0,170.142
sequence_47784,21.0,sequence_47733,25.0,70.06739999999999
sequence_47784,21.0,sequence_47732,30.0,186.5575
sequence_47784,21.0,sequence_47755,100.0,226.8317
sequence_47784,21.0,sequence_47746,94.0,379.5154
sequence_47784,21.0,sequence_47754,70.0,126.75710000000001
sequence_47784,21.0,sequence_47753,74.0,248.17600000000002
sequence_47784,21.0,sequence_47740,158.0,286.51160000000004
sequence_47784,21.0,sequence_47742,108.0,257.04970000000003
sequence_47784,21.0,sequence_47715,101.0,249.5774
sequence_47784,21.0,sequence_47718,81.0,243.82800000000003
sequence_47784,21.0,sequence_47717,66.0,398.54859999999996
sequence_47784,21.0,sequence_47720,80.0,270.3679
sequence_47784,21.0,sequence_47716,84.0,171.5595
sequence_47784,21.0,sequence_47719,66.0,286.78340000000003
sequence_47784,21.0,sequence_47723,69.0,340.9701
sequence_47784,21.0,sequence_47722,75.0,267.2092
sequence_47784,21.0,sequence_47674,38.0,265.5015
sequence_47784,21.0,sequence_47676,56.0,301.6607
sequence_47784,21.0,sequence_47711,57.0,307.41459999999995
sequence_47784,21.0,sequence_47739,35.0,268.9321
sequence_47784,21.0,sequence_47735,55.0,351.63620000000003
sequence_47784,21.0,sequence_47793,16.0,214.13520000000003
sequence_47784,21.0,sequence_47801,4.0,129.0742
sequence_47784,21.0,sequence_47805,22.0,215.02870000000001
sequence_47784,21.0,sequence_47802,4.0,134.8236
sequence_47784,21.0,sequence_47794,18.0,220.77810000000002
sequence_47784,21.0,sequence_47728,12.0,166.185
sequence_47784,21.0,sequence_47808,4.0,227.7778
sequence_47784,21.0,sequence_47792,12.0,180.2151
sequence_47784,21.0,sequence_47791,4.0,162.10080000000002
sequence_47784,21.0,sequence_47788,5.0,133.9301
sequence_47784,21.0,sequence_47729,34.0,218.2194
sequence_47784,21.0,sequence_47809,10.0,279.8122
sequence_47784,21.0,sequence_47737,27.0,317.8165
sequence_47784,21.0,sequence_47810,5.57,145.2078
sequence_47784,21.0,sequence_47766,4.19,139.9918
sequence_47784,21.0,sequence_47736,19.0,265.7821
sequence_47786,18.0,sequence_47787,5.0,83.9591
sequence_47786,18.0,sequence_47684,23.0,171.585
sequence_47786,18.0,sequence_47789,10.0,125.8677
sequence_47786,18.0,sequence_47790,9.0,141.4424
sequence_47786,18.0,sequence_47781,12.0,83.9591
sequence_47786,18.0,sequence_47777,11.0,78.0179
sequence_47786,18.0,sequence_47779,11.0,89.90030000000002
sequence_47786,18.0,sequence_47784,21.0,212.1398
sequence_47786,18.0,sequence_47782,17.0,167.9182
sequence_47786,18.0,sequence_47772,12.0,121.96340000000001
sequence_47786,18.0,sequence_47795,7.0,174.1355
sequence_47786,18.0,sequence_47776,9.0,264.9934
sequence_47786,18.0,sequence_47685,24.0,177.33440000000002
sequence_47786,18.0,sequence_47679,44.0,165.6438
sequence_47786,18.0,sequence_47695,52.0,172.4785
sequence_47786,18.0,sequence_47710,43.0,209.5893
sequence_47786,18.0,sequence_47686,22.0,213.49360000000001
sequence_47786,18.0,sequence_47778,26.0,119.92649999999999
sequence_47786,18.0,sequence_47780,23.0,131.8089
sequence_47786,18.0,sequence_47785,25.0,162.9785
sequence_47786,18.0,sequence_47803,12.0,126.7612
sequence_47786,18.0,sequence_47663,36.0,272.7865
sequence_47786,18.0,sequence_47757,36.0,267.0371
sequence_47786,18.0,sequence_47783,24.5,366.4424
sequence_47786,18.0,sequence_47796,20.0,238.45350000000002
sequence_47786,18.0,sequence_47750,25.0,176.8607
sequence_47786,18.0,sequence_47760,26.0,402.5948000000001
sequence_47786,18.0,sequence_47773,19.0,163.872
sequence_47786,18.0,sequence_47768,17.0,116.0222
sequence_47786,18.0,sequence_47771,18.0,121.06989999999999
sequence_47786,18.0,sequence_47681,44.0,171.39319999999998
sequence_47786,18.0,sequence_47696,47.0,178.2279
sequence_47786,18.0,sequence_47680,73.0,314.615
sequence_47786,18.0,sequence_47673,65.5,203.6481
sequence_47786,18.0,sequence_47700,65.0,489.7081
sequence_47786,18.0,sequence_47689,52.0,300.6592
sequence_47786,18.0,sequence_47683,75.0,356.5236
sequence_47786,18.0,sequence_47697,55.5,214.3871
sequence_47786,18.0,sequence_47678,37.0,251.49790000000002
sequence_47786,18.0,sequence_47682,53.0,207.55239999999998
sequence_47786,18.0,sequence_47724,48.0,241.11239999999998
sequence_47786,18.0,sequence_47806,73.0,443.9908
sequence_47786,18.0,sequence_47807,42.0,289.2702
sequence_47786,18.0,sequence_47804,23.0,115.0706
sequence_47786,18.0,sequence_47800,20.0,126.7612
sequence_47786,18.0,sequence_47799,24.0,132.70239999999998
sequence_47786,18.0,sequence_47664,32.0,278.5359
sequence_47786,18.0,sequence_47666,69.0,453.8208
sequence_47786,18.0,sequence_47671,36.0,347.90160000000003
sequence_47786,18.0,sequence_47727,45.0,404.4467
sequence_47786,18.0,sequence_47756,37.0,421.3397
sequence_47786,18.0,sequence_47775,23.0,547.4767
sequence_47786,18.0,sequence_47730,35.0,276.4578
sequence_47786,18.0,sequence_47758,22.0,293.3508
sequence_47786,18.0,sequence_47797,27.0,360.69300000000004
sequence_47786,18.0,sequence_47798,23.0,264.7672
sequence_47786,18.0,sequence_47751,34.0,182.6101
sequence_47786,18.0,sequence_47741,102.0,182.80190000000002
sequence_47786,18.0,sequence_47743,63.0,319.89070000000004
sequence_47786,18.0,sequence_47752,67.0,243.3753
sequence_47786,18.0,sequence_47745,83.0,329.5444
sequence_47786,18.0,sequence_47747,72.0,431.6559
sequence_47786,18.0,sequence_47748,79.0,448.07140000000004
sequence_47786,18.0,sequence_47749,81.0,357.00149999999996
sequence_47786,18.0,sequence_47744,69.0,398.09590000000003
sequence_47786,18.0,sequence_47721,40.0,211.297
sequence_47786,18.0,sequence_47759,36.0,210.4035
sequence_47786,18.0,sequence_47774,21.0,152.1814
sequence_47786,18.0,sequence_47770,25.0,385.1072
sequence_47786,18.0,sequence_47713,51.0,192.2638
sequence_47786,18.0,sequence_47738,55.0,170.9195
sequence_47786,18.0,sequence_47769,25.0,157.93079999999998
sequence_47786,18.0,sequence_47702,69.0,495.4575
sequence_47786,18.0,sequence_47672,76.0,177.33440000000002
sequence_47786,18.0,sequence_47705,71.0,314.4232
sequence_47786,18.0,sequence_47694,51.0,266.6711
sequence_47786,18.0,sequence_47691,40.0,189.9185
sequence_47786,18.0,sequence_47701,63.0,638.6793
sequence_47786,18.0,sequence_47706,77.0,507.3399
sequence_47786,18.0,sequence_47675,57.0,426.3802
sequence_47786,18.0,sequence_47698,56.0,166.53730000000002
sequence_47786,18.0,sequence_47688,90.0,348.3172
sequence_47786,18.0,sequence_47704,98.0,680.5879
sequence_47786,18.0,sequence_47708,111.0,549.2484999999999
sequence_47786,18.0,sequence_47709,119.0,394.5279
sequence_47786,18.0,sequence_47677,103.0,394.5279
sequence_47786,18.0,sequence_47692,87.5,226.0777
sequence_47786,18.0,sequence_47703,95.0,531.6167
sequence_47786,18.0,sequence_47707,79.0,400.27729999999997
sequence_47786,18.0,sequence_47762,127.0,472.57439999999997
sequence_47786,18.0,sequence_47765,118.0,615.6044
sequence_47786,18.0,sequence_47767,105.0,527.1724
sequence_47786,18.0,sequence_47812,121.0,460.8838
sequence_47786,18.0,sequence_47761,120.0,466.6332
sequence_47786,18.0,sequence_47764,118.0,482.2281
sequence_47786,18.0,sequence_47763,122.0,499.36629999999997
sequence_47786,18.0,sequence_47699,62.0,202.69650000000001
sequence_47786,18.0,sequence_47687,92.0,298.3462
sequence_47786,18.0,sequence_47693,64.0,357.4171
sequence_47786,18.0,sequence_47690,63.0,342.56780000000003
sequence_47786,18.0,sequence_47712,49.0,208.4504
sequence_47786,18.0,sequence_47714,51.0,191.3122
sequence_47786,18.0,sequence_47725,57.0,236.25650000000002
sequence_47786,18.0,sequence_47669,32.0,391.19460000000004
sequence_47786,18.0,sequence_47668,48.0,428.3054
sequence_47786,18.0,sequence_47670,97.0,328.23080000000004
sequence_47786,18.0,sequence_47665,50.0,326.1939
sequence_47786,18.0,sequence_47661,52.0,316.5402
sequence_47786,18.0,sequence_47667,86.0,480.1345
sequence_47786,18.0,sequence_47726,120.0,442.451
sequence_47786,18.0,sequence_47734,110.0,452.10470000000004
sequence_47786,18.0,sequence_47811,24.0,383.33540000000005
sequence_47786,18.0,sequence_47662,28.0,427.08910000000003
sequence_47786,18.0,sequence_47731,32.0,382.2818
sequence_47786,18.0,sequence_47733,25.0,282.2072
sequence_47786,18.0,sequence_47732,30.0,398.69730000000004
sequence_47786,18.0,sequence_47755,100.0,182.6101
sequence_47786,18.0,sequence_47746,94.0,335.29380000000003
sequence_47786,18.0,sequence_47754,70.0,282.6847
sequence_47786,18.0,sequence_47753,74.0,180.57319999999999
sequence_47786,18.0,sequence_47740,158.0,254.1724
sequence_47786,18.0,sequence_47742,108.0,224.7105
sequence_47786,18.0,sequence_47715,101.0,217.2382
sequence_47786,18.0,sequence_47718,81.0,222.9876
sequence_47786,18.0,sequence_47717,66.0,354.327
sequence_47786,18.0,sequence_47720,80.0,482.5077
sequence_47786,18.0,sequence_47716,84.0,295.2561
sequence_47786,18.0,sequence_47719,66.0,466.0922
sequence_47786,18.0,sequence_47723,69.0,273.3673
sequence_47786,18.0,sequence_47722,75.0,199.6064
sequence_47786,18.0,sequence_47674,38.0,209.39749999999998
sequence_47786,18.0,sequence_47676,56.0,245.55669999999998
sequence_47786,18.0,sequence_47711,57.0,251.31059999999997
sequence_47786,18.0,sequence_47739,35.0,212.8281
sequence_47786,18.0,sequence_47735,55.0,295.5322
sequence_47786,18.0,sequence_47793,16.0,25.37660000000001
sequence_47786,18.0,sequence_47801,4.0,84.85260000000001
sequence_47786,18.0,sequence_47805,22.0,26.27010000000001
sequence_47786,18.0,sequence_47802,4.0,90.602
sequence_47786,18.0,sequence_47794,18.0,32.01950000000001
sequence_47786,18.0,sequence_47728,12.0,121.96340000000001
sequence_47786,18.0,sequence_47808,4.0,183.55620000000002
sequence_47786,18.0,sequence_47792,12.0,59.29670000000001
sequence_47786,18.0,sequence_47791,4.0,50.039
sequence_47786,18.0,sequence_47788,5.0,89.7085
sequence_47786,18.0,sequence_47729,34.0,97.30100000000002
sequence_47786,18.0,sequence_47809,10.0,158.89380000000003
sequence_47786,18.0,sequence_47737,27.0,196.89810000000003
sequence_47786,18.0,sequence_47810,5.57,100.98620000000001
sequence_47786,18.0,sequence_47766,4.19,95.7702
sequence_47786,18.0,sequence_47736,19.0,221.56050000000002
sequence_47782,17.0,sequence_47787,5.0,83.9591
sequence_47782,17.0,sequence_47684,23.0,171.585
sequence_47782,17.0,sequence_47789,10.0,125.86769999999999
sequence_47782,17.0,sequence_47790,9.0,141.4424
sequence_47782,17.0,sequence_47781,12.0,83.9591
sequence_47782,17.0,sequence_47777,11.0,89.90030000000002
sequence_47782,17.0,sequence_47779,11.0,78.0179
sequence_47782,17.0,sequence_47784,21.0,44.22160000000001
sequence_47782,17.0,sequence_47786,18.0,167.9182
sequence_47782,17.0,sequence_47772,12.0,121.96340000000001
sequence_47782,17.0,sequence_47795,7.0,174.1355
sequence_47782,17.0,sequence_47776,9.0,264.9934
sequence_47782,17.0,sequence_47685,24.0,177.33440000000002
sequence_47782,17.0,sequence_47679,44.0,177.52620000000002
sequence_47782,17.0,sequence_47695,52.0,172.4785
sequence_47782,17.0,sequence_47710,43.0,209.5893
sequence_47782,17.0,sequence_47686,22.0,213.4936
sequence_47782,17.0,sequence_47778,26.0,131.8089
sequence_47782,17.0,sequence_47780,23.0,119.92649999999999
sequence_47782,17.0,sequence_47785,25.0,88.75689999999999
sequence_47782,17.0,sequence_47803,12.0,126.76119999999999
sequence_47782,17.0,sequence_47663,36.0,104.8683
sequence_47782,17.0,sequence_47757,36.0,99.11890000000001
sequence_47782,17.0,sequence_47783,24.5,198.5242
sequence_47782,17.0,sequence_47796,20.0,70.5353
sequence_47782,17.0,sequence_47750,25.0,176.8607
sequence_47782,17.0,sequence_47760,26.0,402.5948000000001
sequence_47782,17.0,sequence_47773,19.0,163.87199999999999
sequence_47782,17.0,sequence_47768,17.0,127.90460000000002
sequence_47782,17.0,sequence_47771,18.0,122.8569
sequence_47782,17.0,sequence_47681,44.0,183.2756
sequence_47782,17.0,sequence_47696,47.0,178.2279
sequence_47782,17.0,sequence_47680,73.0,326.4974
sequence_47782,17.0,sequence_47673,65.5,215.53050000000002
sequence_47782,17.0,sequence_47700,65.0,501.5905
sequence_47782,17.0,sequence_47689,52.0,132.741
sequence_47782,17.0,sequence_47683,75.0,356.5236
sequence_47782,17.0,sequence_47697,55.5,214.38709999999998
sequence_47782,17.0,sequence_47678,37.0,251.4979
sequence_47782,17.0,sequence_47682,53.0,219.4348
sequence_47782,17.0,sequence_47724,48.0,252.9948
sequence_47782,17.0,sequence_47806,73.0,455.8732
sequence_47782,17.0,sequence_47807,42.0,301.1526
sequence_47782,17.0,sequence_47804,23.0,138.4518
sequence_47782,17.0,sequence_47800,20.0,126.7612
sequence_47782,17.0,sequence_47799,24.0,120.82
sequence_47782,17.0,sequence_47664,32.0,110.61770000000001
sequence_47782,17.0,sequence_47666,69.0,285.9026
sequence_47782,17.0,sequence_47671,36.0,179.98340000000002
sequence_47782,17.0,sequence_47727,45.0,236.5285
sequence_47782,17.0,sequence_47756,37.0,253.4215
sequence_47782,17.0,sequence_47775,23.0,379.5585
sequence_47782,17.0,sequence_47730,35.0,108.53960000000001
sequence_47782,17.0,sequence_47758,22.0,125.43260000000001
sequence_47782,17.0,sequence_47797,27.0,192.77480000000003
sequence_47782,17.0,sequence_47798,23.0,96.849
sequence_47782,17.0,sequence_47751,34.0,182.6101
sequence_47782,17.0,sequence_47741,102.0,170.9195
sequence_47782,17.0,sequence_47743,63.0,319.89070000000004
sequence_47782,17.0,sequence_47752,67.0,110.3461
sequence_47782,17.0,sequence_47745,83.0,329.5444
sequence_47782,17.0,sequence_47747,72.0,263.7377
sequence_47782,17.0,sequence_47748,79.0,280.15319999999997
sequence_47782,17.0,sequence_47749,81.0,282.7799
sequence_47782,17.0,sequence_47744,69.0,241.6855
sequence_47782,17.0,sequence_47721,40.0,211.29699999999997
sequence_47782,17.0,sequence_47759,36.0,210.40349999999998
sequence_47782,17.0,sequence_47774,21.0,175.5626
sequence_47782,17.0,sequence_47770,25.0,228.6968
sequence_47782,17.0,sequence_47713,51.0,204.14620000000002
sequence_47782,17.0,sequence_47738,55.0,182.80190000000002
sequence_47782,17.0,sequence_47769,25.0,169.8132
sequence_47782,17.0,sequence_47702,69.0,507.3399
sequence_47782,17.0,sequence_47672,76.0,189.2168
sequence_47782,17.0,sequence_47705,71.0,326.3056
sequence_47782,17.0,sequence_47694,51.0,266.6711
sequence_47782,17.0,sequence_47691,40.0,166.53730000000002
sequence_47782,17.0,sequence_47701,63.0,650.5617
sequence_47782,17.0,sequence_47706,77.0,519.2223
sequence_47782,17.0,sequence_47675,57.0,438.2626
sequence_47782,17.0,sequence_47698,56.0,189.9185
sequence_47782,17.0,sequence_47688,90.0,180.399
sequence_47782,17.0,sequence_47704,98.0,680.5879
sequence_47782,17.0,sequence_47708,111.0,549.2484999999999
sequence_47782,17.0,sequence_47709,119.0,394.5279
sequence_47782,17.0,sequence_47677,103.0,394.5279
sequence_47782,17.0,sequence_47692,87.5,202.69650000000001
sequence_47782,17.0,sequence_47703,95.0,543.4991
sequence_47782,17.0,sequence_47707,79.0,412.1597
sequence_47782,17.0,sequence_47762,127.0,484.4568
sequence_47782,17.0,sequence_47765,118.0,627.4868
sequence_47782,17.0,sequence_47767,105.0,539.0548
sequence_47782,17.0,sequence_47812,121.0,472.7662
sequence_47782,17.0,sequence_47761,120.0,478.5156
sequence_47782,17.0,sequence_47764,118.0,494.1105
sequence_47782,17.0,sequence_47763,122.0,511.2487
sequence_47782,17.0,sequence_47699,62.0,226.0777
sequence_47782,17.0,sequence_47687,92.0,130.428
sequence_47782,17.0,sequence_47693,64.0,357.4171
sequence_47782,17.0,sequence_47690,63.0,174.64960000000002
sequence_47782,17.0,sequence_47712,49.0,231.83159999999998
sequence_47782,17.0,sequence_47714,51.0,214.6934
sequence_47782,17.0,sequence_47725,57.0,259.6377
sequence_47782,17.0,sequence_47669,32.0,223.2764
sequence_47782,17.0,sequence_47668,48.0,260.3872
sequence_47782,17.0,sequence_47670,97.0,160.3126
sequence_47782,17.0,sequence_47665,50.0,158.2757
sequence_47782,17.0,sequence_47661,52.0,148.622
sequence_47782,17.0,sequence_47667,86.0,312.21630000000005
sequence_47782,17.0,sequence_47726,120.0,274.5328
sequence_47782,17.0,sequence_47734,110.0,284.1865
sequence_47782,17.0,sequence_47811,24.0,215.4172
sequence_47782,17.0,sequence_47662,28.0,259.1709
sequence_47782,17.0,sequence_47731,32.0,214.36360000000002
sequence_47782,17.0,sequence_47733,25.0,114.28900000000002
sequence_47782,17.0,sequence_47732,30.0,230.77910000000003
sequence_47782,17.0,sequence_47755,100.0,182.6101
sequence_47782,17.0,sequence_47746,94.0,335.29380000000003
sequence_47782,17.0,sequence_47754,70.0,138.14770000000001
sequence_47782,17.0,sequence_47753,74.0,203.9544
sequence_47782,17.0,sequence_47740,158.0,242.29
sequence_47782,17.0,sequence_47742,108.0,212.8281
sequence_47782,17.0,sequence_47715,101.0,205.3558
sequence_47782,17.0,sequence_47718,81.0,199.6064
sequence_47782,17.0,sequence_47717,66.0,354.327
sequence_47782,17.0,sequence_47720,80.0,314.58950000000004
sequence_47782,17.0,sequence_47716,84.0,127.33789999999999
sequence_47782,17.0,sequence_47719,66.0,298.17400000000004
sequence_47782,17.0,sequence_47723,69.0,296.74850000000004
sequence_47782,17.0,sequence_47722,75.0,222.9876
sequence_47782,17.0,sequence_47674,38.0,221.2799
sequence_47782,17.0,sequence_47676,56.0,257.4391
sequence_47782,17.0,sequence_47711,57.0,263.193
sequence_47782,17.0,sequence_47739,35.0,224.7105
sequence_47782,17.0,sequence_47735,55.0,307.4146
sequence_47782,17.0,sequence_47793,16.0,169.91360000000003
sequence_47782,17.0,sequence_47801,4.0,84.85260000000001
sequence_47782,17.0,sequence_47805,22.0,170.80710000000002
sequence_47782,17.0,sequence_47802,4.0,90.602
sequence_47782,17.0,sequence_47794,18.0,176.55650000000003
sequence_47782,17.0,sequence_47728,12.0,121.96340000000001
sequence_47782,17.0,sequence_47808,4.0,183.55620000000002
sequence_47782,17.0,sequence_47792,12.0,135.9935
sequence_47782,17.0,sequence_47791,4.0,117.8792
sequence_47782,17.0,sequence_47788,5.0,89.7085
sequence_47782,17.0,sequence_47729,34.0,173.9978
sequence_47782,17.0,sequence_47809,10.0,235.59060000000002
sequence_47782,17.0,sequence_47737,27.0,273.59490000000005
sequence_47782,17.0,sequence_47810,5.57,100.98620000000001
sequence_47782,17.0,sequence_47766,4.19,95.7702
sequence_47782,17.0,sequence_47736,19.0,221.56050000000002
sequence_47772,12.0,sequence_47787,5.0,38.0043
sequence_47772,12.0,sequence_47684,23.0,125.6302
sequence_47772,12.0,sequence_47789,10.0,79.9129
sequence_47772,12.0,sequence_47790,9.0,95.4876
sequence_47772,12.0,sequence_47781,12.0,129.22570000000002
sequence_47772,12.0,sequence_47777,11.0,123.28450000000001
sequence_47772,12.0,sequence_47779,11.0,123.28450000000001
sequence_47772,12.0,sequence_47784,21.0,166.185
sequence_47772,12.0,sequence_47786,18.0,121.96340000000001
sequence_47772,12.0,sequence_47782,17.0,121.96340000000001
sequence_47772,12.0,sequence_47795,7.0,128.1807
sequence_47772,12.0,sequence_47776,9.0,143.03
sequence_47772,12.0,sequence_47685,24.0,131.3796
sequence_47772,12.0,sequence_47679,44.0,210.9104
sequence_47772,12.0,sequence_47695,52.0,124.7367
sequence_47772,12.0,sequence_47710,43.0,161.8475
sequence_47772,12.0,sequence_47686,22.0,167.53879999999998
sequence_47772,12.0,sequence_47778,26.0,165.19310000000002
sequence_47772,12.0,sequence_47780,23.0,165.1931
sequence_47772,12.0,sequence_47785,25.0,134.02349999999998
sequence_47772,12.0,sequence_47803,12.0,79.01939999999999
sequence_47772,12.0,sequence_47663,36.0,226.8317
sequence_47772,12.0,sequence_47757,36.0,221.0823
sequence_47772,12.0,sequence_47783,24.5,320.4876
sequence_47772,12.0,sequence_47796,20.0,139.8713
sequence_47772,12.0,sequence_47750,25.0,54.8973
sequence_47772,12.0,sequence_47760,26.0,280.6314
sequence_47772,12.0,sequence_47773,19.0,41.90859999999999
sequence_47772,12.0,sequence_47768,17.0,85.28020000000001
sequence_47772,12.0,sequence_47771,18.0,16.1063
sequence_47772,12.0,sequence_47681,44.0,216.65980000000002
sequence_47772,12.0,sequence_47696,47.0,130.4861
sequence_47772,12.0,sequence_47680,73.0,359.88160000000005
sequence_47772,12.0,sequence_47673,65.5,172.9061
sequence_47772,12.0,sequence_47700,65.0,458.9661
sequence_47772,12.0,sequence_47689,52.0,252.9174
sequence_47772,12.0,sequence_47683,75.0,401.79019999999997
sequence_47772,12.0,sequence_47697,55.5,166.6453
sequence_47772,12.0,sequence_47678,37.0,129.53449999999998
sequence_47772,12.0,sequence_47682,53.0,252.81900000000002
sequence_47772,12.0,sequence_47724,48.0,286.379
sequence_47772,12.0,sequence_47806,73.0,413.2488
sequence_47772,12.0,sequence_47807,42.0,281.9094
sequence_47772,12.0,sequence_47804,23.0,158.55020000000002
sequence_47772,12.0,sequence_47800,20.0,170.24079999999998
sequence_47772,12.0,sequence_47799,24.0,164.2996
sequence_47772,12.0,sequence_47664,32.0,232.5811
sequence_47772,12.0,sequence_47666,69.0,331.8574
sequence_47772,12.0,sequence_47671,36.0,225.9382
sequence_47772,12.0,sequence_47727,45.0,358.4919
sequence_47772,12.0,sequence_47756,37.0,375.3849
sequence_47772,12.0,sequence_47775,23.0,425.51329999999996
sequence_47772,12.0,sequence_47730,35.0,177.87560000000002
sequence_47772,12.0,sequence_47758,22.0,194.7686
sequence_47772,12.0,sequence_47797,27.0,262.11080000000004
sequence_47772,12.0,sequence_47798,23.0,166.18499999999997
sequence_47772,12.0,sequence_47751,34.0,60.6467
sequence_47772,12.0,sequence_47741,102.0,140.1775
sequence_47772,12.0,sequence_47743,63.0,289.14869999999996
sequence_47772,12.0,sequence_47752,67.0,121.4119
sequence_47772,12.0,sequence_47745,83.0,298.8024
sequence_47772,12.0,sequence_47747,72.0,309.6925
sequence_47772,12.0,sequence_47748,79.0,326.10799999999995
sequence_47772,12.0,sequence_47749,81.0,252.03789999999998
sequence_47772,12.0,sequence_47744,69.0,276.1325
sequence_47772,12.0,sequence_47721,40.0,89.33359999999999
sequence_47772,12.0,sequence_47759,36.0,88.4401
sequence_47772,12.0,sequence_47774,21.0,121.4394
sequence_47772,12.0,sequence_47770,25.0,263.14379999999994
sequence_47772,12.0,sequence_47713,51.0,161.5218
sequence_47772,12.0,sequence_47738,55.0,140.1775
sequence_47772,12.0,sequence_47769,25.0,127.1888
sequence_47772,12.0,sequence_47702,69.0,464.7155
sequence_47772,12.0,sequence_47672,76.0,222.601
sequence_47772,12.0,sequence_47705,71.0,359.68980000000005
sequence_47772,12.0,sequence_47694,51.0,295.6261
sequence_47772,12.0,sequence_47691,40.0,210.01690000000002
sequence_47772,12.0,sequence_47701,63.0,607.9373
sequence_47772,12.0,sequence_47706,77.0,476.5979
sequence_47772,12.0,sequence_47675,57.0,395.6382
sequence_47772,12.0,sequence_47698,56.0,210.01690000000002
sequence_47772,12.0,sequence_47688,90.0,300.5754
sequence_47772,12.0,sequence_47704,98.0,649.8459
sequence_47772,12.0,sequence_47708,111.0,518.5065
sequence_47772,12.0,sequence_47709,119.0,387.1671
sequence_47772,12.0,sequence_47677,103.0,363.78589999999997
sequence_47772,12.0,sequence_47692,87.5,246.1761
sequence_47772,12.0,sequence_47703,95.0,500.8747
sequence_47772,12.0,sequence_47707,79.0,369.5353
sequence_47772,12.0,sequence_47762,127.0,441.8324
sequence_47772,12.0,sequence_47765,118.0,584.8624
sequence_47772,12.0,sequence_47767,105.0,496.4304
sequence_47772,12.0,sequence_47812,121.0,430.1418
sequence_47772,12.0,sequence_47761,120.0,435.8912
sequence_47772,12.0,sequence_47764,118.0,451.4861
sequence_47772,12.0,sequence_47763,122.0,468.6243
sequence_47772,12.0,sequence_47699,62.0,246.17610000000002
sequence_47772,12.0,sequence_47687,92.0,250.6044
sequence_47772,12.0,sequence_47693,64.0,400.89669999999995
sequence_47772,12.0,sequence_47690,63.0,294.82599999999996
sequence_47772,12.0,sequence_47712,49.0,251.93
sequence_47772,12.0,sequence_47714,51.0,234.7918
sequence_47772,12.0,sequence_47725,57.0,279.73609999999996
sequence_47772,12.0,sequence_47669,32.0,343.4528
sequence_47772,12.0,sequence_47668,48.0,306.342
sequence_47772,12.0,sequence_47670,97.0,206.2674
sequence_47772,12.0,sequence_47665,50.0,204.2305
sequence_47772,12.0,sequence_47661,52.0,194.5768
sequence_47772,12.0,sequence_47667,86.0,358.1711
sequence_47772,12.0,sequence_47726,120.0,320.4876
sequence_47772,12.0,sequence_47734,110.0,330.1413
sequence_47772,12.0,sequence_47811,24.0,337.38059999999996
sequence_47772,12.0,sequence_47662,28.0,381.1343
sequence_47772,12.0,sequence_47731,32.0,283.69960000000003
sequence_47772,12.0,sequence_47733,25.0,183.625
sequence_47772,12.0,sequence_47732,30.0,300.11510000000004
sequence_47772,12.0,sequence_47755,100.0,128.4869
sequence_47772,12.0,sequence_47746,94.0,304.55179999999996
sequence_47772,12.0,sequence_47754,70.0,160.72129999999999
sequence_47772,12.0,sequence_47753,74.0,149.8312
sequence_47772,12.0,sequence_47740,158.0,211.548
sequence_47772,12.0,sequence_47742,108.0,182.0861
sequence_47772,12.0,sequence_47715,101.0,174.61379999999997
sequence_47772,12.0,sequence_47718,81.0,168.8644
sequence_47772,12.0,sequence_47717,66.0,323.585
sequence_47772,12.0,sequence_47720,80.0,360.54429999999996
sequence_47772,12.0,sequence_47716,84.0,173.29269999999997
sequence_47772,12.0,sequence_47719,66.0,344.12879999999996
sequence_47772,12.0,sequence_47723,69.0,242.6253
sequence_47772,12.0,sequence_47722,75.0,168.8644
sequence_47772,12.0,sequence_47674,38.0,178.65550000000002
sequence_47772,12.0,sequence_47676,56.0,214.81470000000002
sequence_47772,12.0,sequence_47711,57.0,220.5686
sequence_47772,12.0,sequence_47739,35.0,182.0861
sequence_47772,12.0,sequence_47735,55.0,264.7902
sequence_47772,12.0,sequence_47793,16.0,123.9588
sequence_47772,12.0,sequence_47801,4.0,37.1108
sequence_47772,12.0,sequence_47805,22.0,123.0653
sequence_47772,12.0,sequence_47802,4.0,42.8602
sequence_47772,12.0,sequence_47794,18.0,130.6017
sequence_47772,12.0,sequence_47728,12.0,76.0086
sequence_47772,12.0,sequence_47808,4.0,137.6014
sequence_47772,12.0,sequence_47792,12.0,90.0387
sequence_47772,12.0,sequence_47791,4.0,71.92439999999999
sequence_47772,12.0,sequence_47788,5.0,43.7537
sequence_47772,12.0,sequence_47729,34.0,128.043
sequence_47772,12.0,sequence_47809,10.0,189.63580000000002
sequence_47772,12.0,sequence_47737,27.0,227.64010000000002
sequence_47772,12.0,sequence_47810,5.57,55.031400000000005
sequence_47772,12.0,sequence_47766,4.19,49.8154
sequence_47772,12.0,sequence_47736,19.0,175.6057
sequence_47795,7.0,sequence_47787,5.0,90.1764
sequence_47795,7.0,sequence_47684,23.0,177.8023
sequence_47795,7.0,sequence_47789,10.0,132.08499999999998
sequence_47795,7.0,sequence_47790,9.0,147.6597
sequence_47795,7.0,sequence_47781,12.0,181.39780000000002
sequence_47795,7.0,sequence_47777,11.0,175.4566
sequence_47795,7.0,sequence_47779,11.0,175.4566
sequence_47795,7.0,sequence_47784,21.0,218.3571
sequence_47795,7.0,sequence_47786,18.0,174.1355
sequence_47795,7.0,sequence_47782,17.0,174.1355
sequence_47795,7.0,sequence_47772,12.0,128.1807
sequence_47795,7.0,sequence_47776,9.0,271.2107
sequence_47795,7.0,sequence_47685,24.0,183.5517
sequence_47795,7.0,sequence_47679,44.0,263.0825
sequence_47795,7.0,sequence_47695,52.0,178.69580000000002
sequence_47795,7.0,sequence_47710,43.0,215.8066
sequence_47795,7.0,sequence_47686,22.0,219.71089999999998
sequence_47795,7.0,sequence_47778,26.0,217.36520000000002
sequence_47795,7.0,sequence_47780,23.0,217.3652
sequence_47795,7.0,sequence_47785,25.0,186.19559999999998
sequence_47795,7.0,sequence_47803,12.0,132.9785
sequence_47795,7.0,sequence_47663,36.0,279.0038
sequence_47795,7.0,sequence_47757,36.0,273.25440000000003
sequence_47795,7.0,sequence_47783,24.5,372.6597
sequence_47795,7.0,sequence_47796,20.0,244.6708
sequence_47795,7.0,sequence_47750,25.0,183.078
sequence_47795,7.0,sequence_47760,26.0,408.8121
sequence_47795,7.0,sequence_47773,19.0,170.08929999999998
sequence_47795,7.0,sequence_47768,17.0,213.4609
sequence_47795,7.0,sequence_47771,18.0,144.287
sequence_47795,7.0,sequence_47681,44.0,268.8319
sequence_47795,7.0,sequence_47696,47.0,184.44520000000003
sequence_47795,7.0,sequence_47680,73.0,412.05370000000005
sequence_47795,7.0,sequence_47673,65.5,301.08680000000004
sequence_47795,7.0,sequence_47700,65.0,587.1468
sequence_47795,7.0,sequence_47689,52.0,306.8765
sequence_47795,7.0,sequence_47683,75.0,453.96229999999997
sequence_47795,7.0,sequence_47697,55.5,220.6044
sequence_47795,7.0,sequence_47678,37.0,257.7152
sequence_47795,7.0,sequence_47682,53.0,304.9911
sequence_47795,7.0,sequence_47724,48.0,338.5511
sequence_47795,7.0,sequence_47806,73.0,541.4295
sequence_47795,7.0,sequence_47807,42.0,386.7089
sequence_47795,7.0,sequence_47804,23.0,212.5093
sequence_47795,7.0,sequence_47800,20.0,224.1999
sequence_47795,7.0,sequence_47799,24.0,218.25869999999998
sequence_47795,7.0,sequence_47664,32.0,284.7532
sequence_47795,7.0,sequence_47666,69.0,460.03810000000004
sequence_47795,7.0,sequence_47671,36.0,354.1189
sequence_47795,7.0,sequence_47727,45.0,410.664
sequence_47795,7.0,sequence_47756,37.0,427.557
sequence_47795,7.0,sequence_47775,23.0,553.694
sequence_47795,7.0,sequence_47730,35.0,282.67510000000004
sequence_47795,7.0,sequence_47758,22.0,299.5681
sequence_47795,7.0,sequence_47797,27.0,366.9103
sequence_47795,7.0,sequence_47798,23.0,270.9845
sequence_47795,7.0,sequence_47751,34.0,188.8274
sequence_47795,7.0,sequence_47741,102.0,268.3582
sequence_47795,7.0,sequence_47743,63.0,417.32939999999996
sequence_47795,7.0,sequence_47752,67.0,249.5926
sequence_47795,7.0,sequence_47745,83.0,426.9831
sequence_47795,7.0,sequence_47747,72.0,437.8732
sequence_47795,7.0,sequence_47748,79.0,454.28869999999995
sequence_47795,7.0,sequence_47749,81.0,380.2186
sequence_47795,7.0,sequence_47744,69.0,404.3132
sequence_47795,7.0,sequence_47721,40.0,217.5143
sequence_47795,7.0,sequence_47759,36.0,216.62079999999997
sequence_47795,7.0,sequence_47774,21.0,249.6201
sequence_47795,7.0,sequence_47770,25.0,391.32449999999994
sequence_47795,7.0,sequence_47713,51.0,289.7025
sequence_47795,7.0,sequence_47738,55.0,268.3582
sequence_47795,7.0,sequence_47769,25.0,255.36950000000002
sequence_47795,7.0,sequence_47702,69.0,592.8962
sequence_47795,7.0,sequence_47672,76.0,274.7731
sequence_47795,7.0,sequence_47705,71.0,411.8619
sequence_47795,7.0,sequence_47694,51.0,349.58520000000004
sequence_47795,7.0,sequence_47691,40.0,263.976
sequence_47795,7.0,sequence_47701,63.0,736.118
sequence_47795,7.0,sequence_47706,77.0,604.7786
sequence_47795,7.0,sequence_47675,57.0,523.8189
sequence_47795,7.0,sequence_47698,56.0,263.976
sequence_47795,7.0,sequence_47688,90.0,354.53450000000004
sequence_47795,7.0,sequence_47704,98.0,778.0265999999999
sequence_47795,7.0,sequence_47708,111.0,646.6872
sequence_47795,7.0,sequence_47709,119.0,491.96659999999997
sequence_47795,7.0,sequence_47677,103.0,491.96659999999997
sequence_47795,7.0,sequence_47692,87.5,300.1352
sequence_47795,7.0,sequence_47703,95.0,629.0554
sequence_47795,7.0,sequence_47707,79.0,497.716
sequence_47795,7.0,sequence_47762,127.0,570.0131
sequence_47795,7.0,sequence_47765,118.0,713.0431
sequence_47795,7.0,sequence_47767,105.0,624.6111
sequence_47795,7.0,sequence_47812,121.0,558.3225
sequence_47795,7.0,sequence_47761,120.0,564.0719
sequence_47795,7.0,sequence_47764,118.0,579.6668
sequence_47795,7.0,sequence_47763,122.0,596.805
sequence_47795,7.0,sequence_47699,62.0,300.13520000000005
sequence_47795,7.0,sequence_47687,92.0,304.5635
sequence_47795,7.0,sequence_47693,64.0,454.8558
sequence_47795,7.0,sequence_47690,63.0,348.7851
sequence_47795,7.0,sequence_47712,49.0,305.8891
sequence_47795,7.0,sequence_47714,51.0,288.7509
sequence_47795,7.0,sequence_47725,57.0,333.6952
sequence_47795,7.0,sequence_47669,32.0,397.41190000000006
sequence_47795,7.0,sequence_47668,48.0,434.5227
sequence_47795,7.0,sequence_47670,97.0,334.4481
sequence_47795,7.0,sequence_47665,50.0,332.4112
sequence_47795,7.0,sequence_47661,52.0,322.75750000000005
sequence_47795,7.0,sequence_47667,86.0,486.3518
sequence_47795,7.0,sequence_47726,120.0,448.6683
sequence_47795,7.0,sequence_47734,110.0,458.322
sequence_47795,7.0,sequence_47811,24.0,389.55269999999996
sequence_47795,7.0,sequence_47662,28.0,433.3064
sequence_47795,7.0,sequence_47731,32.0,388.4991
sequence_47795,7.0,sequence_47733,25.0,288.4245
sequence_47795,7.0,sequence_47732,30.0,404.91460000000006
sequence_47795,7.0,sequence_47755,100.0,256.6676
sequence_47795,7.0,sequence_47746,94.0,432.73249999999996
sequence_47795,7.0,sequence_47754,70.0,288.902
sequence_47795,7.0,sequence_47753,74.0,278.01189999999997
sequence_47795,7.0,sequence_47740,158.0,339.7287
sequence_47795,7.0,sequence_47742,108.0,310.2668
sequence_47795,7.0,sequence_47715,101.0,302.79449999999997
sequence_47795,7.0,sequence_47718,81.0,297.0451
sequence_47795,7.0,sequence_47717,66.0,451.7657
sequence_47795,7.0,sequence_47720,80.0,488.72499999999997
sequence_47795,7.0,sequence_47716,84.0,301.47339999999997
sequence_47795,7.0,sequence_47719,66.0,472.30949999999996
sequence_47795,7.0,sequence_47723,69.0,370.80600000000004
sequence_47795,7.0,sequence_47722,75.0,297.04510000000005
sequence_47795,7.0,sequence_47674,38.0,306.8362
sequence_47795,7.0,sequence_47676,56.0,342.9954
sequence_47795,7.0,sequence_47711,57.0,348.7493
sequence_47795,7.0,sequence_47739,35.0,310.2668
sequence_47795,7.0,sequence_47735,55.0,392.97090000000003
sequence_47795,7.0,sequence_47793,16.0,176.1309
sequence_47795,7.0,sequence_47801,4.0,91.0699
sequence_47795,7.0,sequence_47805,22.0,177.0244
sequence_47795,7.0,sequence_47802,4.0,96.8193
sequence_47795,7.0,sequence_47794,18.0,182.7738
sequence_47795,7.0,sequence_47728,12.0,128.1807
sequence_47795,7.0,sequence_47808,4.0,189.7735
sequence_47795,7.0,sequence_47792,12.0,142.2108
sequence_47795,7.0,sequence_47791,4.0,124.09649999999999
sequence_47795,7.0,sequence_47788,5.0,95.9258
sequence_47795,7.0,sequence_47729,34.0,180.2151
sequence_47795,7.0,sequence_47809,10.0,241.80790000000002
sequence_47795,7.0,sequence_47737,27.0,279.8122
sequence_47795,7.0,sequence_47810,5.57,107.2035
sequence_47795,7.0,sequence_47766,4.19,101.9875
sequence_47795,7.0,sequence_47736,19.0,227.7778
sequence_47776,9.0,sequence_47787,5.0,181.0343
sequence_47776,9.0,sequence_47684,23.0,268.66020000000003
sequence_47776,9.0,sequence_47789,10.0,222.9429
sequence_47776,9.0,sequence_47790,9.0,238.51760000000002
sequence_47776,9.0,sequence_47781,12.0,272.2557
sequence_47776,9.0,sequence_47777,11.0,266.3145
sequence_47776,9.0,sequence_47779,11.0,266.3145
sequence_47776,9.0,sequence_47784,21.0,309.21500000000003
sequence_47776,9.0,sequence_47786,18.0,264.9934
sequence_47776,9.0,sequence_47782,17.0,264.9934
sequence_47776,9.0,sequence_47772,12.0,143.03
sequence_47776,9.0,sequence_47795,7.0,271.2107
sequence_47776,9.0,sequence_47685,24.0,274.4096
sequence_47776,9.0,sequence_47679,44.0,353.94040000000007
sequence_47776,9.0,sequence_47695,52.0,267.7667
sequence_47776,9.0,sequence_47710,43.0,304.8775
sequence_47776,9.0,sequence_47686,22.0,310.5688
sequence_47776,9.0,sequence_47778,26.0,308.2231
sequence_47776,9.0,sequence_47780,23.0,308.2231
sequence_47776,9.0,sequence_47785,25.0,277.0535
sequence_47776,9.0,sequence_47803,12.0,222.0494
sequence_47776,9.0,sequence_47663,36.0,369.86170000000004
sequence_47776,9.0,sequence_47757,36.0,364.1123
sequence_47776,9.0,sequence_47783,24.5,463.5176
sequence_47776,9.0,sequence_47796,20.0,282.9013
sequence_47776,9.0,sequence_47750,25.0,197.9273
sequence_47776,9.0,sequence_47760,26.0,423.6614
sequence_47776,9.0,sequence_47773,19.0,184.9386
sequence_47776,9.0,sequence_47768,17.0,228.3102
sequence_47776,9.0,sequence_47771,18.0,159.1363
sequence_47776,9.0,sequence_47681,44.0,359.68980000000005
sequence_47776,9.0,sequence_47696,47.0,273.5161
sequence_47776,9.0,sequence_47680,73.0,502.9116
sequence_47776,9.0,sequence_47673,65.5,315.9361
sequence_47776,9.0,sequence_47700,65.0,315.9361
sequence_47776,9.0,sequence_47689,52.0,395.9474
sequence_47776,9.0,sequence_47683,75.0,544.8202
sequence_47776,9.0,sequence_47697,55.5,309.6753
sequence_47776,9.0,sequence_47678,37.0,272.5645
sequence_47776,9.0,sequence_47682,53.0,395.84900000000005
sequence_47776,9.0,sequence_47724,48.0,429.40900000000005
sequence_47776,9.0,sequence_47806,73.0,270.2188
sequence_47776,9.0,sequence_47807,42.0,424.9394
sequence_47776,9.0,sequence_47804,23.0,301.5802
sequence_47776,9.0,sequence_47800,20.0,313.2708
sequence_47776,9.0,sequence_47799,24.0,307.32959999999997
sequence_47776,9.0,sequence_47664,32.0,375.6111
sequence_47776,9.0,sequence_47666,69.0,474.8874
sequence_47776,9.0,sequence_47671,36.0,368.9682
sequence_47776,9.0,sequence_47727,45.0,501.52189999999996
sequence_47776,9.0,sequence_47756,37.0,518.4149
sequence_47776,9.0,sequence_47775,23.0,282.4833
sequence_47776,9.0,sequence_47730,35.0,320.9056
sequence_47776,9.0,sequence_47758,22.0,337.79859999999996
sequence_47776,9.0,sequence_47797,27.0,405.1408
sequence_47776,9.0,sequence_47798,23.0,309.215
sequence_47776,9.0,sequence_47751,34.0,203.6767
sequence_47776,9.0,sequence_47741,102.0,283.2075
sequence_47776,9.0,sequence_47743,63.0,432.1787
sequence_47776,9.0,sequence_47752,67.0,264.44190000000003
sequence_47776,9.0,sequence_47745,83.0,441.8324
sequence_47776,9.0,sequence_47747,72.0,452.72249999999997
sequence_47776,9.0,sequence_47748,79.0,469.138
sequence_47776,9.0,sequence_47749,81.0,395.0679
sequence_47776,9.0,sequence_47744,69.0,419.1625
sequence_47776,9.0,sequence_47721,40.0,232.36360000000002
sequence_47776,9.0,sequence_47759,36.0,231.4701
sequence_47776,9.0,sequence_47774,21.0,264.4694
sequence_47776,9.0,sequence_47770,25.0,406.1737999999999
sequence_47776,9.0,sequence_47713,51.0,304.5518
sequence_47776,9.0,sequence_47738,55.0,283.2075
sequence_47776,9.0,sequence_47769,25.0,270.2188
sequence_47776,9.0,sequence_47702,69.0,321.6855
sequence_47776,9.0,sequence_47672,76.0,365.63100000000003
sequence_47776,9.0,sequence_47705,71.0,502.7198
sequence_47776,9.0,sequence_47694,51.0,438.65610000000004
sequence_47776,9.0,sequence_47691,40.0,353.04690000000005
sequence_47776,9.0,sequence_47701,63.0,464.9073
sequence_47776,9.0,sequence_47706,77.0,333.5679
sequence_47776,9.0,sequence_47675,57.0,538.6682
sequence_47776,9.0,sequence_47698,56.0,353.04690000000005
sequence_47776,9.0,sequence_47688,90.0,443.60540000000003
sequence_47776,9.0,sequence_47704,98.0,506.81589999999994
sequence_47776,9.0,sequence_47708,111.0,375.4765
sequence_47776,9.0,sequence_47709,119.0,530.1971
sequence_47776,9.0,sequence_47677,103.0,506.81589999999994
sequence_47776,9.0,sequence_47692,87.5,389.2061
sequence_47776,9.0,sequence_47703,95.0,357.8447
sequence_47776,9.0,sequence_47707,79.0,226.5053
sequence_47776,9.0,sequence_47762,127.0,298.8024
sequence_47776,9.0,sequence_47765,118.0,441.8324
sequence_47776,9.0,sequence_47767,105.0,353.4004
sequence_47776,9.0,sequence_47812,121.0,287.1118
sequence_47776,9.0,sequence_47761,120.0,292.8612
sequence_47776,9.0,sequence_47764,118.0,308.4561
sequence_47776,9.0,sequence_47763,122.0,325.5943
sequence_47776,9.0,sequence_47699,62.0,389.2061
sequence_47776,9.0,sequence_47687,92.0,393.6344
sequence_47776,9.0,sequence_47693,64.0,543.9267
sequence_47776,9.0,sequence_47690,63.0,437.856
sequence_47776,9.0,sequence_47712,49.0,394.9599999999999
sequence_47776,9.0,sequence_47714,51.0,377.82179999999994
sequence_47776,9.0,sequence_47725,57.0,422.76610000000005
sequence_47776,9.0,sequence_47669,32.0,486.4828
sequence_47776,9.0,sequence_47668,48.0,449.37199999999996
sequence_47776,9.0,sequence_47670,97.0,349.29740000000004
sequence_47776,9.0,sequence_47665,50.0,347.2605
sequence_47776,9.0,sequence_47661,52.0,337.6068
sequence_47776,9.0,sequence_47667,86.0,501.2011
sequence_47776,9.0,sequence_47726,120.0,463.5176
sequence_47776,9.0,sequence_47734,110.0,473.1713
sequence_47776,9.0,sequence_47811,24.0,480.4106
sequence_47776,9.0,sequence_47662,28.0,524.1643
sequence_47776,9.0,sequence_47731,32.0,426.7296
sequence_47776,9.0,sequence_47733,25.0,326.655
sequence_47776,9.0,sequence_47732,30.0,443.1451
sequence_47776,9.0,sequence_47755,100.0,271.51689999999996
sequence_47776,9.0,sequence_47746,94.0,447.5818
sequence_47776,9.0,sequence_47754,70.0,303.7513
sequence_47776,9.0,sequence_47753,74.0,292.8612
sequence_47776,9.0,sequence_47740,158.0,354.578
sequence_47776,9.0,sequence_47742,108.0,325.11609999999996
sequence_47776,9.0,sequence_47715,101.0,317.6438
sequence_47776,9.0,sequence_47718,81.0,311.8944
sequence_47776,9.0,sequence_47717,66.0,466.615
sequence_47776,9.0,sequence_47720,80.0,503.5743
sequence_47776,9.0,sequence_47716,84.0,316.3227
sequence_47776,9.0,sequence_47719,66.0,487.1587999999999
sequence_47776,9.0,sequence_47723,69.0,385.6553
sequence_47776,9.0,sequence_47722,75.0,311.8944
sequence_47776,9.0,sequence_47674,38.0,321.6855
sequence_47776,9.0,sequence_47676,56.0,357.8447
sequence_47776,9.0,sequence_47711,57.0,363.5986
sequence_47776,9.0,sequence_47739,35.0,325.1161
sequence_47776,9.0,sequence_47735,55.0,407.8202
sequence_47776,9.0,sequence_47793,16.0,266.98879999999997
sequence_47776,9.0,sequence_47801,4.0,180.14079999999998
sequence_47776,9.0,sequence_47805,22.0,266.09529999999995
sequence_47776,9.0,sequence_47802,4.0,185.8902
sequence_47776,9.0,sequence_47794,18.0,273.6317
sequence_47776,9.0,sequence_47728,12.0,219.0386
sequence_47776,9.0,sequence_47808,4.0,280.6314
sequence_47776,9.0,sequence_47792,12.0,233.0687
sequence_47776,9.0,sequence_47791,4.0,214.9544
sequence_47776,9.0,sequence_47788,5.0,186.7837
sequence_47776,9.0,sequence_47729,34.0,271.073
sequence_47776,9.0,sequence_47809,10.0,332.6658
sequence_47776,9.0,sequence_47737,27.0,370.6701
sequence_47776,9.0,sequence_47810,5.57,198.0614
sequence_47776,9.0,sequence_47766,4.19,192.8454
sequence_47776,9.0,sequence_47736,19.0,318.6357
sequence_47685,24.0,sequence_47787,5.0,93.3753
sequence_47685,24.0,sequence_47684,23.0,5.7494
sequence_47685,24.0,sequence_47789,10.0,135.2839
sequence_47685,24.0,sequence_47790,9.0,139.3598
sequence_47685,24.0,sequence_47781,12.0,184.5967
sequence_47685,24.0,sequence_47777,11.0,178.65550000000002
sequence_47685,24.0,sequence_47779,11.0,178.65550000000002
sequence_47685,24.0,sequence_47784,21.0,221.556
sequence_47685,24.0,sequence_47786,18.0,177.33440000000002
sequence_47685,24.0,sequence_47782,17.0,177.33440000000002
sequence_47685,24.0,sequence_47772,12.0,131.3796
sequence_47685,24.0,sequence_47795,7.0,183.5517
sequence_47685,24.0,sequence_47776,9.0,274.4096
sequence_47685,24.0,sequence_47679,44.0,91.0296
sequence_47685,24.0,sequence_47695,52.0,6.642899999999999
sequence_47685,24.0,sequence_47710,43.0,43.7537
sequence_47685,24.0,sequence_47686,22.0,47.657999999999994
sequence_47685,24.0,sequence_47778,26.0,220.5641
sequence_47685,24.0,sequence_47780,23.0,220.5641
sequence_47685,24.0,sequence_47785,25.0,189.3945
sequence_47685,24.0,sequence_47803,12.0,136.1774
sequence_47685,24.0,sequence_47663,36.0,206.19410000000002
sequence_47685,24.0,sequence_47757,36.0,200.4447
sequence_47685,24.0,sequence_47783,24.5,364.35980000000006
sequence_47685,24.0,sequence_47796,20.0,247.86970000000002
sequence_47685,24.0,sequence_47750,25.0,110.2683
sequence_47685,24.0,sequence_47760,26.0,236.75920000000002
sequence_47685,24.0,sequence_47773,19.0,173.2882
sequence_47685,24.0,sequence_47768,17.0,216.65980000000002
sequence_47685,24.0,sequence_47771,18.0,147.48590000000002
sequence_47685,24.0,sequence_47681,44.0,85.28020000000001
sequence_47685,24.0,sequence_47696,47.0,0.8934999999999995
sequence_47685,24.0,sequence_47680,73.0,240.0008
sequence_47685,24.0,sequence_47673,65.5,129.03390000000002
sequence_47685,24.0,sequence_47700,65.0,415.0939
sequence_47685,24.0,sequence_47689,52.0,134.8236
sequence_47685,24.0,sequence_47683,75.0,281.90939999999995
sequence_47685,24.0,sequence_47697,55.5,48.55149999999999
sequence_47685,24.0,sequence_47678,37.0,85.66229999999999
sequence_47685,24.0,sequence_47682,53.0,132.9382
sequence_47685,24.0,sequence_47724,48.0,166.4982
sequence_47685,24.0,sequence_47806,73.0,544.6284
sequence_47685,24.0,sequence_47807,42.0,389.9078
sequence_47685,24.0,sequence_47804,23.0,215.70819999999998
sequence_47685,24.0,sequence_47800,20.0,227.3988
sequence_47685,24.0,sequence_47799,24.0,221.4576
sequence_47685,24.0,sequence_47664,32.0,200.4447
sequence_47685,24.0,sequence_47666,69.0,387.2284
sequence_47685,24.0,sequence_47671,36.0,281.30920000000003
sequence_47685,24.0,sequence_47727,45.0,326.35550000000006
sequence_47685,24.0,sequence_47756,37.0,343.24850000000004
sequence_47685,24.0,sequence_47775,23.0,545.3941000000001
sequence_47685,24.0,sequence_47730,35.0,209.86540000000002
sequence_47685,24.0,sequence_47758,22.0,226.7584
sequence_47685,24.0,sequence_47797,27.0,358.6104
sequence_47685,24.0,sequence_47798,23.0,274.1834
sequence_47685,24.0,sequence_47751,34.0,104.5189
sequence_47685,24.0,sequence_47741,102.0,195.5485
sequence_47685,24.0,sequence_47743,63.0,344.5197
sequence_47685,24.0,sequence_47752,67.0,176.7829
sequence_47685,24.0,sequence_47745,83.0,354.1734
sequence_47685,24.0,sequence_47747,72.0,365.0635
sequence_47685,24.0,sequence_47748,79.0,381.47900000000004
sequence_47685,24.0,sequence_47749,81.0,307.4089
sequence_47685,24.0,sequence_47744,69.0,331.50350000000003
sequence_47685,24.0,sequence_47721,40.0,125.8632
sequence_47685,24.0,sequence_47759,36.0,126.7567
sequence_47685,24.0,sequence_47774,21.0,252.819
sequence_47685,24.0,sequence_47770,25.0,394.5234
sequence_47685,24.0,sequence_47713,51.0,216.89280000000002
sequence_47685,24.0,sequence_47738,55.0,195.5485
sequence_47685,24.0,sequence_47769,25.0,258.5684
sequence_47685,24.0,sequence_47702,69.0,409.34450000000004
sequence_47685,24.0,sequence_47672,76.0,91.22140000000002
sequence_47685,24.0,sequence_47705,71.0,228.3102
sequence_47685,24.0,sequence_47694,51.0,166.0335
sequence_47685,24.0,sequence_47691,40.0,80.4243
sequence_47685,24.0,sequence_47701,63.0,564.0651
sequence_47685,24.0,sequence_47706,77.0,432.72569999999996
sequence_47685,24.0,sequence_47675,57.0,351.766
sequence_47685,24.0,sequence_47698,56.0,80.4243
sequence_47685,24.0,sequence_47688,90.0,182.4816
sequence_47685,24.0,sequence_47704,98.0,605.9737
sequence_47685,24.0,sequence_47708,111.0,474.63429999999994
sequence_47685,24.0,sequence_47709,119.0,319.91369999999995
sequence_47685,24.0,sequence_47677,103.0,319.91369999999995
sequence_47685,24.0,sequence_47692,87.5,128.08229999999998
sequence_47685,24.0,sequence_47703,95.0,457.0025
sequence_47685,24.0,sequence_47707,79.0,325.6631
sequence_47685,24.0,sequence_47762,127.0,573.212
sequence_47685,24.0,sequence_47765,118.0,716.242
sequence_47685,24.0,sequence_47767,105.0,528.5668000000001
sequence_47685,24.0,sequence_47812,121.0,561.5214
sequence_47685,24.0,sequence_47761,120.0,567.2708
sequence_47685,24.0,sequence_47764,118.0,582.8657000000001
sequence_47685,24.0,sequence_47763,122.0,500.7607
sequence_47685,24.0,sequence_47699,62.0,128.08229999999998
sequence_47685,24.0,sequence_47687,92.0,132.51059999999998
sequence_47685,24.0,sequence_47693,64.0,282.80289999999997
sequence_47685,24.0,sequence_47690,63.0,176.73219999999998
sequence_47685,24.0,sequence_47712,49.0,133.8362
sequence_47685,24.0,sequence_47714,51.0,215.94119999999998
sequence_47685,24.0,sequence_47725,57.0,161.64229999999998
sequence_47685,24.0,sequence_47669,32.0,313.10339999999997
sequence_47685,24.0,sequence_47668,48.0,350.2142
sequence_47685,24.0,sequence_47670,97.0,250.13960000000003
sequence_47685,24.0,sequence_47665,50.0,248.10270000000003
sequence_47685,24.0,sequence_47661,52.0,238.449
sequence_47685,24.0,sequence_47667,86.0,413.5421
sequence_47685,24.0,sequence_47726,120.0,364.35980000000006
sequence_47685,24.0,sequence_47734,110.0,374.0135000000001
sequence_47685,24.0,sequence_47811,24.0,381.2528000000001
sequence_47685,24.0,sequence_47662,28.0,348.9979000000001
sequence_47685,24.0,sequence_47731,32.0,304.1906
sequence_47685,24.0,sequence_47733,25.0,204.11599999999999
sequence_47685,24.0,sequence_47732,30.0,320.6061
sequence_47685,24.0,sequence_47755,100.0,172.3591
sequence_47685,24.0,sequence_47746,94.0,348.424
sequence_47685,24.0,sequence_47754,70.0,204.5935
sequence_47685,24.0,sequence_47753,74.0,193.7034
sequence_47685,24.0,sequence_47740,158.0,255.4202
sequence_47685,24.0,sequence_47742,108.0,237.4571
sequence_47685,24.0,sequence_47715,101.0,211.14339999999999
sequence_47685,24.0,sequence_47718,81.0,205.394
sequence_47685,24.0,sequence_47717,66.0,360.1146
sequence_47685,24.0,sequence_47720,80.0,397.0739
sequence_47685,24.0,sequence_47716,84.0,209.82229999999998
sequence_47685,24.0,sequence_47719,66.0,380.6583999999999
sequence_47685,24.0,sequence_47723,69.0,198.7531
sequence_47685,24.0,sequence_47722,75.0,205.394
sequence_47685,24.0,sequence_47674,38.0,123.28450000000001
sequence_47685,24.0,sequence_47676,56.0,170.9425
sequence_47685,24.0,sequence_47711,57.0,176.69639999999998
sequence_47685,24.0,sequence_47739,35.0,237.4571
sequence_47685,24.0,sequence_47735,55.0,220.918
sequence_47685,24.0,sequence_47793,16.0,179.3298
sequence_47685,24.0,sequence_47801,4.0,94.2688
sequence_47685,24.0,sequence_47805,22.0,180.2233
sequence_47685,24.0,sequence_47802,4.0,88.5194
sequence_47685,24.0,sequence_47794,18.0,174.47390000000001
sequence_47685,24.0,sequence_47728,12.0,55.371
sequence_47685,24.0,sequence_47808,4.0,93.7292
sequence_47685,24.0,sequence_47792,12.0,145.40970000000002
sequence_47685,24.0,sequence_47791,4.0,127.2954
sequence_47685,24.0,sequence_47788,5.0,87.6259
sequence_47685,24.0,sequence_47729,34.0,107.40540000000001
sequence_47685,24.0,sequence_47809,10.0,145.76360000000003
sequence_47685,24.0,sequence_47737,27.0,107.75930000000001
sequence_47685,24.0,sequence_47810,5.57,76.3482
sequence_47685,24.0,sequence_47766,4.19,81.5642
sequence_47685,24.0,sequence_47736,19.0,55.724900000000005
sequence_47679,44.0,sequence_47787,5.0,172.9061
sequence_47679,44.0,sequence_47684,23.0,85.28020000000001
sequence_47679,44.0,sequence_47789,10.0,214.81470000000002
sequence_47679,44.0,sequence_47790,9.0,230.3894
sequence_47679,44.0,sequence_47781,12.0,93.56710000000001
sequence_47679,44.0,sequence_47777,11.0,87.6259
sequence_47679,44.0,sequence_47779,11.0,99.5083
sequence_47679,44.0,sequence_47784,21.0,221.7478
sequence_47679,44.0,sequence_47786,18.0,165.6438
sequence_47679,44.0,sequence_47782,17.0,177.52620000000002
sequence_47679,44.0,sequence_47772,12.0,210.9104
sequence_47679,44.0,sequence_47795,7.0,263.0825
sequence_47679,44.0,sequence_47776,9.0,353.94040000000007
sequence_47679,44.0,sequence_47685,24.0,91.0296
sequence_47679,44.0,sequence_47695,52.0,86.17370000000001
sequence_47679,44.0,sequence_47710,43.0,123.28450000000001
sequence_47679,44.0,sequence_47686,22.0,127.1888
sequence_47679,44.0,sequence_47778,26.0,129.53449999999998
sequence_47679,44.0,sequence_47780,23.0,141.4169
sequence_47679,44.0,sequence_47785,25.0,172.5865
sequence_47679,44.0,sequence_47803,12.0,215.7082
sequence_47679,44.0,sequence_47663,36.0,206.38590000000002
sequence_47679,44.0,sequence_47757,36.0,200.6365
sequence_47679,44.0,sequence_47783,24.5,376.0504
sequence_47679,44.0,sequence_47796,20.0,248.06150000000002
sequence_47679,44.0,sequence_47750,25.0,189.7991
sequence_47679,44.0,sequence_47760,26.0,316.29
sequence_47679,44.0,sequence_47773,19.0,252.81900000000002
sequence_47679,44.0,sequence_47768,17.0,125.6302
sequence_47679,44.0,sequence_47771,18.0,194.8041
sequence_47679,44.0,sequence_47681,44.0,5.7494
sequence_47679,44.0,sequence_47696,47.0,91.9231
sequence_47679,44.0,sequence_47680,73.0,148.9712
sequence_47679,44.0,sequence_47673,65.5,38.0043
sequence_47679,44.0,sequence_47700,65.0,324.0643
sequence_47679,44.0,sequence_47689,52.0,135.0154
sequence_47679,44.0,sequence_47683,75.0,190.8798
sequence_47679,44.0,sequence_47697,55.5,128.0823
sequence_47679,44.0,sequence_47678,37.0,165.19310000000002
sequence_47679,44.0,sequence_47682,53.0,41.90859999999999
sequence_47679,44.0,sequence_47724,48.0,75.46859999999998
sequence_47679,44.0,sequence_47806,73.0,453.5988
sequence_47679,44.0,sequence_47807,42.0,298.8782
sequence_47679,44.0,sequence_47804,23.0,136.1774
sequence_47679,44.0,sequence_47800,20.0,136.3692
sequence_47679,44.0,sequence_47799,24.0,142.31040000000002
sequence_47679,44.0,sequence_47664,32.0,212.13530000000003
sequence_47679,44.0,sequence_47666,69.0,387.4202
sequence_47679,44.0,sequence_47671,36.0,281.501
sequence_47679,44.0,sequence_47727,45.0,338.0461
sequence_47679,44.0,sequence_47756,37.0,354.93910000000005
sequence_47679,44.0,sequence_47775,23.0,557.0847000000001
sequence_47679,44.0,sequence_47730,35.0,210.05720000000002
sequence_47679,44.0,sequence_47758,22.0,226.9502
sequence_47679,44.0,sequence_47797,27.0,370.301
sequence_47679,44.0,sequence_47798,23.0,274.3752
sequence_47679,44.0,sequence_47751,34.0,195.5485
sequence_47679,44.0,sequence_47741,102.0,116.4013
sequence_47679,44.0,sequence_47743,63.0,253.4901
sequence_47679,44.0,sequence_47752,67.0,188.4735
sequence_47679,44.0,sequence_47745,83.0,263.1438
sequence_47679,44.0,sequence_47747,72.0,365.25530000000003
sequence_47679,44.0,sequence_47748,79.0,381.6708
sequence_47679,44.0,sequence_47749,81.0,290.6009
sequence_47679,44.0,sequence_47744,69.0,331.6953
sequence_47679,44.0,sequence_47721,40.0,205.394
sequence_47679,44.0,sequence_47759,36.0,206.28750000000002
sequence_47679,44.0,sequence_47774,21.0,173.28820000000002
sequence_47679,44.0,sequence_47770,25.0,394.7152
sequence_47679,44.0,sequence_47713,51.0,125.8632
sequence_47679,44.0,sequence_47738,55.0,104.5189
sequence_47679,44.0,sequence_47769,25.0,167.53879999999998
sequence_47679,44.0,sequence_47702,69.0,329.8137
sequence_47679,44.0,sequence_47672,76.0,11.690600000000002
sequence_47679,44.0,sequence_47705,71.0,148.7794
sequence_47679,44.0,sequence_47694,51.0,257.0631
sequence_47679,44.0,sequence_47691,40.0,24.274700000000003
sequence_47679,44.0,sequence_47701,63.0,473.0355
sequence_47679,44.0,sequence_47706,77.0,341.6961
sequence_47679,44.0,sequence_47675,57.0,260.7364
sequence_47679,44.0,sequence_47698,56.0,12.392299999999999
sequence_47679,44.0,sequence_47688,90.0,182.6734
sequence_47679,44.0,sequence_47704,98.0,514.9440999999999
sequence_47679,44.0,sequence_47708,111.0,383.6047
sequence_47679,44.0,sequence_47709,119.0,228.8841
sequence_47679,44.0,sequence_47677,103.0,228.8841
sequence_47679,44.0,sequence_47692,87.5,60.433899999999994
sequence_47679,44.0,sequence_47703,95.0,365.9729
sequence_47679,44.0,sequence_47707,79.0,234.63349999999997
sequence_47679,44.0,sequence_47762,127.0,482.1824
sequence_47679,44.0,sequence_47765,118.0,625.2123999999999
sequence_47679,44.0,sequence_47767,105.0,437.5372
sequence_47679,44.0,sequence_47812,121.0,470.49179999999996
sequence_47679,44.0,sequence_47761,120.0,476.2412
sequence_47679,44.0,sequence_47764,118.0,491.8361
sequence_47679,44.0,sequence_47763,122.0,409.73109999999997
sequence_47679,44.0,sequence_47699,62.0,48.551500000000004
sequence_47679,44.0,sequence_47687,92.0,132.70239999999998
sequence_47679,44.0,sequence_47693,64.0,191.77329999999998
sequence_47679,44.0,sequence_47690,63.0,176.92399999999998
sequence_47679,44.0,sequence_47712,49.0,54.30539999999999
sequence_47679,44.0,sequence_47714,51.0,136.4104
sequence_47679,44.0,sequence_47725,57.0,82.11149999999999
sequence_47679,44.0,sequence_47669,32.0,324.794
sequence_47679,44.0,sequence_47668,48.0,361.9048
sequence_47679,44.0,sequence_47670,97.0,261.83020000000005
sequence_47679,44.0,sequence_47665,50.0,259.79330000000004
sequence_47679,44.0,sequence_47661,52.0,250.13960000000003
sequence_47679,44.0,sequence_47667,86.0,413.7339
sequence_47679,44.0,sequence_47726,120.0,376.0504
sequence_47679,44.0,sequence_47734,110.0,385.70410000000004
sequence_47679,44.0,sequence_47811,24.0,392.9434
sequence_47679,44.0,sequence_47662,28.0,360.68850000000003
sequence_47679,44.0,sequence_47731,32.0,315.88120000000004
sequence_47679,44.0,sequence_47733,25.0,215.8066
sequence_47679,44.0,sequence_47732,30.0,332.2967
sequence_47679,44.0,sequence_47755,100.0,127.70830000000001
sequence_47679,44.0,sequence_47746,94.0,268.8932
sequence_47679,44.0,sequence_47754,70.0,227.78289999999998
sequence_47679,44.0,sequence_47753,74.0,125.6714
sequence_47679,44.0,sequence_47740,158.0,187.7718
sequence_47679,44.0,sequence_47742,108.0,158.3099
sequence_47679,44.0,sequence_47715,101.0,131.9962
sequence_47679,44.0,sequence_47718,81.0,137.7456
sequence_47679,44.0,sequence_47717,66.0,269.085
sequence_47679,44.0,sequence_47720,80.0,397.2657
sequence_47679,44.0,sequence_47716,84.0,210.01409999999998
sequence_47679,44.0,sequence_47719,66.0,380.8502
sequence_47679,44.0,sequence_47723,69.0,119.2223
sequence_47679,44.0,sequence_47722,75.0,125.8632
sequence_47679,44.0,sequence_47674,38.0,43.7537
sequence_47679,44.0,sequence_47676,56.0,79.9129
sequence_47679,44.0,sequence_47711,57.0,85.6668
sequence_47679,44.0,sequence_47739,35.0,146.4275
sequence_47679,44.0,sequence_47735,55.0,129.8884
sequence_47679,44.0,sequence_47793,16.0,191.0204
sequence_47679,44.0,sequence_47801,4.0,173.7996
sequence_47679,44.0,sequence_47805,22.0,191.9139
sequence_47679,44.0,sequence_47802,4.0,179.549
sequence_47679,44.0,sequence_47794,18.0,197.6633
sequence_47679,44.0,sequence_47728,12.0,134.9018
sequence_47679,44.0,sequence_47808,4.0,173.26000000000002
sequence_47679,44.0,sequence_47792,12.0,224.94050000000001
sequence_47679,44.0,sequence_47791,4.0,138.986
sequence_47679,44.0,sequence_47788,5.0,178.65550000000002
sequence_47679,44.0,sequence_47729,34.0,186.9362
sequence_47679,44.0,sequence_47809,10.0,225.29440000000002
sequence_47679,44.0,sequence_47737,27.0,187.29010000000002
sequence_47679,44.0,sequence_47810,5.57,155.87900000000002
sequence_47679,44.0,sequence_47766,4.19,161.09500000000003
sequence_47679,44.0,sequence_47736,19.0,135.25570000000002
sequence_47695,52.0,sequence_47787,5.0,88.5194
sequence_47695,52.0,sequence_47684,23.0,0.8934999999999995
sequence_47695,52.0,sequence_47789,10.0,130.428
sequence_47695,52.0,sequence_47790,9.0,146.0027
sequence_47695,52.0,sequence_47781,12.0,179.7408
sequence_47695,52.0,sequence_47777,11.0,173.7996
sequence_47695,52.0,sequence_47779,11.0,173.7996
sequence_47695,52.0,sequence_47784,21.0,216.70010000000002
sequence_47695,52.0,sequence_47786,18.0,172.4785
sequence_47695,52.0,sequence_47782,17.0,172.4785
sequence_47695,52.0,sequence_47772,12.0,124.7367
sequence_47695,52.0,sequence_47795,7.0,178.69580000000002
sequence_47695,52.0,sequence_47776,9.0,267.7667
sequence_47695,52.0,sequence_47685,24.0,6.642899999999999
sequence_47695,52.0,sequence_47679,44.0,86.17370000000001
sequence_47695,52.0,sequence_47710,43.0,37.1108
sequence_47695,52.0,sequence_47686,22.0,42.802099999999996
sequence_47695,52.0,sequence_47778,26.0,215.7082
sequence_47695,52.0,sequence_47780,23.0,215.70819999999998
sequence_47695,52.0,sequence_47785,25.0,184.53859999999997
sequence_47695,52.0,sequence_47803,12.0,129.53449999999998
sequence_47695,52.0,sequence_47663,36.0,201.33820000000003
sequence_47695,52.0,sequence_47757,36.0,195.5888
sequence_47695,52.0,sequence_47783,24.5,371.0027
sequence_47695,52.0,sequence_47796,20.0,241.2268
sequence_47695,52.0,sequence_47750,25.0,103.6254
sequence_47695,52.0,sequence_47760,26.0,230.1163
sequence_47695,52.0,sequence_47773,19.0,166.6453
sequence_47695,52.0,sequence_47768,17.0,210.01690000000002
sequence_47695,52.0,sequence_47771,18.0,140.843
sequence_47695,52.0,sequence_47681,44.0,91.9231
sequence_47695,52.0,sequence_47696,47.0,5.7494
sequence_47695,52.0,sequence_47680,73.0,235.1449
sequence_47695,52.0,sequence_47673,65.5,122.391
sequence_47695,52.0,sequence_47700,65.0,408.451
sequence_47695,52.0,sequence_47689,52.0,128.1807
sequence_47695,52.0,sequence_47683,75.0,277.0535
sequence_47695,52.0,sequence_47697,55.5,41.90859999999999
sequence_47695,52.0,sequence_47678,37.0,79.01939999999999
sequence_47695,52.0,sequence_47682,53.0,128.0823
sequence_47695,52.0,sequence_47724,48.0,161.64229999999998
sequence_47695,52.0,sequence_47806,73.0,537.9855
sequence_47695,52.0,sequence_47807,42.0,383.2649
sequence_47695,52.0,sequence_47804,23.0,209.0653
sequence_47695,52.0,sequence_47800,20.0,220.7559
sequence_47695,52.0,sequence_47799,24.0,214.8147
sequence_47695,52.0,sequence_47664,32.0,207.0876
sequence_47695,52.0,sequence_47666,69.0,380.5855
sequence_47695,52.0,sequence_47671,36.0,274.6663
sequence_47695,52.0,sequence_47727,45.0,332.9984
sequence_47695,52.0,sequence_47756,37.0,349.8914
sequence_47695,52.0,sequence_47775,23.0,550.25
sequence_47695,52.0,sequence_47730,35.0,203.2225
sequence_47695,52.0,sequence_47758,22.0,220.1155
sequence_47695,52.0,sequence_47797,27.0,363.46630000000005
sequence_47695,52.0,sequence_47798,23.0,267.54049999999995
sequence_47695,52.0,sequence_47751,34.0,109.3748
sequence_47695,52.0,sequence_47741,102.0,188.9056
sequence_47695,52.0,sequence_47743,63.0,337.8768
sequence_47695,52.0,sequence_47752,67.0,170.14
sequence_47695,52.0,sequence_47745,83.0,347.53049999999996
sequence_47695,52.0,sequence_47747,72.0,358.4206
sequence_47695,52.0,sequence_47748,79.0,374.8361
sequence_47695,52.0,sequence_47749,81.0,300.76599999999996
sequence_47695,52.0,sequence_47744,69.0,324.8606
sequence_47695,52.0,sequence_47721,40.0,119.2203
sequence_47695,52.0,sequence_47759,36.0,120.1138
sequence_47695,52.0,sequence_47774,21.0,246.17610000000002
sequence_47695,52.0,sequence_47770,25.0,387.8804999999999
sequence_47695,52.0,sequence_47713,51.0,210.24990000000003
sequence_47695,52.0,sequence_47738,55.0,188.9056
sequence_47695,52.0,sequence_47769,25.0,251.9255
sequence_47695,52.0,sequence_47702,69.0,414.2004
sequence_47695,52.0,sequence_47672,76.0,97.8643
sequence_47695,52.0,sequence_47705,71.0,234.9531
sequence_47695,52.0,sequence_47694,51.0,170.88940000000002
sequence_47695,52.0,sequence_47691,40.0,85.28020000000001
sequence_47695,52.0,sequence_47701,63.0,557.4222
sequence_47695,52.0,sequence_47706,77.0,426.0828
sequence_47695,52.0,sequence_47675,57.0,345.12309999999997
sequence_47695,52.0,sequence_47698,56.0,85.28020000000001
sequence_47695,52.0,sequence_47688,90.0,175.83870000000002
sequence_47695,52.0,sequence_47704,98.0,599.3308
sequence_47695,52.0,sequence_47708,111.0,467.99139999999994
sequence_47695,52.0,sequence_47709,119.0,313.27079999999995
sequence_47695,52.0,sequence_47677,103.0,313.27079999999995
sequence_47695,52.0,sequence_47692,87.5,121.43939999999999
sequence_47695,52.0,sequence_47703,95.0,450.3596
sequence_47695,52.0,sequence_47707,79.0,319.0202
sequence_47695,52.0,sequence_47762,127.0,566.5690999999999
sequence_47695,52.0,sequence_47765,118.0,709.5991
sequence_47695,52.0,sequence_47767,105.0,521.9239
sequence_47695,52.0,sequence_47812,121.0,554.8784999999999
sequence_47695,52.0,sequence_47761,120.0,560.6279
sequence_47695,52.0,sequence_47764,118.0,576.2228
sequence_47695,52.0,sequence_47763,122.0,494.1178
sequence_47695,52.0,sequence_47699,62.0,121.4394
sequence_47695,52.0,sequence_47687,92.0,125.86769999999999
sequence_47695,52.0,sequence_47693,64.0,276.15999999999997
sequence_47695,52.0,sequence_47690,63.0,170.08929999999998
sequence_47695,52.0,sequence_47712,49.0,127.1933
sequence_47695,52.0,sequence_47714,51.0,209.2983
sequence_47695,52.0,sequence_47725,57.0,154.9994
sequence_47695,52.0,sequence_47669,32.0,317.9593
sequence_47695,52.0,sequence_47668,48.0,355.0701
sequence_47695,52.0,sequence_47670,97.0,254.99550000000002
sequence_47695,52.0,sequence_47665,50.0,252.95860000000002
sequence_47695,52.0,sequence_47661,52.0,243.30490000000003
sequence_47695,52.0,sequence_47667,86.0,406.8992
sequence_47695,52.0,sequence_47726,120.0,369.21569999999997
sequence_47695,52.0,sequence_47734,110.0,378.8694
sequence_47695,52.0,sequence_47811,24.0,387.8957
sequence_47695,52.0,sequence_47662,28.0,355.6408
sequence_47695,52.0,sequence_47731,32.0,309.04650000000004
sequence_47695,52.0,sequence_47733,25.0,208.9719
sequence_47695,52.0,sequence_47732,30.0,325.462
sequence_47695,52.0,sequence_47755,100.0,177.21499999999997
sequence_47695,52.0,sequence_47746,94.0,353.2799
sequence_47695,52.0,sequence_47754,70.0,209.44939999999997
sequence_47695,52.0,sequence_47753,74.0,198.5593
sequence_47695,52.0,sequence_47740,158.0,260.2761
sequence_47695,52.0,sequence_47742,108.0,230.81419999999997
sequence_47695,52.0,sequence_47715,101.0,204.5005
sequence_47695,52.0,sequence_47718,81.0,198.7511
sequence_47695,52.0,sequence_47717,66.0,353.47169999999994
sequence_47695,52.0,sequence_47720,80.0,390.4309999999999
sequence_47695,52.0,sequence_47716,84.0,203.1794
sequence_47695,52.0,sequence_47719,66.0,374.0155
sequence_47695,52.0,sequence_47723,69.0,192.1102
sequence_47695,52.0,sequence_47722,75.0,198.7511
sequence_47695,52.0,sequence_47674,38.0,128.1404
sequence_47695,52.0,sequence_47676,56.0,164.2996
sequence_47695,52.0,sequence_47711,57.0,170.05349999999999
sequence_47695,52.0,sequence_47739,35.0,230.8142
sequence_47695,52.0,sequence_47735,55.0,214.2751
sequence_47695,52.0,sequence_47793,16.0,174.47390000000001
sequence_47695,52.0,sequence_47801,4.0,87.6259
sequence_47695,52.0,sequence_47805,22.0,173.5804
sequence_47695,52.0,sequence_47802,4.0,93.3753
sequence_47695,52.0,sequence_47794,18.0,181.1168
sequence_47695,52.0,sequence_47728,12.0,50.515100000000004
sequence_47695,52.0,sequence_47808,4.0,88.8733
sequence_47695,52.0,sequence_47792,12.0,140.55380000000002
sequence_47695,52.0,sequence_47791,4.0,122.43950000000001
sequence_47695,52.0,sequence_47788,5.0,94.2688
sequence_47695,52.0,sequence_47729,34.0,102.54950000000001
sequence_47695,52.0,sequence_47809,10.0,140.9077
sequence_47695,52.0,sequence_47737,27.0,102.9034
sequence_47695,52.0,sequence_47810,5.57,71.4923
sequence_47695,52.0,sequence_47766,4.19,76.70830000000001
sequence_47695,52.0,sequence_47736,19.0,50.869
sequence_47710,43.0,sequence_47787,5.0,125.6302
sequence_47710,43.0,sequence_47684,23.0,38.0043
sequence_47710,43.0,sequence_47789,10.0,167.53879999999998
sequence_47710,43.0,sequence_47790,9.0,183.1135
sequence_47710,43.0,sequence_47781,12.0,216.85160000000002
sequence_47710,43.0,sequence_47777,11.0,210.9104
sequence_47710,43.0,sequence_47779,11.0,210.9104
sequence_47710,43.0,sequence_47784,21.0,253.8109
sequence_47710,43.0,sequence_47786,18.0,209.5893
sequence_47710,43.0,sequence_47782,17.0,209.5893
sequence_47710,43.0,sequence_47772,12.0,161.8475
sequence_47710,43.0,sequence_47795,7.0,215.8066
sequence_47710,43.0,sequence_47776,9.0,304.8775
sequence_47710,43.0,sequence_47685,24.0,43.7537
sequence_47710,43.0,sequence_47679,44.0,123.28450000000001
sequence_47710,43.0,sequence_47695,52.0,37.1108
sequence_47710,43.0,sequence_47686,22.0,79.9129
sequence_47710,43.0,sequence_47778,26.0,252.81900000000002
sequence_47710,43.0,sequence_47780,23.0,252.819
sequence_47710,43.0,sequence_47785,25.0,221.64939999999999
sequence_47710,43.0,sequence_47803,12.0,166.6453
sequence_47710,43.0,sequence_47663,36.0,238.449
sequence_47710,43.0,sequence_47757,36.0,232.6996
sequence_47710,43.0,sequence_47783,24.5,408.1135
sequence_47710,43.0,sequence_47796,20.0,278.3376
sequence_47710,43.0,sequence_47750,25.0,140.7362
sequence_47710,43.0,sequence_47760,26.0,267.2271
sequence_47710,43.0,sequence_47773,19.0,203.7561
sequence_47710,43.0,sequence_47768,17.0,247.1277
sequence_47710,43.0,sequence_47771,18.0,177.9538
sequence_47710,43.0,sequence_47681,44.0,129.03390000000002
sequence_47710,43.0,sequence_47696,47.0,42.8602
sequence_47710,43.0,sequence_47680,73.0,272.25570000000005
sequence_47710,43.0,sequence_47673,65.5,159.5018
sequence_47710,43.0,sequence_47700,65.0,445.56179999999995
sequence_47710,43.0,sequence_47689,52.0,165.29149999999998
sequence_47710,43.0,sequence_47683,75.0,314.16429999999997
sequence_47710,43.0,sequence_47697,55.5,79.01939999999999
sequence_47710,43.0,sequence_47678,37.0,116.13019999999999
sequence_47710,43.0,sequence_47682,53.0,165.19310000000002
sequence_47710,43.0,sequence_47724,48.0,198.7531
sequence_47710,43.0,sequence_47806,73.0,575.0962999999999
sequence_47710,43.0,sequence_47807,42.0,420.3757
sequence_47710,43.0,sequence_47804,23.0,246.17610000000002
sequence_47710,43.0,sequence_47800,20.0,257.8667
sequence_47710,43.0,sequence_47799,24.0,251.9255
sequence_47710,43.0,sequence_47664,32.0,244.19840000000002
sequence_47710,43.0,sequence_47666,69.0,417.6963
sequence_47710,43.0,sequence_47671,36.0,237.5555
sequence_47710,43.0,sequence_47727,45.0,370.1092
sequence_47710,43.0,sequence_47756,37.0,387.0022
sequence_47710,43.0,sequence_47775,23.0,587.3607999999999
sequence_47710,43.0,sequence_47730,35.0,240.3333
sequence_47710,43.0,sequence_47758,22.0,257.22630000000004
sequence_47710,43.0,sequence_47797,27.0,400.57710000000003
sequence_47710,43.0,sequence_47798,23.0,304.6513
sequence_47710,43.0,sequence_47751,34.0,146.4856
sequence_47710,43.0,sequence_47741,102.0,226.0164
sequence_47710,43.0,sequence_47743,63.0,374.9876
sequence_47710,43.0,sequence_47752,67.0,207.2508
sequence_47710,43.0,sequence_47745,83.0,384.6413
sequence_47710,43.0,sequence_47747,72.0,395.53139999999996
sequence_47710,43.0,sequence_47748,79.0,411.94689999999997
sequence_47710,43.0,sequence_47749,81.0,337.8768
sequence_47710,43.0,sequence_47744,69.0,361.9714
sequence_47710,43.0,sequence_47721,40.0,156.3311
sequence_47710,43.0,sequence_47759,36.0,157.2246
sequence_47710,43.0,sequence_47774,21.0,283.2869
sequence_47710,43.0,sequence_47770,25.0,424.9912999999999
sequence_47710,43.0,sequence_47713,51.0,247.3607
sequence_47710,43.0,sequence_47738,55.0,226.0164
sequence_47710,43.0,sequence_47769,25.0,289.0363
sequence_47710,43.0,sequence_47702,69.0,451.3112
sequence_47710,43.0,sequence_47672,76.0,123.09270000000001
sequence_47710,43.0,sequence_47705,71.0,272.0639
sequence_47710,43.0,sequence_47694,51.0,208.0002
sequence_47710,43.0,sequence_47691,40.0,122.391
sequence_47710,43.0,sequence_47701,63.0,594.533
sequence_47710,43.0,sequence_47706,77.0,439.8124
sequence_47710,43.0,sequence_47675,57.0,382.23389999999995
sequence_47710,43.0,sequence_47698,56.0,122.391
sequence_47710,43.0,sequence_47688,90.0,212.9495
sequence_47710,43.0,sequence_47704,98.0,636.4415999999999
sequence_47710,43.0,sequence_47708,111.0,481.72099999999995
sequence_47710,43.0,sequence_47709,119.0,327.00039999999996
sequence_47710,43.0,sequence_47677,103.0,350.38159999999993
sequence_47710,43.0,sequence_47692,87.5,158.5502
sequence_47710,43.0,sequence_47703,95.0,487.4704
sequence_47710,43.0,sequence_47707,79.0,332.7498
sequence_47710,43.0,sequence_47762,127.0,603.6799
sequence_47710,43.0,sequence_47765,118.0,746.7099
sequence_47710,43.0,sequence_47767,105.0,559.0346999999999
sequence_47710,43.0,sequence_47812,121.0,591.9893
sequence_47710,43.0,sequence_47761,120.0,597.7387
sequence_47710,43.0,sequence_47764,118.0,613.3335999999999
sequence_47710,43.0,sequence_47763,122.0,531.2285999999999
sequence_47710,43.0,sequence_47699,62.0,158.55020000000002
sequence_47710,43.0,sequence_47687,92.0,162.9785
sequence_47710,43.0,sequence_47693,64.0,313.27079999999995
sequence_47710,43.0,sequence_47690,63.0,207.20009999999996
sequence_47710,43.0,sequence_47712,49.0,164.3041
sequence_47710,43.0,sequence_47714,51.0,246.40910000000002
sequence_47710,43.0,sequence_47725,57.0,192.1102
sequence_47710,43.0,sequence_47669,32.0,280.84850000000006
sequence_47710,43.0,sequence_47668,48.0,317.9593
sequence_47710,43.0,sequence_47670,97.0,268.7251
sequence_47710,43.0,sequence_47665,50.0,290.0694
sequence_47710,43.0,sequence_47661,52.0,280.4157
sequence_47710,43.0,sequence_47667,86.0,444.01
sequence_47710,43.0,sequence_47726,120.0,406.3265
sequence_47710,43.0,sequence_47734,110.0,415.98019999999997
sequence_47710,43.0,sequence_47811,24.0,425.00649999999996
sequence_47710,43.0,sequence_47662,28.0,392.7516
sequence_47710,43.0,sequence_47731,32.0,346.1573
sequence_47710,43.0,sequence_47733,25.0,246.08270000000002
sequence_47710,43.0,sequence_47732,30.0,362.57280000000003
sequence_47710,43.0,sequence_47755,100.0,214.3258
sequence_47710,43.0,sequence_47746,94.0,390.3907
sequence_47710,43.0,sequence_47754,70.0,246.56019999999998
sequence_47710,43.0,sequence_47753,74.0,235.6701
sequence_47710,43.0,sequence_47740,158.0,297.38689999999997
sequence_47710,43.0,sequence_47742,108.0,267.92499999999995
sequence_47710,43.0,sequence_47715,101.0,241.61129999999997
sequence_47710,43.0,sequence_47718,81.0,235.8619
sequence_47710,43.0,sequence_47717,66.0,390.5825
sequence_47710,43.0,sequence_47720,80.0,427.54179999999997
sequence_47710,43.0,sequence_47716,84.0,240.29019999999997
sequence_47710,43.0,sequence_47719,66.0,411.12629999999996
sequence_47710,43.0,sequence_47723,69.0,229.221
sequence_47710,43.0,sequence_47722,75.0,235.8619
sequence_47710,43.0,sequence_47674,38.0,165.25119999999998
sequence_47710,43.0,sequence_47676,56.0,201.41039999999998
sequence_47710,43.0,sequence_47711,57.0,207.16429999999997
sequence_47710,43.0,sequence_47739,35.0,267.925
sequence_47710,43.0,sequence_47735,55.0,251.3859
sequence_47710,43.0,sequence_47793,16.0,211.5847
sequence_47710,43.0,sequence_47801,4.0,124.7367
sequence_47710,43.0,sequence_47805,22.0,210.69119999999998
sequence_47710,43.0,sequence_47802,4.0,130.4861
sequence_47710,43.0,sequence_47794,18.0,218.2276
sequence_47710,43.0,sequence_47728,12.0,87.6259
sequence_47710,43.0,sequence_47808,4.0,125.9841
sequence_47710,43.0,sequence_47792,12.0,177.6646
sequence_47710,43.0,sequence_47791,4.0,159.5503
sequence_47710,43.0,sequence_47788,5.0,131.3796
sequence_47710,43.0,sequence_47729,34.0,139.6603
sequence_47710,43.0,sequence_47809,10.0,178.01850000000002
sequence_47710,43.0,sequence_47737,27.0,140.01420000000002
sequence_47710,43.0,sequence_47810,5.57,108.6031
sequence_47710,43.0,sequence_47766,4.19,113.8191
sequence_47710,43.0,sequence_47736,19.0,87.9798
sequence_47686,22.0,sequence_47787,5.0,129.53449999999998
sequence_47686,22.0,sequence_47684,23.0,41.90859999999999
sequence_47686,22.0,sequence_47789,10.0,87.6259
sequence_47686,22.0,sequence_47790,9.0,134.3904
sequence_47686,22.0,sequence_47781,12.0,220.7559
sequence_47686,22.0,sequence_47777,11.0,214.81470000000002
sequence_47686,22.0,sequence_47779,11.0,214.8147
sequence_47686,22.0,sequence_47784,21.0,257.7152
sequence_47686,22.0,sequence_47786,18.0,213.49360000000001
sequence_47686,22.0,sequence_47782,17.0,213.4936
sequence_47686,22.0,sequence_47772,12.0,167.53879999999998
sequence_47686,22.0,sequence_47795,7.0,219.71089999999998
sequence_47686,22.0,sequence_47776,9.0,310.5688
sequence_47686,22.0,sequence_47685,24.0,47.657999999999994
sequence_47686,22.0,sequence_47679,44.0,127.1888
sequence_47686,22.0,sequence_47695,52.0,42.802099999999996
sequence_47686,22.0,sequence_47710,43.0,79.9129
sequence_47686,22.0,sequence_47778,26.0,172.9061
sequence_47686,22.0,sequence_47780,23.0,172.9061
sequence_47686,22.0,sequence_47785,25.0,141.7365
sequence_47686,22.0,sequence_47803,12.0,88.5194
sequence_47686,22.0,sequence_47663,36.0,242.3533
sequence_47686,22.0,sequence_47757,36.0,236.60389999999998
sequence_47686,22.0,sequence_47783,24.5,359.3904
sequence_47686,22.0,sequence_47796,20.0,284.02889999999996
sequence_47686,22.0,sequence_47750,25.0,146.4275
sequence_47686,22.0,sequence_47760,26.0,272.9184
sequence_47686,22.0,sequence_47773,19.0,125.6302
sequence_47686,22.0,sequence_47768,17.0,252.81900000000002
sequence_47686,22.0,sequence_47771,18.0,183.6451
sequence_47686,22.0,sequence_47681,44.0,132.9382
sequence_47686,22.0,sequence_47696,47.0,48.55149999999999
sequence_47686,22.0,sequence_47680,73.0,244.97019999999998
sequence_47686,22.0,sequence_47673,65.5,165.19310000000002
sequence_47686,22.0,sequence_47700,65.0,451.2531
sequence_47686,22.0,sequence_47689,52.0,170.98279999999997
sequence_47686,22.0,sequence_47683,75.0,234.2514
sequence_47686,22.0,sequence_47697,55.5,0.8934999999999995
sequence_47686,22.0,sequence_47678,37.0,38.0043
sequence_47686,22.0,sequence_47682,53.0,85.28020000000001
sequence_47686,22.0,sequence_47724,48.0,118.84020000000001
sequence_47686,22.0,sequence_47806,73.0,496.97040000000004
sequence_47686,22.0,sequence_47807,42.0,342.24980000000005
sequence_47686,22.0,sequence_47804,23.0,168.05020000000002
sequence_47686,22.0,sequence_47800,20.0,179.7408
sequence_47686,22.0,sequence_47799,24.0,173.7996
sequence_47686,22.0,sequence_47664,32.0,248.1027
sequence_47686,22.0,sequence_47666,69.0,423.3876
sequence_47686,22.0,sequence_47671,36.0,317.4684
sequence_47686,22.0,sequence_47727,45.0,321.3861
sequence_47686,22.0,sequence_47756,37.0,338.27909999999997
sequence_47686,22.0,sequence_47775,23.0,540.4247
sequence_47686,22.0,sequence_47730,35.0,246.02459999999996
sequence_47686,22.0,sequence_47758,22.0,262.9176
sequence_47686,22.0,sequence_47797,27.0,406.2684
sequence_47686,22.0,sequence_47798,23.0,257.7152
sequence_47686,22.0,sequence_47751,34.0,152.1769
sequence_47686,22.0,sequence_47741,102.0,231.7077
sequence_47686,22.0,sequence_47743,63.0,380.6789
sequence_47686,22.0,sequence_47752,67.0,212.9421
sequence_47686,22.0,sequence_47745,83.0,390.33259999999996
sequence_47686,22.0,sequence_47747,72.0,401.2226999999999
sequence_47686,22.0,sequence_47748,79.0,417.6382
sequence_47686,22.0,sequence_47749,81.0,343.56809999999996
sequence_47686,22.0,sequence_47744,69.0,367.6627
sequence_47686,22.0,sequence_47721,40.0,78.2052
sequence_47686,22.0,sequence_47759,36.0,79.09870000000001
sequence_47686,22.0,sequence_47774,21.0,205.161
sequence_47686,22.0,sequence_47770,25.0,346.8654
sequence_47686,22.0,sequence_47713,51.0,253.05200000000002
sequence_47686,22.0,sequence_47738,55.0,231.7077
sequence_47686,22.0,sequence_47769,25.0,210.9104
sequence_47686,22.0,sequence_47702,69.0,457.0025
sequence_47686,22.0,sequence_47672,76.0,138.8794
sequence_47686,22.0,sequence_47705,71.0,275.9682
sequence_47686,22.0,sequence_47694,51.0,213.6915
sequence_47686,22.0,sequence_47691,40.0,128.08229999999998
sequence_47686,22.0,sequence_47701,63.0,569.0345
sequence_47686,22.0,sequence_47706,77.0,437.69509999999997
sequence_47686,22.0,sequence_47675,57.0,356.73539999999997
sequence_47686,22.0,sequence_47698,56.0,128.08229999999998
sequence_47686,22.0,sequence_47688,90.0,166.0134
sequence_47686,22.0,sequence_47704,98.0,558.3157
sequence_47686,22.0,sequence_47708,111.0,426.9763
sequence_47686,22.0,sequence_47709,119.0,272.2557
sequence_47686,22.0,sequence_47677,103.0,272.2557
sequence_47686,22.0,sequence_47692,87.5,80.4243
sequence_47686,22.0,sequence_47703,95.0,409.34450000000004
sequence_47686,22.0,sequence_47707,79.0,278.00509999999997
sequence_47686,22.0,sequence_47762,127.0,525.554
sequence_47686,22.0,sequence_47765,118.0,668.584
sequence_47686,22.0,sequence_47767,105.0,480.90880000000004
sequence_47686,22.0,sequence_47812,121.0,513.8634
sequence_47686,22.0,sequence_47761,120.0,519.6128
sequence_47686,22.0,sequence_47764,118.0,535.2077
sequence_47686,22.0,sequence_47763,122.0,453.1027
sequence_47686,22.0,sequence_47699,62.0,80.4243
sequence_47686,22.0,sequence_47687,92.0,84.85260000000001
sequence_47686,22.0,sequence_47693,64.0,235.14489999999998
sequence_47686,22.0,sequence_47690,63.0,129.0742
sequence_47686,22.0,sequence_47712,49.0,86.17819999999999
sequence_47686,22.0,sequence_47714,51.0,168.28320000000002
sequence_47686,22.0,sequence_47725,57.0,113.98429999999999
sequence_47686,22.0,sequence_47669,32.0,360.7614
sequence_47686,22.0,sequence_47668,48.0,397.8722
sequence_47686,22.0,sequence_47670,97.0,297.7976
sequence_47686,22.0,sequence_47665,50.0,295.7607
sequence_47686,22.0,sequence_47661,52.0,286.10699999999997
sequence_47686,22.0,sequence_47667,86.0,397.0739
sequence_47686,22.0,sequence_47726,120.0,359.3904
sequence_47686,22.0,sequence_47734,110.0,369.0441
sequence_47686,22.0,sequence_47811,24.0,376.28340000000003
sequence_47686,22.0,sequence_47662,28.0,344.0285
sequence_47686,22.0,sequence_47731,32.0,351.8486
sequence_47686,22.0,sequence_47733,25.0,251.774
sequence_47686,22.0,sequence_47732,30.0,368.2641
sequence_47686,22.0,sequence_47755,100.0,220.0171
sequence_47686,22.0,sequence_47746,94.0,396.082
sequence_47686,22.0,sequence_47754,70.0,252.2515
sequence_47686,22.0,sequence_47753,74.0,241.3614
sequence_47686,22.0,sequence_47740,158.0,303.07820000000004
sequence_47686,22.0,sequence_47742,108.0,189.7991
sequence_47686,22.0,sequence_47715,101.0,163.48540000000003
sequence_47686,22.0,sequence_47718,81.0,157.736
sequence_47686,22.0,sequence_47717,66.0,312.4566
sequence_47686,22.0,sequence_47720,80.0,349.41589999999997
sequence_47686,22.0,sequence_47716,84.0,162.16430000000003
sequence_47686,22.0,sequence_47719,66.0,333.00039999999996
sequence_47686,22.0,sequence_47723,69.0,151.0951
sequence_47686,22.0,sequence_47722,75.0,157.736
sequence_47686,22.0,sequence_47674,38.0,170.9425
sequence_47686,22.0,sequence_47676,56.0,123.28450000000001
sequence_47686,22.0,sequence_47711,57.0,129.0384
sequence_47686,22.0,sequence_47739,35.0,189.7991
sequence_47686,22.0,sequence_47735,55.0,173.26000000000002
sequence_47686,22.0,sequence_47793,16.0,215.489
sequence_47686,22.0,sequence_47801,4.0,130.428
sequence_47686,22.0,sequence_47805,22.0,216.3825
sequence_47686,22.0,sequence_47802,4.0,136.1774
sequence_47686,22.0,sequence_47794,18.0,220.3449
sequence_47686,22.0,sequence_47728,12.0,91.5302
sequence_47686,22.0,sequence_47808,4.0,129.8884
sequence_47686,22.0,sequence_47792,12.0,181.56889999999999
sequence_47686,22.0,sequence_47791,4.0,163.4546
sequence_47686,22.0,sequence_47788,5.0,135.2839
sequence_47686,22.0,sequence_47729,34.0,143.56459999999998
sequence_47686,22.0,sequence_47809,10.0,181.9228
sequence_47686,22.0,sequence_47737,27.0,143.9185
sequence_47686,22.0,sequence_47810,5.57,112.5074
sequence_47686,22.0,sequence_47766,4.19,117.7234
sequence_47686,22.0,sequence_47736,19.0,91.88409999999999
sequence_47778,26.0,sequence_47787,5.0,127.1888
sequence_47778,26.0,sequence_47684,23.0,214.81470000000002
sequence_47778,26.0,sequence_47789,10.0,85.28020000000001
sequence_47778,26.0,sequence_47790,9.0,132.0447
sequence_47778,26.0,sequence_47781,12.0,47.8498
sequence_47778,26.0,sequence_47777,11.0,41.90859999999999
sequence_47778,26.0,sequence_47779,11.0,53.791
sequence_47778,26.0,sequence_47784,21.0,176.0305
sequence_47778,26.0,sequence_47786,18.0,119.92649999999999
sequence_47778,26.0,sequence_47782,17.0,131.8089
sequence_47778,26.0,sequence_47772,12.0,165.19310000000002
sequence_47778,26.0,sequence_47795,7.0,217.36520000000002
sequence_47778,26.0,sequence_47776,9.0,308.2231
sequence_47778,26.0,sequence_47685,24.0,220.5641
sequence_47778,26.0,sequence_47679,44.0,129.53449999999998
sequence_47778,26.0,sequence_47695,52.0,215.7082
sequence_47778,26.0,sequence_47710,43.0,252.81900000000002
sequence_47778,26.0,sequence_47686,22.0,172.9061
sequence_47778,26.0,sequence_47780,23.0,11.882400000000004
sequence_47778,26.0,sequence_47785,25.0,43.052
sequence_47778,26.0,sequence_47803,12.0,86.17370000000001
sequence_47778,26.0,sequence_47663,36.0,236.67719999999997
sequence_47778,26.0,sequence_47757,36.0,230.9278
sequence_47778,26.0,sequence_47783,24.5,277.70570000000004
sequence_47778,26.0,sequence_47796,20.0,202.3442
sequence_47778,26.0,sequence_47750,25.0,220.0904
sequence_47778,26.0,sequence_47760,26.0,445.82450000000006
sequence_47778,26.0,sequence_47773,19.0,123.28450000000001
sequence_47778,26.0,sequence_47768,17.0,79.9129
sequence_47778,26.0,sequence_47771,18.0,149.08679999999998
sequence_47778,26.0,sequence_47681,44.0,135.2839
sequence_47778,26.0,sequence_47696,47.0,221.4576
sequence_47778,26.0,sequence_47680,73.0,247.3159
sequence_47778,26.0,sequence_47673,65.5,167.53879999999998
sequence_47778,26.0,sequence_47700,65.0,453.5988
sequence_47778,26.0,sequence_47689,52.0,264.5499
sequence_47778,26.0,sequence_47683,75.0,236.5971
sequence_47778,26.0,sequence_47697,55.5,173.7996
sequence_47778,26.0,sequence_47678,37.0,210.9104
sequence_47778,26.0,sequence_47682,53.0,87.6259
sequence_47778,26.0,sequence_47724,48.0,121.1859
sequence_47778,26.0,sequence_47806,73.0,324.0643
sequence_47778,26.0,sequence_47807,42.0,169.3437
sequence_47778,26.0,sequence_47804,23.0,6.642899999999999
sequence_47778,26.0,sequence_47800,20.0,6.8347000000000016
sequence_47778,26.0,sequence_47799,24.0,12.775900000000004
sequence_47778,26.0,sequence_47664,32.0,242.4266
sequence_47778,26.0,sequence_47666,69.0,417.7115
sequence_47778,26.0,sequence_47671,36.0,311.79229999999995
sequence_47778,26.0,sequence_47727,45.0,315.71000000000004
sequence_47778,26.0,sequence_47756,37.0,332.60300000000007
sequence_47778,26.0,sequence_47775,23.0,458.74
sequence_47778,26.0,sequence_47730,35.0,240.3485
sequence_47778,26.0,sequence_47758,22.0,257.2415
sequence_47778,26.0,sequence_47797,27.0,324.5837
sequence_47778,26.0,sequence_47798,23.0,176.03050000000002
sequence_47778,26.0,sequence_47751,34.0,225.8398
sequence_47778,26.0,sequence_47741,102.0,146.6926
sequence_47778,26.0,sequence_47743,63.0,283.78139999999996
sequence_47778,26.0,sequence_47752,67.0,218.7648
sequence_47778,26.0,sequence_47745,83.0,293.43510000000003
sequence_47778,26.0,sequence_47747,72.0,395.5466
sequence_47778,26.0,sequence_47748,79.0,411.96209999999996
sequence_47778,26.0,sequence_47749,81.0,320.8922
sequence_47778,26.0,sequence_47744,69.0,361.98659999999995
sequence_47778,26.0,sequence_47721,40.0,170.7095
sequence_47778,26.0,sequence_47759,36.0,169.816
sequence_47778,26.0,sequence_47774,21.0,43.7537
sequence_47778,26.0,sequence_47770,25.0,265.1807
sequence_47778,26.0,sequence_47713,51.0,156.15449999999998
sequence_47778,26.0,sequence_47738,55.0,134.8102
sequence_47778,26.0,sequence_47769,25.0,38.0043
sequence_47778,26.0,sequence_47702,69.0,459.3482
sequence_47778,26.0,sequence_47672,76.0,141.2251
sequence_47778,26.0,sequence_47705,71.0,278.3139
sequence_47778,26.0,sequence_47694,51.0,386.59760000000006
sequence_47778,26.0,sequence_47691,40.0,153.8092
sequence_47778,26.0,sequence_47701,63.0,571.3802000000001
sequence_47778,26.0,sequence_47706,77.0,440.0408
sequence_47778,26.0,sequence_47675,57.0,359.0811
sequence_47778,26.0,sequence_47698,56.0,141.92680000000001
sequence_47778,26.0,sequence_47688,90.0,259.58050000000003
sequence_47778,26.0,sequence_47704,98.0,560.6614
sequence_47778,26.0,sequence_47708,111.0,429.322
sequence_47778,26.0,sequence_47709,119.0,274.6014
sequence_47778,26.0,sequence_47677,103.0,274.6014
sequence_47778,26.0,sequence_47692,87.5,106.15120000000002
sequence_47778,26.0,sequence_47703,95.0,411.6902
sequence_47778,26.0,sequence_47707,79.0,280.3508
sequence_47778,26.0,sequence_47762,127.0,352.6479
sequence_47778,26.0,sequence_47765,118.0,495.6779
sequence_47778,26.0,sequence_47767,105.0,407.2459
sequence_47778,26.0,sequence_47812,121.0,340.95730000000003
sequence_47778,26.0,sequence_47761,120.0,346.7067
sequence_47778,26.0,sequence_47764,118.0,362.3016
sequence_47778,26.0,sequence_47763,122.0,379.4398
sequence_47778,26.0,sequence_47699,62.0,94.2688
sequence_47778,26.0,sequence_47687,92.0,178.41970000000003
sequence_47778,26.0,sequence_47693,64.0,237.49060000000003
sequence_47778,26.0,sequence_47690,63.0,222.6413
sequence_47778,26.0,sequence_47712,49.0,100.02269999999999
sequence_47778,26.0,sequence_47714,51.0,82.88449999999999
sequence_47778,26.0,sequence_47725,57.0,127.8288
sequence_47778,26.0,sequence_47669,32.0,355.08529999999996
sequence_47778,26.0,sequence_47668,48.0,392.1961
sequence_47778,26.0,sequence_47670,97.0,292.12149999999997
sequence_47778,26.0,sequence_47665,50.0,290.0846
sequence_47778,26.0,sequence_47661,52.0,280.4309
sequence_47778,26.0,sequence_47667,86.0,391.3978
sequence_47778,26.0,sequence_47726,120.0,353.71430000000004
sequence_47778,26.0,sequence_47734,110.0,363.36800000000005
sequence_47778,26.0,sequence_47811,24.0,294.5987
sequence_47778,26.0,sequence_47662,28.0,338.35240000000005
sequence_47778,26.0,sequence_47731,32.0,346.1725
sequence_47778,26.0,sequence_47733,25.0,246.09789999999998
sequence_47778,26.0,sequence_47732,30.0,362.588
sequence_47778,26.0,sequence_47755,100.0,157.9996
sequence_47778,26.0,sequence_47746,94.0,299.18449999999996
sequence_47778,26.0,sequence_47754,70.0,258.0742
sequence_47778,26.0,sequence_47753,74.0,155.96269999999998
sequence_47778,26.0,sequence_47740,158.0,218.06310000000002
sequence_47778,26.0,sequence_47742,108.0,104.784
sequence_47778,26.0,sequence_47715,101.0,97.3117
sequence_47778,26.0,sequence_47718,81.0,103.06110000000001
sequence_47778,26.0,sequence_47717,66.0,234.40050000000002
sequence_47778,26.0,sequence_47720,80.0,362.5812
sequence_47778,26.0,sequence_47716,84.0,175.32960000000003
sequence_47778,26.0,sequence_47719,66.0,346.1657
sequence_47778,26.0,sequence_47723,69.0,164.9396
sequence_47778,26.0,sequence_47722,75.0,91.17869999999999
sequence_47778,26.0,sequence_47674,38.0,173.2882
sequence_47778,26.0,sequence_47676,56.0,125.6302
sequence_47778,26.0,sequence_47711,57.0,131.3841
sequence_47778,26.0,sequence_47739,35.0,92.9016
sequence_47778,26.0,sequence_47735,55.0,175.6057
sequence_47778,26.0,sequence_47793,16.0,145.3031
sequence_47778,26.0,sequence_47801,4.0,128.0823
sequence_47778,26.0,sequence_47805,22.0,146.1966
sequence_47778,26.0,sequence_47802,4.0,133.83169999999998
sequence_47778,26.0,sequence_47794,18.0,150.159
sequence_47778,26.0,sequence_47728,12.0,165.19310000000002
sequence_47778,26.0,sequence_47808,4.0,226.78590000000003
sequence_47778,26.0,sequence_47792,12.0,179.22320000000002
sequence_47778,26.0,sequence_47791,4.0,93.2687
sequence_47778,26.0,sequence_47788,5.0,132.9382
sequence_47778,26.0,sequence_47729,34.0,217.22750000000002
sequence_47778,26.0,sequence_47809,10.0,278.82030000000003
sequence_47778,26.0,sequence_47737,27.0,316.82460000000003
sequence_47778,26.0,sequence_47810,5.57,144.2159
sequence_47778,26.0,sequence_47766,4.19,138.9999
sequence_47778,26.0,sequence_47736,19.0,264.7902
sequence_47780,23.0,sequence_47787,5.0,127.18879999999999
sequence_47780,23.0,sequence_47684,23.0,214.8147
sequence_47780,23.0,sequence_47789,10.0,85.28020000000001
sequence_47780,23.0,sequence_47790,9.0,132.0447
sequence_47780,23.0,sequence_47781,12.0,47.8498
sequence_47780,23.0,sequence_47777,11.0,53.791
sequence_47780,23.0,sequence_47779,11.0,41.90859999999999
sequence_47780,23.0,sequence_47784,21.0,164.1481
sequence_47780,23.0,sequence_47786,18.0,131.8089
sequence_47780,23.0,sequence_47782,17.0,119.92649999999999
sequence_47780,23.0,sequence_47772,12.0,165.1931
sequence_47780,23.0,sequence_47795,7.0,217.3652
sequence_47780,23.0,sequence_47776,9.0,308.2231
sequence_47780,23.0,sequence_47685,24.0,220.5641
sequence_47780,23.0,sequence_47679,44.0,141.4169
sequence_47780,23.0,sequence_47695,52.0,215.70819999999998
sequence_47780,23.0,sequence_47710,43.0,252.819
sequence_47780,23.0,sequence_47686,22.0,172.9061
sequence_47780,23.0,sequence_47778,26.0,11.882400000000004
sequence_47780,23.0,sequence_47785,25.0,31.1696
sequence_47780,23.0,sequence_47803,12.0,86.17370000000001
sequence_47780,23.0,sequence_47663,36.0,224.7948
sequence_47780,23.0,sequence_47757,36.0,219.0454
sequence_47780,23.0,sequence_47783,24.5,265.8233
sequence_47780,23.0,sequence_47796,20.0,190.46179999999998
sequence_47780,23.0,sequence_47750,25.0,220.0904
sequence_47780,23.0,sequence_47760,26.0,445.82450000000006
sequence_47780,23.0,sequence_47773,19.0,123.28450000000001
sequence_47780,23.0,sequence_47768,17.0,91.7953
sequence_47780,23.0,sequence_47771,18.0,149.08679999999998
sequence_47780,23.0,sequence_47681,44.0,147.1663
sequence_47780,23.0,sequence_47696,47.0,221.4576
sequence_47780,23.0,sequence_47680,73.0,259.1983
sequence_47780,23.0,sequence_47673,65.5,179.4212
sequence_47780,23.0,sequence_47700,65.0,465.4812
sequence_47780,23.0,sequence_47689,52.0,252.66750000000002
sequence_47780,23.0,sequence_47683,75.0,236.5971
sequence_47780,23.0,sequence_47697,55.5,173.7996
sequence_47780,23.0,sequence_47678,37.0,210.9104
sequence_47780,23.0,sequence_47682,53.0,99.5083
sequence_47780,23.0,sequence_47724,48.0,133.06830000000002
sequence_47780,23.0,sequence_47806,73.0,335.9467
sequence_47780,23.0,sequence_47807,42.0,181.22610000000003
sequence_47780,23.0,sequence_47804,23.0,18.525300000000005
sequence_47780,23.0,sequence_47800,20.0,6.8347000000000016
sequence_47780,23.0,sequence_47799,24.0,0.8934999999999995
sequence_47780,23.0,sequence_47664,32.0,230.5442
sequence_47780,23.0,sequence_47666,69.0,405.82910000000004
sequence_47780,23.0,sequence_47671,36.0,299.9099
sequence_47780,23.0,sequence_47727,45.0,303.8276
sequence_47780,23.0,sequence_47756,37.0,320.7206
sequence_47780,23.0,sequence_47775,23.0,446.85760000000005
sequence_47780,23.0,sequence_47730,35.0,228.46609999999998
sequence_47780,23.0,sequence_47758,22.0,245.3591
sequence_47780,23.0,sequence_47797,27.0,312.7013
sequence_47780,23.0,sequence_47798,23.0,164.1481
sequence_47780,23.0,sequence_47751,34.0,225.8398
sequence_47780,23.0,sequence_47741,102.0,134.8102
sequence_47780,23.0,sequence_47743,63.0,283.78139999999996
sequence_47780,23.0,sequence_47752,67.0,218.7648
sequence_47780,23.0,sequence_47745,83.0,293.43510000000003
sequence_47780,23.0,sequence_47747,72.0,383.66420000000005
sequence_47780,23.0,sequence_47748,79.0,400.0797
sequence_47780,23.0,sequence_47749,81.0,309.00980000000004
sequence_47780,23.0,sequence_47744,69.0,350.1042
sequence_47780,23.0,sequence_47721,40.0,170.7095
sequence_47780,23.0,sequence_47759,36.0,169.816
sequence_47780,23.0,sequence_47774,21.0,55.636100000000006
sequence_47780,23.0,sequence_47770,25.0,253.2983
sequence_47780,23.0,sequence_47713,51.0,168.0369
sequence_47780,23.0,sequence_47738,55.0,146.6926
sequence_47780,23.0,sequence_47769,25.0,49.886700000000005
sequence_47780,23.0,sequence_47702,69.0,471.2306
sequence_47780,23.0,sequence_47672,76.0,153.10750000000002
sequence_47780,23.0,sequence_47705,71.0,290.1963
sequence_47780,23.0,sequence_47694,51.0,386.5976
sequence_47780,23.0,sequence_47691,40.0,141.92680000000001
sequence_47780,23.0,sequence_47701,63.0,583.2626
sequence_47780,23.0,sequence_47706,77.0,451.92319999999995
sequence_47780,23.0,sequence_47675,57.0,370.9635
sequence_47780,23.0,sequence_47698,56.0,153.8092
sequence_47780,23.0,sequence_47688,90.0,247.6981
sequence_47780,23.0,sequence_47704,98.0,560.6614
sequence_47780,23.0,sequence_47708,111.0,429.322
sequence_47780,23.0,sequence_47709,119.0,274.6014
sequence_47780,23.0,sequence_47677,103.0,274.6014
sequence_47780,23.0,sequence_47692,87.5,94.2688
sequence_47780,23.0,sequence_47703,95.0,423.5726
sequence_47780,23.0,sequence_47707,79.0,292.2332
sequence_47780,23.0,sequence_47762,127.0,364.5303
sequence_47780,23.0,sequence_47765,118.0,507.56030000000004
sequence_47780,23.0,sequence_47767,105.0,419.1283
sequence_47780,23.0,sequence_47812,121.0,352.83970000000005
sequence_47780,23.0,sequence_47761,120.0,358.58910000000003
sequence_47780,23.0,sequence_47764,118.0,374.184
sequence_47780,23.0,sequence_47763,122.0,391.3222
sequence_47780,23.0,sequence_47699,62.0,106.15120000000002
sequence_47780,23.0,sequence_47687,92.0,166.53730000000002
sequence_47780,23.0,sequence_47693,64.0,237.49060000000003
sequence_47780,23.0,sequence_47690,63.0,210.7589
sequence_47780,23.0,sequence_47712,49.0,111.9051
sequence_47780,23.0,sequence_47714,51.0,94.76689999999999
sequence_47780,23.0,sequence_47725,57.0,139.71120000000002
sequence_47780,23.0,sequence_47669,32.0,343.2029
sequence_47780,23.0,sequence_47668,48.0,380.3137
sequence_47780,23.0,sequence_47670,97.0,280.2391
sequence_47780,23.0,sequence_47665,50.0,278.20219999999995
sequence_47780,23.0,sequence_47661,52.0,268.5485
sequence_47780,23.0,sequence_47667,86.0,379.5154
sequence_47780,23.0,sequence_47726,120.0,341.8319
sequence_47780,23.0,sequence_47734,110.0,351.48560000000003
sequence_47780,23.0,sequence_47811,24.0,282.71630000000005
sequence_47780,23.0,sequence_47662,28.0,326.47
sequence_47780,23.0,sequence_47731,32.0,334.2901
sequence_47780,23.0,sequence_47733,25.0,234.21549999999996
sequence_47780,23.0,sequence_47732,30.0,350.7056
sequence_47780,23.0,sequence_47755,100.0,157.9996
sequence_47780,23.0,sequence_47746,94.0,299.1845
sequence_47780,23.0,sequence_47754,70.0,258.0742
sequence_47780,23.0,sequence_47753,74.0,167.8451
sequence_47780,23.0,sequence_47740,158.0,206.1807
sequence_47780,23.0,sequence_47742,108.0,92.9016
sequence_47780,23.0,sequence_47715,101.0,85.4293
sequence_47780,23.0,sequence_47718,81.0,91.17869999999999
sequence_47780,23.0,sequence_47717,66.0,234.40050000000002
sequence_47780,23.0,sequence_47720,80.0,350.6988
sequence_47780,23.0,sequence_47716,84.0,163.4472
sequence_47780,23.0,sequence_47719,66.0,334.2833
sequence_47780,23.0,sequence_47723,69.0,176.822
sequence_47780,23.0,sequence_47722,75.0,103.06110000000001
sequence_47780,23.0,sequence_47674,38.0,185.1706
sequence_47780,23.0,sequence_47676,56.0,137.51260000000002
sequence_47780,23.0,sequence_47711,57.0,143.2665
sequence_47780,23.0,sequence_47739,35.0,104.784
sequence_47780,23.0,sequence_47735,55.0,187.48810000000003
sequence_47780,23.0,sequence_47793,16.0,145.3031
sequence_47780,23.0,sequence_47801,4.0,128.08229999999998
sequence_47780,23.0,sequence_47805,22.0,146.1966
sequence_47780,23.0,sequence_47802,4.0,133.83169999999998
sequence_47780,23.0,sequence_47794,18.0,150.159
sequence_47780,23.0,sequence_47728,12.0,165.1931
sequence_47780,23.0,sequence_47808,4.0,226.7859
sequence_47780,23.0,sequence_47792,12.0,179.22320000000002
sequence_47780,23.0,sequence_47791,4.0,93.2687
sequence_47780,23.0,sequence_47788,5.0,132.9382
sequence_47780,23.0,sequence_47729,34.0,217.22750000000002
sequence_47780,23.0,sequence_47809,10.0,278.82030000000003
sequence_47780,23.0,sequence_47737,27.0,316.82460000000003
sequence_47780,23.0,sequence_47810,5.57,144.21589999999998
sequence_47780,23.0,sequence_47766,4.19,138.9999
sequence_47780,23.0,sequence_47736,19.0,264.7902
sequence_47785,25.0,sequence_47787,5.0,96.01919999999998
sequence_47785,25.0,sequence_47684,23.0,183.64509999999999
sequence_47785,25.0,sequence_47789,10.0,54.110600000000005
sequence_47785,25.0,sequence_47790,9.0,100.8751
sequence_47785,25.0,sequence_47781,12.0,79.01939999999999
sequence_47785,25.0,sequence_47777,11.0,84.9606
sequence_47785,25.0,sequence_47779,11.0,73.0782
sequence_47785,25.0,sequence_47784,21.0,132.9785
sequence_47785,25.0,sequence_47786,18.0,162.9785
sequence_47785,25.0,sequence_47782,17.0,88.75689999999999
sequence_47785,25.0,sequence_47772,12.0,134.02349999999998
sequence_47785,25.0,sequence_47795,7.0,186.19559999999998
sequence_47785,25.0,sequence_47776,9.0,277.0535
sequence_47785,25.0,sequence_47685,24.0,189.3945
sequence_47785,25.0,sequence_47679,44.0,172.5865
sequence_47785,25.0,sequence_47695,52.0,184.53859999999997
sequence_47785,25.0,sequence_47710,43.0,221.64939999999999
sequence_47785,25.0,sequence_47686,22.0,141.7365
sequence_47785,25.0,sequence_47778,26.0,43.052
sequence_47785,25.0,sequence_47780,23.0,31.1696
sequence_47785,25.0,sequence_47803,12.0,55.00410000000001
sequence_47785,25.0,sequence_47663,36.0,193.6252
sequence_47785,25.0,sequence_47757,36.0,187.8758
sequence_47785,25.0,sequence_47783,24.5,234.65370000000004
sequence_47785,25.0,sequence_47796,20.0,159.29219999999998
sequence_47785,25.0,sequence_47750,25.0,188.92079999999999
sequence_47785,25.0,sequence_47760,26.0,414.6549
sequence_47785,25.0,sequence_47773,19.0,92.1149
sequence_47785,25.0,sequence_47768,17.0,122.9649
sequence_47785,25.0,sequence_47771,18.0,117.9172
sequence_47785,25.0,sequence_47681,44.0,178.33589999999998
sequence_47785,25.0,sequence_47696,47.0,190.288
sequence_47785,25.0,sequence_47680,73.0,290.36789999999996
sequence_47785,25.0,sequence_47673,65.5,210.5908
sequence_47785,25.0,sequence_47700,65.0,496.6508
sequence_47785,25.0,sequence_47689,52.0,221.49790000000002
sequence_47785,25.0,sequence_47683,75.0,267.7667
sequence_47785,25.0,sequence_47697,55.5,142.63
sequence_47785,25.0,sequence_47678,37.0,179.7408
sequence_47785,25.0,sequence_47682,53.0,130.6779
sequence_47785,25.0,sequence_47724,48.0,164.2379
sequence_47785,25.0,sequence_47806,73.0,367.1163
sequence_47785,25.0,sequence_47807,42.0,212.3957
sequence_47785,25.0,sequence_47804,23.0,49.694900000000004
sequence_47785,25.0,sequence_47800,20.0,38.0043
sequence_47785,25.0,sequence_47799,24.0,32.0631
sequence_47785,25.0,sequence_47664,32.0,199.3746
sequence_47785,25.0,sequence_47666,69.0,374.6595
sequence_47785,25.0,sequence_47671,36.0,268.7403
sequence_47785,25.0,sequence_47727,45.0,272.658
sequence_47785,25.0,sequence_47756,37.0,289.55100000000004
sequence_47785,25.0,sequence_47775,23.0,415.68800000000005
sequence_47785,25.0,sequence_47730,35.0,197.29649999999998
sequence_47785,25.0,sequence_47758,22.0,214.1895
sequence_47785,25.0,sequence_47797,27.0,281.5317
sequence_47785,25.0,sequence_47798,23.0,132.9785
sequence_47785,25.0,sequence_47751,34.0,194.6702
sequence_47785,25.0,sequence_47741,102.0,165.9798
sequence_47785,25.0,sequence_47743,63.0,314.951
sequence_47785,25.0,sequence_47752,67.0,187.5952
sequence_47785,25.0,sequence_47745,83.0,324.6047
sequence_47785,25.0,sequence_47747,72.0,352.4946
sequence_47785,25.0,sequence_47748,79.0,368.91010000000006
sequence_47785,25.0,sequence_47749,81.0,277.8402
sequence_47785,25.0,sequence_47744,69.0,318.93460000000005
sequence_47785,25.0,sequence_47721,40.0,139.5399
sequence_47785,25.0,sequence_47759,36.0,138.6464
sequence_47785,25.0,sequence_47774,21.0,86.8057
sequence_47785,25.0,sequence_47770,25.0,222.1287
sequence_47785,25.0,sequence_47713,51.0,199.2065
sequence_47785,25.0,sequence_47738,55.0,177.8622
sequence_47785,25.0,sequence_47769,25.0,81.0563
sequence_47785,25.0,sequence_47702,69.0,502.4002
sequence_47785,25.0,sequence_47672,76.0,184.27710000000002
sequence_47785,25.0,sequence_47705,71.0,321.3659
sequence_47785,25.0,sequence_47694,51.0,355.428
sequence_47785,25.0,sequence_47691,40.0,161.5976
sequence_47785,25.0,sequence_47701,63.0,614.4322
sequence_47785,25.0,sequence_47706,77.0,483.0928
sequence_47785,25.0,sequence_47675,57.0,402.1331
sequence_47785,25.0,sequence_47698,56.0,184.97879999999998
sequence_47785,25.0,sequence_47688,90.0,216.5285
sequence_47785,25.0,sequence_47704,98.0,591.831
sequence_47785,25.0,sequence_47708,111.0,460.4916
sequence_47785,25.0,sequence_47709,119.0,305.771
sequence_47785,25.0,sequence_47677,103.0,305.771
sequence_47785,25.0,sequence_47692,87.5,113.93960000000001
sequence_47785,25.0,sequence_47703,95.0,454.7422
sequence_47785,25.0,sequence_47707,79.0,323.4028
sequence_47785,25.0,sequence_47762,127.0,395.6999
sequence_47785,25.0,sequence_47765,118.0,538.7299
sequence_47785,25.0,sequence_47767,105.0,450.2979
sequence_47785,25.0,sequence_47812,121.0,384.00930000000005
sequence_47785,25.0,sequence_47761,120.0,389.75870000000003
sequence_47785,25.0,sequence_47764,118.0,405.35360000000003
sequence_47785,25.0,sequence_47763,122.0,422.4918
sequence_47785,25.0,sequence_47699,62.0,137.32080000000002
sequence_47785,25.0,sequence_47687,92.0,135.3677
sequence_47785,25.0,sequence_47693,64.0,268.66020000000003
sequence_47785,25.0,sequence_47690,63.0,179.5893
sequence_47785,25.0,sequence_47712,49.0,143.0747
sequence_47785,25.0,sequence_47714,51.0,125.9365
sequence_47785,25.0,sequence_47725,57.0,170.88080000000002
sequence_47785,25.0,sequence_47669,32.0,312.03329999999994
sequence_47785,25.0,sequence_47668,48.0,349.1441
sequence_47785,25.0,sequence_47670,97.0,249.06949999999998
sequence_47785,25.0,sequence_47665,50.0,247.03259999999997
sequence_47785,25.0,sequence_47661,52.0,237.3789
sequence_47785,25.0,sequence_47667,86.0,348.3458
sequence_47785,25.0,sequence_47726,120.0,310.6623000000001
sequence_47785,25.0,sequence_47734,110.0,320.31600000000003
sequence_47785,25.0,sequence_47811,24.0,251.54670000000004
sequence_47785,25.0,sequence_47662,28.0,295.3004
sequence_47785,25.0,sequence_47731,32.0,303.1205
sequence_47785,25.0,sequence_47733,25.0,203.04589999999996
sequence_47785,25.0,sequence_47732,30.0,319.536
sequence_47785,25.0,sequence_47755,100.0,177.6704
sequence_47785,25.0,sequence_47746,94.0,330.3541
sequence_47785,25.0,sequence_47754,70.0,226.9046
sequence_47785,25.0,sequence_47753,74.0,199.0147
sequence_47785,25.0,sequence_47740,158.0,237.3503
sequence_47785,25.0,sequence_47742,108.0,124.0712
sequence_47785,25.0,sequence_47715,101.0,116.5989
sequence_47785,25.0,sequence_47718,81.0,110.8495
sequence_47785,25.0,sequence_47717,66.0,265.57009999999997
sequence_47785,25.0,sequence_47720,80.0,319.5292
sequence_47785,25.0,sequence_47716,84.0,132.2776
sequence_47785,25.0,sequence_47719,66.0,303.1137
sequence_47785,25.0,sequence_47723,69.0,207.9916
sequence_47785,25.0,sequence_47722,75.0,134.2307
sequence_47785,25.0,sequence_47674,38.0,216.34019999999998
sequence_47785,25.0,sequence_47676,56.0,168.6822
sequence_47785,25.0,sequence_47711,57.0,174.43609999999998
sequence_47785,25.0,sequence_47739,35.0,135.9536
sequence_47785,25.0,sequence_47735,55.0,218.6577
sequence_47785,25.0,sequence_47793,16.0,164.97390000000001
sequence_47785,25.0,sequence_47801,4.0,96.91269999999999
sequence_47785,25.0,sequence_47805,22.0,165.8674
sequence_47785,25.0,sequence_47802,4.0,102.6621
sequence_47785,25.0,sequence_47794,18.0,169.8298
sequence_47785,25.0,sequence_47728,12.0,134.02349999999998
sequence_47785,25.0,sequence_47808,4.0,195.6163
sequence_47785,25.0,sequence_47792,12.0,148.05360000000002
sequence_47785,25.0,sequence_47791,4.0,112.9395
sequence_47785,25.0,sequence_47788,5.0,101.76859999999999
sequence_47785,25.0,sequence_47729,34.0,186.05790000000002
sequence_47785,25.0,sequence_47809,10.0,247.65070000000003
sequence_47785,25.0,sequence_47737,27.0,285.65500000000003
sequence_47785,25.0,sequence_47810,5.57,113.04629999999999
sequence_47785,25.0,sequence_47766,4.19,107.83029999999998
sequence_47785,25.0,sequence_47736,19.0,233.6206
sequence_47803,12.0,sequence_47787,5.0,42.802099999999996
sequence_47803,12.0,sequence_47684,23.0,130.428
sequence_47803,12.0,sequence_47789,10.0,0.8934999999999995
sequence_47803,12.0,sequence_47790,9.0,47.658
sequence_47803,12.0,sequence_47781,12.0,134.02349999999998
sequence_47803,12.0,sequence_47777,11.0,128.0823
sequence_47803,12.0,sequence_47779,11.0,128.08229999999998
sequence_47803,12.0,sequence_47784,21.0,170.98279999999997
sequence_47803,12.0,sequence_47786,18.0,126.7612
sequence_47803,12.0,sequence_47782,17.0,126.76119999999999
sequence_47803,12.0,sequence_47772,12.0,79.01939999999999
sequence_47803,12.0,sequence_47795,7.0,132.9785
sequence_47803,12.0,sequence_47776,9.0,222.0494
sequence_47803,12.0,sequence_47685,24.0,136.1774
sequence_47803,12.0,sequence_47679,44.0,215.7082
sequence_47803,12.0,sequence_47695,52.0,129.53449999999998
sequence_47803,12.0,sequence_47710,43.0,166.6453
sequence_47803,12.0,sequence_47686,22.0,88.5194
sequence_47803,12.0,sequence_47778,26.0,86.17370000000001
sequence_47803,12.0,sequence_47780,23.0,86.17370000000001
sequence_47803,12.0,sequence_47785,25.0,55.00410000000001
sequence_47803,12.0,sequence_47663,36.0,231.62949999999998
sequence_47803,12.0,sequence_47757,36.0,225.88009999999997
sequence_47803,12.0,sequence_47783,24.5,272.658
sequence_47803,12.0,sequence_47796,20.0,195.50949999999997
sequence_47803,12.0,sequence_47750,25.0,133.9167
sequence_47803,12.0,sequence_47760,26.0,359.6508
sequence_47803,12.0,sequence_47773,19.0,37.1108
sequence_47803,12.0,sequence_47768,17.0,164.2996
sequence_47803,12.0,sequence_47771,18.0,95.1257
sequence_47803,12.0,sequence_47681,44.0,221.4576
sequence_47803,12.0,sequence_47696,47.0,135.2839
sequence_47803,12.0,sequence_47680,73.0,333.4896
sequence_47803,12.0,sequence_47673,65.5,251.9255
sequence_47803,12.0,sequence_47700,65.0,537.9855
sequence_47803,12.0,sequence_47689,52.0,257.7152
sequence_47803,12.0,sequence_47683,75.0,322.7708
sequence_47803,12.0,sequence_47697,55.5,87.6259
sequence_47803,12.0,sequence_47678,37.0,124.7367
sequence_47803,12.0,sequence_47682,53.0,173.7996
sequence_47803,12.0,sequence_47724,48.0,207.3596
sequence_47803,12.0,sequence_47806,73.0,408.451
sequence_47803,12.0,sequence_47807,42.0,253.7304
sequence_47803,12.0,sequence_47804,23.0,79.5308
sequence_47803,12.0,sequence_47800,20.0,91.2214
sequence_47803,12.0,sequence_47799,24.0,85.28020000000001
sequence_47803,12.0,sequence_47664,32.0,237.3789
sequence_47803,12.0,sequence_47666,69.0,410.8768
sequence_47803,12.0,sequence_47671,36.0,304.95759999999996
sequence_47803,12.0,sequence_47727,45.0,310.6623
sequence_47803,12.0,sequence_47756,37.0,327.5553
sequence_47803,12.0,sequence_47775,23.0,451.9053
sequence_47803,12.0,sequence_47730,35.0,233.51379999999997
sequence_47803,12.0,sequence_47758,22.0,250.40679999999998
sequence_47803,12.0,sequence_47797,27.0,317.749
sequence_47803,12.0,sequence_47798,23.0,169.1958
sequence_47803,12.0,sequence_47751,34.0,139.6661
sequence_47803,12.0,sequence_47741,102.0,219.19689999999997
sequence_47803,12.0,sequence_47743,63.0,368.1681
sequence_47803,12.0,sequence_47752,67.0,200.43130000000002
sequence_47803,12.0,sequence_47745,83.0,377.82179999999994
sequence_47803,12.0,sequence_47747,72.0,388.71189999999996
sequence_47803,12.0,sequence_47748,79.0,405.12739999999997
sequence_47803,12.0,sequence_47749,81.0,331.05729999999994
sequence_47803,12.0,sequence_47744,69.0,355.15189999999996
sequence_47803,12.0,sequence_47721,40.0,84.5358
sequence_47803,12.0,sequence_47759,36.0,83.6423
sequence_47803,12.0,sequence_47774,21.0,116.6416
sequence_47803,12.0,sequence_47770,25.0,258.346
sequence_47803,12.0,sequence_47713,51.0,240.5412
sequence_47803,12.0,sequence_47738,55.0,219.1969
sequence_47803,12.0,sequence_47769,25.0,122.391
sequence_47803,12.0,sequence_47702,69.0,543.7348999999999
sequence_47803,12.0,sequence_47672,76.0,227.3988
sequence_47803,12.0,sequence_47705,71.0,364.4876
sequence_47803,12.0,sequence_47694,51.0,300.4239
sequence_47803,12.0,sequence_47691,40.0,214.8147
sequence_47803,12.0,sequence_47701,63.0,655.7669
sequence_47803,12.0,sequence_47706,77.0,524.4275
sequence_47803,12.0,sequence_47675,57.0,443.46779999999995
sequence_47803,12.0,sequence_47698,56.0,214.8147
sequence_47803,12.0,sequence_47688,90.0,252.7458
sequence_47803,12.0,sequence_47704,98.0,645.0481
sequence_47803,12.0,sequence_47708,111.0,513.7086999999999
sequence_47803,12.0,sequence_47709,119.0,358.98810000000003
sequence_47803,12.0,sequence_47677,103.0,358.9881
sequence_47803,12.0,sequence_47692,87.5,167.1567
sequence_47803,12.0,sequence_47703,95.0,496.0769
sequence_47803,12.0,sequence_47707,79.0,364.73749999999995
sequence_47803,12.0,sequence_47762,127.0,437.03459999999995
sequence_47803,12.0,sequence_47765,118.0,580.0646
sequence_47803,12.0,sequence_47767,105.0,491.6326
sequence_47803,12.0,sequence_47812,121.0,425.34400000000005
sequence_47803,12.0,sequence_47761,120.0,431.0934
sequence_47803,12.0,sequence_47764,118.0,446.6883
sequence_47803,12.0,sequence_47763,122.0,463.8265
sequence_47803,12.0,sequence_47699,62.0,167.1567
sequence_47803,12.0,sequence_47687,92.0,171.585
sequence_47803,12.0,sequence_47693,64.0,321.8773
sequence_47803,12.0,sequence_47690,63.0,215.8066
sequence_47803,12.0,sequence_47712,49.0,172.9106
sequence_47803,12.0,sequence_47714,51.0,155.7724
sequence_47803,12.0,sequence_47725,57.0,200.7167
sequence_47803,12.0,sequence_47669,32.0,348.25059999999996
sequence_47803,12.0,sequence_47668,48.0,385.3614
sequence_47803,12.0,sequence_47670,97.0,285.28679999999997
sequence_47803,12.0,sequence_47665,50.0,283.24989999999997
sequence_47803,12.0,sequence_47661,52.0,273.59619999999995
sequence_47803,12.0,sequence_47667,86.0,384.5631
sequence_47803,12.0,sequence_47726,120.0,346.8796
sequence_47803,12.0,sequence_47734,110.0,356.5333
sequence_47803,12.0,sequence_47811,24.0,289.551
sequence_47803,12.0,sequence_47662,28.0,333.3047
sequence_47803,12.0,sequence_47731,32.0,339.3378
sequence_47803,12.0,sequence_47733,25.0,239.26319999999998
sequence_47803,12.0,sequence_47732,30.0,355.7533
sequence_47803,12.0,sequence_47755,100.0,207.5063
sequence_47803,12.0,sequence_47746,94.0,383.5712
sequence_47803,12.0,sequence_47754,70.0,239.7407
sequence_47803,12.0,sequence_47753,74.0,228.8506
sequence_47803,12.0,sequence_47740,158.0,290.5674
sequence_47803,12.0,sequence_47742,108.0,177.2883
sequence_47803,12.0,sequence_47715,101.0,169.816
sequence_47803,12.0,sequence_47718,81.0,164.0666
sequence_47803,12.0,sequence_47717,66.0,318.7872
sequence_47803,12.0,sequence_47720,80.0,355.74649999999997
sequence_47803,12.0,sequence_47716,84.0,168.4949
sequence_47803,12.0,sequence_47719,66.0,339.33099999999996
sequence_47803,12.0,sequence_47723,69.0,237.8275
sequence_47803,12.0,sequence_47722,75.0,164.0666
sequence_47803,12.0,sequence_47674,38.0,257.6749
sequence_47803,12.0,sequence_47676,56.0,210.01690000000002
sequence_47803,12.0,sequence_47711,57.0,215.7708
sequence_47803,12.0,sequence_47739,35.0,177.2883
sequence_47803,12.0,sequence_47735,55.0,259.9924
sequence_47803,12.0,sequence_47793,16.0,128.7566
sequence_47803,12.0,sequence_47801,4.0,41.90859999999999
sequence_47803,12.0,sequence_47805,22.0,127.8631
sequence_47803,12.0,sequence_47802,4.0,47.657999999999994
sequence_47803,12.0,sequence_47794,18.0,133.61249999999998
sequence_47803,12.0,sequence_47728,12.0,80.8064
sequence_47803,12.0,sequence_47808,4.0,142.3992
sequence_47803,12.0,sequence_47792,12.0,94.8365
sequence_47803,12.0,sequence_47791,4.0,76.7222
sequence_47803,12.0,sequence_47788,5.0,48.55149999999999
sequence_47803,12.0,sequence_47729,34.0,132.8408
sequence_47803,12.0,sequence_47809,10.0,194.4336
sequence_47803,12.0,sequence_47737,27.0,232.4379
sequence_47803,12.0,sequence_47810,5.57,59.82919999999999
sequence_47803,12.0,sequence_47766,4.19,54.61319999999999
sequence_47803,12.0,sequence_47736,19.0,180.4035
sequence_47663,36.0,sequence_47787,5.0,188.8274
sequence_47663,36.0,sequence_47684,23.0,200.4447
sequence_47663,36.0,sequence_47789,10.0,230.736
sequence_47663,36.0,sequence_47790,9.0,246.3107
sequence_47663,36.0,sequence_47781,12.0,188.8274
sequence_47663,36.0,sequence_47777,11.0,194.7686
sequence_47663,36.0,sequence_47779,11.0,182.8862
sequence_47663,36.0,sequence_47784,21.0,60.646699999999996
sequence_47663,36.0,sequence_47786,18.0,272.7865
sequence_47663,36.0,sequence_47782,17.0,104.8683
sequence_47663,36.0,sequence_47772,12.0,226.8317
sequence_47663,36.0,sequence_47795,7.0,279.0038
sequence_47663,36.0,sequence_47776,9.0,369.86170000000004
sequence_47663,36.0,sequence_47685,24.0,206.19410000000002
sequence_47663,36.0,sequence_47679,44.0,206.38590000000002
sequence_47663,36.0,sequence_47695,52.0,201.33820000000003
sequence_47663,36.0,sequence_47710,43.0,238.449
sequence_47663,36.0,sequence_47686,22.0,242.3533
sequence_47663,36.0,sequence_47778,26.0,236.67719999999997
sequence_47663,36.0,sequence_47780,23.0,224.7948
sequence_47663,36.0,sequence_47785,25.0,193.6252
sequence_47663,36.0,sequence_47803,12.0,231.62949999999998
sequence_47663,36.0,sequence_47757,36.0,5.7494
sequence_47663,36.0,sequence_47783,24.5,214.9493
sequence_47663,36.0,sequence_47796,20.0,86.96039999999999
sequence_47663,36.0,sequence_47750,25.0,171.9344
sequence_47663,36.0,sequence_47760,26.0,431.45450000000005
sequence_47663,36.0,sequence_47773,19.0,268.7403
sequence_47663,36.0,sequence_47768,17.0,232.7729
sequence_47663,36.0,sequence_47771,18.0,227.72520000000003
sequence_47663,36.0,sequence_47681,44.0,212.13530000000003
sequence_47663,36.0,sequence_47696,47.0,207.0876
sequence_47663,36.0,sequence_47680,73.0,355.3571
sequence_47663,36.0,sequence_47673,65.5,244.39020000000002
sequence_47663,36.0,sequence_47700,65.0,530.4502
sequence_47663,36.0,sequence_47689,52.0,73.15750000000001
sequence_47663,36.0,sequence_47683,75.0,385.3833
sequence_47663,36.0,sequence_47697,55.5,243.2468
sequence_47663,36.0,sequence_47678,37.0,280.3576
sequence_47663,36.0,sequence_47682,53.0,248.2945
sequence_47663,36.0,sequence_47724,48.0,281.8545
sequence_47663,36.0,sequence_47806,73.0,560.7415
sequence_47663,36.0,sequence_47807,42.0,406.0209
sequence_47663,36.0,sequence_47804,23.0,243.3201
sequence_47663,36.0,sequence_47800,20.0,231.62949999999998
sequence_47663,36.0,sequence_47799,24.0,225.6883
sequence_47663,36.0,sequence_47664,32.0,5.7494
sequence_47663,36.0,sequence_47666,69.0,181.0343
sequence_47663,36.0,sequence_47671,36.0,75.1151
sequence_47663,36.0,sequence_47727,45.0,176.94500000000002
sequence_47663,36.0,sequence_47756,37.0,160.05200000000002
sequence_47663,36.0,sequence_47775,23.0,395.9836
sequence_47663,36.0,sequence_47730,35.0,48.95609999999999
sequence_47663,36.0,sequence_47758,22.0,32.0631
sequence_47663,36.0,sequence_47797,27.0,209.1999
sequence_47663,36.0,sequence_47798,23.0,113.27409999999999
sequence_47663,36.0,sequence_47751,34.0,177.68380000000002
sequence_47663,36.0,sequence_47741,102.0,165.9932
sequence_47663,36.0,sequence_47743,63.0,314.96439999999996
sequence_47663,36.0,sequence_47752,67.0,105.41980000000001
sequence_47663,36.0,sequence_47745,83.0,324.6181
sequence_47663,36.0,sequence_47747,72.0,203.19920000000002
sequence_47663,36.0,sequence_47748,79.0,186.7837
sequence_47663,36.0,sequence_47749,81.0,277.8536
sequence_47663,36.0,sequence_47744,69.0,236.75920000000002
sequence_47663,36.0,sequence_47721,40.0,240.15669999999997
sequence_47663,36.0,sequence_47759,36.0,239.26319999999998
sequence_47663,36.0,sequence_47774,21.0,280.4309
sequence_47663,36.0,sequence_47770,25.0,333.56510000000003
sequence_47663,36.0,sequence_47713,51.0,187.7211
sequence_47663,36.0,sequence_47738,55.0,177.87560000000002
sequence_47663,36.0,sequence_47769,25.0,274.68149999999997
sequence_47663,36.0,sequence_47702,69.0,536.1996
sequence_47663,36.0,sequence_47672,76.0,218.07650000000004
sequence_47663,36.0,sequence_47705,71.0,355.1653
sequence_47663,36.0,sequence_47694,51.0,207.0876
sequence_47663,36.0,sequence_47691,40.0,195.39700000000002
sequence_47663,36.0,sequence_47701,63.0,679.4214
sequence_47663,36.0,sequence_47706,77.0,548.082
sequence_47663,36.0,sequence_47675,57.0,467.12230000000005
sequence_47663,36.0,sequence_47698,56.0,218.77820000000003
sequence_47663,36.0,sequence_47688,90.0,120.81550000000001
sequence_47663,36.0,sequence_47704,98.0,709.4476
sequence_47663,36.0,sequence_47708,111.0,578.1082
sequence_47663,36.0,sequence_47709,119.0,423.3876
sequence_47663,36.0,sequence_47677,103.0,423.3876
sequence_47663,36.0,sequence_47692,87.5,231.55620000000005
sequence_47663,36.0,sequence_47703,95.0,572.3588
sequence_47663,36.0,sequence_47707,79.0,441.0194
sequence_47663,36.0,sequence_47762,127.0,544.0403
sequence_47663,36.0,sequence_47765,118.0,687.0703000000001
sequence_47663,36.0,sequence_47767,105.0,643.9231
sequence_47663,36.0,sequence_47812,121.0,543.8485000000001
sequence_47663,36.0,sequence_47761,120.0,538.0991
sequence_47663,36.0,sequence_47764,118.0,553.694
sequence_47663,36.0,sequence_47763,122.0,616.117
sequence_47663,36.0,sequence_47699,62.0,254.93740000000003
sequence_47663,36.0,sequence_47687,92.0,159.28770000000003
sequence_47663,36.0,sequence_47693,64.0,386.27680000000004
sequence_47663,36.0,sequence_47690,63.0,115.0661
sequence_47663,36.0,sequence_47712,49.0,260.6913
sequence_47663,36.0,sequence_47714,51.0,198.2683
sequence_47663,36.0,sequence_47725,57.0,288.49739999999997
sequence_47663,36.0,sequence_47669,32.0,118.40809999999999
sequence_47663,36.0,sequence_47668,48.0,155.5189
sequence_47663,36.0,sequence_47670,97.0,55.444300000000005
sequence_47663,36.0,sequence_47665,50.0,53.4074
sequence_47663,36.0,sequence_47661,52.0,43.7537
sequence_47663,36.0,sequence_47667,86.0,207.348
sequence_47663,36.0,sequence_47726,120.0,214.9493
sequence_47663,36.0,sequence_47734,110.0,224.603
sequence_47663,36.0,sequence_47811,24.0,198.05630000000002
sequence_47663,36.0,sequence_47662,28.0,154.3026
sequence_47663,36.0,sequence_47731,32.0,154.7801
sequence_47663,36.0,sequence_47733,25.0,54.705499999999994
sequence_47663,36.0,sequence_47732,30.0,171.1956
sequence_47663,36.0,sequence_47755,100.0,177.68380000000002
sequence_47663,36.0,sequence_47746,94.0,330.3675
sequence_47663,36.0,sequence_47754,70.0,77.60920000000002
sequence_47663,36.0,sequence_47753,74.0,199.02810000000002
sequence_47663,36.0,sequence_47740,158.0,237.36370000000002
sequence_47663,36.0,sequence_47742,108.0,207.9018
sequence_47663,36.0,sequence_47715,101.0,234.2155
sequence_47663,36.0,sequence_47718,81.0,228.4661
sequence_47663,36.0,sequence_47717,66.0,383.1867
sequence_47663,36.0,sequence_47720,80.0,255.006
sequence_47663,36.0,sequence_47716,84.0,156.1976
sequence_47663,36.0,sequence_47719,66.0,271.42150000000004
sequence_47663,36.0,sequence_47723,69.0,325.6082
sequence_47663,36.0,sequence_47722,75.0,251.8473
sequence_47663,36.0,sequence_47674,38.0,250.13960000000003
sequence_47663,36.0,sequence_47676,56.0,286.2988
sequence_47663,36.0,sequence_47711,57.0,292.05269999999996
sequence_47663,36.0,sequence_47739,35.0,219.7842
sequence_47663,36.0,sequence_47735,55.0,336.27430000000004
sequence_47663,36.0,sequence_47793,16.0,274.7819
sequence_47663,36.0,sequence_47801,4.0,189.7209
sequence_47663,36.0,sequence_47805,22.0,275.6754
sequence_47663,36.0,sequence_47802,4.0,195.4703
sequence_47663,36.0,sequence_47794,18.0,281.4248
sequence_47663,36.0,sequence_47728,12.0,150.8231
sequence_47663,36.0,sequence_47808,4.0,288.4245
sequence_47663,36.0,sequence_47792,12.0,240.86180000000002
sequence_47663,36.0,sequence_47791,4.0,222.7475
sequence_47663,36.0,sequence_47788,5.0,194.5768
sequence_47663,36.0,sequence_47729,34.0,202.85750000000002
sequence_47663,36.0,sequence_47809,10.0,340.4589
sequence_47663,36.0,sequence_47737,27.0,302.4546
sequence_47663,36.0,sequence_47810,5.57,205.8545
sequence_47663,36.0,sequence_47766,4.19,200.6385
sequence_47663,36.0,sequence_47736,19.0,250.42020000000002
sequence_47757,36.0,sequence_47787,5.0,183.078
sequence_47757,36.0,sequence_47684,23.0,194.6953
sequence_47757,36.0,sequence_47789,10.0,224.98659999999998
sequence_47757,36.0,sequence_47790,9.0,240.5613
sequence_47757,36.0,sequence_47781,12.0,183.078
sequence_47757,36.0,sequence_47777,11.0,189.0192
sequence_47757,36.0,sequence_47779,11.0,177.1368
sequence_47757,36.0,sequence_47784,21.0,54.8973
sequence_47757,36.0,sequence_47786,18.0,267.0371
sequence_47757,36.0,sequence_47782,17.0,99.11890000000001
sequence_47757,36.0,sequence_47772,12.0,221.0823
sequence_47757,36.0,sequence_47795,7.0,273.25440000000003
sequence_47757,36.0,sequence_47776,9.0,364.1123
sequence_47757,36.0,sequence_47685,24.0,200.4447
sequence_47757,36.0,sequence_47679,44.0,200.6365
sequence_47757,36.0,sequence_47695,52.0,195.5888
sequence_47757,36.0,sequence_47710,43.0,232.6996
sequence_47757,36.0,sequence_47686,22.0,236.60389999999998
sequence_47757,36.0,sequence_47778,26.0,230.9278
sequence_47757,36.0,sequence_47780,23.0,219.0454
sequence_47757,36.0,sequence_47785,25.0,187.8758
sequence_47757,36.0,sequence_47803,12.0,225.88009999999997
sequence_47757,36.0,sequence_47663,36.0,5.7494
sequence_47757,36.0,sequence_47783,24.5,209.1999
sequence_47757,36.0,sequence_47796,20.0,81.211
sequence_47757,36.0,sequence_47750,25.0,166.185
sequence_47757,36.0,sequence_47760,26.0,425.7051
sequence_47757,36.0,sequence_47773,19.0,262.9909
sequence_47757,36.0,sequence_47768,17.0,227.0235
sequence_47757,36.0,sequence_47771,18.0,221.97580000000002
sequence_47757,36.0,sequence_47681,44.0,206.38590000000002
sequence_47757,36.0,sequence_47696,47.0,201.33820000000003
sequence_47757,36.0,sequence_47680,73.0,349.6077
sequence_47757,36.0,sequence_47673,65.5,238.6408
sequence_47757,36.0,sequence_47700,65.0,524.7008
sequence_47757,36.0,sequence_47689,52.0,67.4081
sequence_47757,36.0,sequence_47683,75.0,379.63390000000004
sequence_47757,36.0,sequence_47697,55.5,237.49739999999997
sequence_47757,36.0,sequence_47678,37.0,274.6082
sequence_47757,36.0,sequence_47682,53.0,242.5451
sequence_47757,36.0,sequence_47724,48.0,276.1051
sequence_47757,36.0,sequence_47806,73.0,554.9921
sequence_47757,36.0,sequence_47807,42.0,400.27149999999995
sequence_47757,36.0,sequence_47804,23.0,237.5707
sequence_47757,36.0,sequence_47800,20.0,225.88009999999997
sequence_47757,36.0,sequence_47799,24.0,219.9389
sequence_47757,36.0,sequence_47664,32.0,11.4988
sequence_47757,36.0,sequence_47666,69.0,186.7837
sequence_47757,36.0,sequence_47671,36.0,80.86449999999999
sequence_47757,36.0,sequence_47727,45.0,171.1956
sequence_47757,36.0,sequence_47756,37.0,154.3026
sequence_47757,36.0,sequence_47775,23.0,390.2342
sequence_47757,36.0,sequence_47730,35.0,43.2067
sequence_47757,36.0,sequence_47758,22.0,26.313699999999997
sequence_47757,36.0,sequence_47797,27.0,203.4505
sequence_47757,36.0,sequence_47798,23.0,107.5247
sequence_47757,36.0,sequence_47751,34.0,171.9344
sequence_47757,36.0,sequence_47741,102.0,160.24380000000002
sequence_47757,36.0,sequence_47743,63.0,309.215
sequence_47757,36.0,sequence_47752,67.0,99.6704
sequence_47757,36.0,sequence_47745,83.0,318.86870000000005
sequence_47757,36.0,sequence_47747,72.0,197.4498
sequence_47757,36.0,sequence_47748,79.0,181.0343
sequence_47757,36.0,sequence_47749,81.0,272.1042
sequence_47757,36.0,sequence_47744,69.0,231.0098
sequence_47757,36.0,sequence_47721,40.0,234.40729999999996
sequence_47757,36.0,sequence_47759,36.0,233.51379999999997
sequence_47757,36.0,sequence_47774,21.0,274.6815
sequence_47757,36.0,sequence_47770,25.0,327.8157
sequence_47757,36.0,sequence_47713,51.0,193.47050000000002
sequence_47757,36.0,sequence_47738,55.0,172.1262
sequence_47757,36.0,sequence_47769,25.0,268.9321
sequence_47757,36.0,sequence_47702,69.0,530.4502
sequence_47757,36.0,sequence_47672,76.0,212.32710000000003
sequence_47757,36.0,sequence_47705,71.0,349.4159
sequence_47757,36.0,sequence_47694,51.0,201.33820000000003
sequence_47757,36.0,sequence_47691,40.0,189.6476
sequence_47757,36.0,sequence_47701,63.0,673.672
sequence_47757,36.0,sequence_47706,77.0,542.3326
sequence_47757,36.0,sequence_47675,57.0,461.3729000000001
sequence_47757,36.0,sequence_47698,56.0,213.0288
sequence_47757,36.0,sequence_47688,90.0,115.0661
sequence_47757,36.0,sequence_47704,98.0,703.6982
sequence_47757,36.0,sequence_47708,111.0,572.3588
sequence_47757,36.0,sequence_47709,119.0,417.6382
sequence_47757,36.0,sequence_47677,103.0,417.6382
sequence_47757,36.0,sequence_47692,87.5,225.8068
sequence_47757,36.0,sequence_47703,95.0,566.6093999999999
sequence_47757,36.0,sequence_47707,79.0,435.27
sequence_47757,36.0,sequence_47762,127.0,549.7897
sequence_47757,36.0,sequence_47765,118.0,692.8196999999999
sequence_47757,36.0,sequence_47767,105.0,638.1737
sequence_47757,36.0,sequence_47812,121.0,538.0991
sequence_47757,36.0,sequence_47761,120.0,543.8485000000001
sequence_47757,36.0,sequence_47764,118.0,559.4434
sequence_47757,36.0,sequence_47763,122.0,610.3676
sequence_47757,36.0,sequence_47699,62.0,249.188
sequence_47757,36.0,sequence_47687,92.0,153.5383
sequence_47757,36.0,sequence_47693,64.0,380.5274
sequence_47757,36.0,sequence_47690,63.0,109.3167
sequence_47757,36.0,sequence_47712,49.0,254.9419
sequence_47757,36.0,sequence_47714,51.0,204.0177
sequence_47757,36.0,sequence_47725,57.0,282.748
sequence_47757,36.0,sequence_47669,32.0,124.15749999999998
sequence_47757,36.0,sequence_47668,48.0,161.26829999999998
sequence_47757,36.0,sequence_47670,97.0,61.1937
sequence_47757,36.0,sequence_47665,50.0,59.1568
sequence_47757,36.0,sequence_47661,52.0,49.5031
sequence_47757,36.0,sequence_47667,86.0,213.0974
sequence_47757,36.0,sequence_47726,120.0,209.1999
sequence_47757,36.0,sequence_47734,110.0,218.85360000000003
sequence_47757,36.0,sequence_47811,24.0,192.3069
sequence_47757,36.0,sequence_47662,28.0,160.05200000000002
sequence_47757,36.0,sequence_47731,32.0,149.0307
sequence_47757,36.0,sequence_47733,25.0,48.9561
sequence_47757,36.0,sequence_47732,30.0,165.4462
sequence_47757,36.0,sequence_47755,100.0,171.9344
sequence_47757,36.0,sequence_47746,94.0,324.6181
sequence_47757,36.0,sequence_47754,70.0,71.8598
sequence_47757,36.0,sequence_47753,74.0,193.27870000000001
sequence_47757,36.0,sequence_47740,158.0,231.61430000000001
sequence_47757,36.0,sequence_47742,108.0,202.1524
sequence_47757,36.0,sequence_47715,101.0,228.46609999999998
sequence_47757,36.0,sequence_47718,81.0,222.7167
sequence_47757,36.0,sequence_47717,66.0,377.43729999999994
sequence_47757,36.0,sequence_47720,80.0,249.2566
sequence_47757,36.0,sequence_47716,84.0,150.44819999999999
sequence_47757,36.0,sequence_47719,66.0,265.6721
sequence_47757,36.0,sequence_47723,69.0,319.8588
sequence_47757,36.0,sequence_47722,75.0,246.09789999999998
sequence_47757,36.0,sequence_47674,38.0,244.39020000000002
sequence_47757,36.0,sequence_47676,56.0,280.5494
sequence_47757,36.0,sequence_47711,57.0,286.3033
sequence_47757,36.0,sequence_47739,35.0,214.0348
sequence_47757,36.0,sequence_47735,55.0,330.5249
sequence_47757,36.0,sequence_47793,16.0,269.0325
sequence_47757,36.0,sequence_47801,4.0,183.9715
sequence_47757,36.0,sequence_47805,22.0,269.92600000000004
sequence_47757,36.0,sequence_47802,4.0,189.72090000000003
sequence_47757,36.0,sequence_47794,18.0,275.6754
sequence_47757,36.0,sequence_47728,12.0,145.0737
sequence_47757,36.0,sequence_47808,4.0,282.67510000000004
sequence_47757,36.0,sequence_47792,12.0,235.1124
sequence_47757,36.0,sequence_47791,4.0,216.99810000000002
sequence_47757,36.0,sequence_47788,5.0,188.8274
sequence_47757,36.0,sequence_47729,34.0,197.1081
sequence_47757,36.0,sequence_47809,10.0,334.70950000000005
sequence_47757,36.0,sequence_47737,27.0,296.7052
sequence_47757,36.0,sequence_47810,5.57,200.1051
sequence_47757,36.0,sequence_47766,4.19,194.88909999999998
sequence_47757,36.0,sequence_47736,19.0,244.6708
sequence_47783,24.5,sequence_47787,5.0,282.4833
sequence_47783,24.5,sequence_47684,23.0,370.1092
sequence_47783,24.5,sequence_47789,10.0,271.7645
sequence_47783,24.5,sequence_47790,9.0,225.0
sequence_47783,24.5,sequence_47781,12.0,282.48330000000004
sequence_47783,24.5,sequence_47777,11.0,288.4245
sequence_47783,24.5,sequence_47779,11.0,276.5421
sequence_47783,24.5,sequence_47784,21.0,154.3026
sequence_47783,24.5,sequence_47786,18.0,366.4424
sequence_47783,24.5,sequence_47782,17.0,198.5242
sequence_47783,24.5,sequence_47772,12.0,320.4876
sequence_47783,24.5,sequence_47795,7.0,372.6597
sequence_47783,24.5,sequence_47776,9.0,463.5176
sequence_47783,24.5,sequence_47685,24.0,364.35980000000006
sequence_47783,24.5,sequence_47679,44.0,376.0504
sequence_47783,24.5,sequence_47695,52.0,371.0027
sequence_47783,24.5,sequence_47710,43.0,408.1135
sequence_47783,24.5,sequence_47686,22.0,359.3904
sequence_47783,24.5,sequence_47778,26.0,277.70570000000004
sequence_47783,24.5,sequence_47780,23.0,265.8233
sequence_47783,24.5,sequence_47785,25.0,234.65370000000004
sequence_47783,24.5,sequence_47803,12.0,272.658
sequence_47783,24.5,sequence_47663,36.0,214.9493
sequence_47783,24.5,sequence_47757,36.0,209.1999
sequence_47783,24.5,sequence_47796,20.0,180.61630000000002
sequence_47783,24.5,sequence_47750,25.0,375.3849
sequence_47783,24.5,sequence_47760,26.0,601.119
sequence_47783,24.5,sequence_47773,19.0,309.7688
sequence_47783,24.5,sequence_47768,17.0,326.4288
sequence_47783,24.5,sequence_47771,18.0,321.3811
sequence_47783,24.5,sequence_47681,44.0,370.30100000000004
sequence_47783,24.5,sequence_47696,47.0,365.2533000000001
sequence_47783,24.5,sequence_47680,73.0,525.0216
sequence_47783,24.5,sequence_47673,65.5,414.0547
sequence_47783,24.5,sequence_47700,65.0,700.1147000000001
sequence_47783,24.5,sequence_47689,52.0,242.822
sequence_47783,24.5,sequence_47683,75.0,502.42040000000003
sequence_47783,24.5,sequence_47697,55.5,360.2839
sequence_47783,24.5,sequence_47678,37.0,397.3947
sequence_47783,24.5,sequence_47682,53.0,365.33160000000004
sequence_47783,24.5,sequence_47724,48.0,398.89160000000004
sequence_47783,24.5,sequence_47806,73.0,601.77
sequence_47783,24.5,sequence_47807,42.0,447.04940000000005
sequence_47783,24.5,sequence_47804,23.0,284.34860000000003
sequence_47783,24.5,sequence_47800,20.0,272.658
sequence_47783,24.5,sequence_47799,24.0,266.71680000000003
sequence_47783,24.5,sequence_47664,32.0,209.1999
sequence_47783,24.5,sequence_47666,69.0,395.9836
sequence_47783,24.5,sequence_47671,36.0,290.0644
sequence_47783,24.5,sequence_47727,45.0,38.0043
sequence_47783,24.5,sequence_47756,37.0,54.8973
sequence_47783,24.5,sequence_47775,23.0,181.0343
sequence_47783,24.5,sequence_47730,35.0,218.62060000000002
sequence_47783,24.5,sequence_47758,22.0,235.5136
sequence_47783,24.5,sequence_47797,27.0,58.376799999999996
sequence_47783,24.5,sequence_47798,23.0,154.30259999999998
sequence_47783,24.5,sequence_47751,34.0,369.6355000000001
sequence_47783,24.5,sequence_47741,102.0,369.44370000000004
sequence_47783,24.5,sequence_47743,63.0,518.4149
sequence_47783,24.5,sequence_47752,67.0,308.87030000000004
sequence_47783,24.5,sequence_47745,83.0,528.0686000000001
sequence_47783,24.5,sequence_47747,72.0,406.64970000000005
sequence_47783,24.5,sequence_47748,79.0,390.2342
sequence_47783,24.5,sequence_47749,81.0,481.30410000000006
sequence_47783,24.5,sequence_47744,69.0,440.2097
sequence_47783,24.5,sequence_47721,40.0,357.1938
sequence_47783,24.5,sequence_47759,36.0,356.3003
sequence_47783,24.5,sequence_47774,21.0,321.4594
sequence_47783,24.5,sequence_47770,25.0,374.59360000000004
sequence_47783,24.5,sequence_47713,51.0,402.67040000000003
sequence_47783,24.5,sequence_47738,55.0,381.3261
sequence_47783,24.5,sequence_47769,25.0,315.71000000000004
sequence_47783,24.5,sequence_47702,69.0,694.3653
sequence_47783,24.5,sequence_47672,76.0,376.2422
sequence_47783,24.5,sequence_47705,71.0,513.331
sequence_47783,24.5,sequence_47694,51.0,365.2533
sequence_47783,24.5,sequence_47691,40.0,353.56270000000006
sequence_47783,24.5,sequence_47701,63.0,849.0859
sequence_47783,24.5,sequence_47706,77.0,717.7465
sequence_47783,24.5,sequence_47675,57.0,636.7868
sequence_47783,24.5,sequence_47698,56.0,376.94390000000004
sequence_47783,24.5,sequence_47688,90.0,226.35380000000004
sequence_47783,24.5,sequence_47704,98.0,826.4847
sequence_47783,24.5,sequence_47708,111.0,695.1453
sequence_47783,24.5,sequence_47709,119.0,540.4247
sequence_47783,24.5,sequence_47677,103.0,540.4247
sequence_47783,24.5,sequence_47692,87.5,348.59330000000006
sequence_47783,24.5,sequence_47703,95.0,689.3959
sequence_47783,24.5,sequence_47707,79.0,558.0565
sequence_47783,24.5,sequence_47762,127.0,630.3536
sequence_47783,24.5,sequence_47765,118.0,773.3836000000001
sequence_47783,24.5,sequence_47767,105.0,684.9516000000001
sequence_47783,24.5,sequence_47812,121.0,618.663
sequence_47783,24.5,sequence_47761,120.0,624.4124
sequence_47783,24.5,sequence_47764,118.0,640.0073
sequence_47783,24.5,sequence_47763,122.0,657.1455000000001
sequence_47783,24.5,sequence_47699,62.0,371.97450000000003
sequence_47783,24.5,sequence_47687,92.0,276.32480000000004
sequence_47783,24.5,sequence_47693,64.0,503.31390000000005
sequence_47783,24.5,sequence_47690,63.0,232.10320000000002
sequence_47783,24.5,sequence_47712,49.0,377.7284
sequence_47783,24.5,sequence_47714,51.0,360.5902
sequence_47783,24.5,sequence_47725,57.0,405.53450000000004
sequence_47783,24.5,sequence_47669,32.0,321.8586
sequence_47783,24.5,sequence_47668,48.0,358.9694
sequence_47783,24.5,sequence_47670,97.0,258.89480000000003
sequence_47783,24.5,sequence_47665,50.0,256.8579
sequence_47783,24.5,sequence_47661,52.0,247.20420000000001
sequence_47783,24.5,sequence_47667,86.0,369.6699
sequence_47783,24.5,sequence_47726,120.0,76.0086
sequence_47783,24.5,sequence_47734,110.0,85.6623
sequence_47783,24.5,sequence_47811,24.0,16.893
sequence_47783,24.5,sequence_47662,28.0,60.646699999999996
sequence_47783,24.5,sequence_47731,32.0,112.79660000000001
sequence_47783,24.5,sequence_47733,25.0,212.8712
sequence_47783,24.5,sequence_47732,30.0,96.3811
sequence_47783,24.5,sequence_47755,100.0,369.6355
sequence_47783,24.5,sequence_47746,94.0,522.3192
sequence_47783,24.5,sequence_47754,70.0,269.56090000000006
sequence_47783,24.5,sequence_47753,74.0,390.97980000000007
sequence_47783,24.5,sequence_47740,158.0,378.475
sequence_47783,24.5,sequence_47742,108.0,358.72490000000005
sequence_47783,24.5,sequence_47715,101.0,351.25260000000003
sequence_47783,24.5,sequence_47718,81.0,345.50320000000005
sequence_47783,24.5,sequence_47717,66.0,500.2238
sequence_47783,24.5,sequence_47720,80.0,372.04310000000004
sequence_47783,24.5,sequence_47716,84.0,273.23470000000003
sequence_47783,24.5,sequence_47719,66.0,388.45860000000005
sequence_47783,24.5,sequence_47723,69.0,442.6453
sequence_47783,24.5,sequence_47722,75.0,368.8844
sequence_47783,24.5,sequence_47674,38.0,408.30530000000005
sequence_47783,24.5,sequence_47676,56.0,403.33590000000004
sequence_47783,24.5,sequence_47711,57.0,409.0898
sequence_47783,24.5,sequence_47739,35.0,370.6073
sequence_47783,24.5,sequence_47735,55.0,453.31140000000005
sequence_47783,24.5,sequence_47793,16.0,368.43780000000004
sequence_47783,24.5,sequence_47801,4.0,283.3768
sequence_47783,24.5,sequence_47805,22.0,369.33130000000006
sequence_47783,24.5,sequence_47802,4.0,277.6274000000001
sequence_47783,24.5,sequence_47794,18.0,361.79490000000004
sequence_47783,24.5,sequence_47728,12.0,320.4876
sequence_47783,24.5,sequence_47808,4.0,382.0804
sequence_47783,24.5,sequence_47792,12.0,334.5177
sequence_47783,24.5,sequence_47791,4.0,316.40340000000003
sequence_47783,24.5,sequence_47788,5.0,276.73390000000006
sequence_47783,24.5,sequence_47729,34.0,372.522
sequence_47783,24.5,sequence_47809,10.0,434.1148
sequence_47783,24.5,sequence_47737,27.0,472.1191
sequence_47783,24.5,sequence_47810,5.57,299.5104
sequence_47783,24.5,sequence_47766,4.19,294.2944
sequence_47783,24.5,sequence_47736,19.0,420.0847
sequence_47796,20.0,sequence_47787,5.0,154.49439999999998
sequence_47796,20.0,sequence_47684,23.0,242.1203
sequence_47796,20.0,sequence_47789,10.0,196.40299999999996
sequence_47796,20.0,sequence_47790,9.0,211.97769999999997
sequence_47796,20.0,sequence_47781,12.0,154.49439999999998
sequence_47796,20.0,sequence_47777,11.0,160.43560000000002
sequence_47796,20.0,sequence_47779,11.0,148.5532
sequence_47796,20.0,sequence_47784,21.0,26.313699999999997
sequence_47796,20.0,sequence_47786,18.0,238.45350000000002
sequence_47796,20.0,sequence_47782,17.0,70.5353
sequence_47796,20.0,sequence_47772,12.0,139.8713
sequence_47796,20.0,sequence_47795,7.0,244.6708
sequence_47796,20.0,sequence_47776,9.0,282.9013
sequence_47796,20.0,sequence_47685,24.0,247.86970000000002
sequence_47796,20.0,sequence_47679,44.0,248.06150000000002
sequence_47796,20.0,sequence_47695,52.0,241.2268
sequence_47796,20.0,sequence_47710,43.0,278.3376
sequence_47796,20.0,sequence_47686,22.0,284.02889999999996
sequence_47796,20.0,sequence_47778,26.0,202.3442
sequence_47796,20.0,sequence_47780,23.0,190.46179999999998
sequence_47796,20.0,sequence_47785,25.0,159.29219999999998
sequence_47796,20.0,sequence_47803,12.0,195.50949999999997
sequence_47796,20.0,sequence_47663,36.0,86.96039999999999
sequence_47796,20.0,sequence_47757,36.0,81.211
sequence_47796,20.0,sequence_47783,24.5,180.61630000000002
sequence_47796,20.0,sequence_47750,25.0,194.7686
sequence_47796,20.0,sequence_47760,26.0,420.5027
sequence_47796,20.0,sequence_47773,19.0,181.77989999999997
sequence_47796,20.0,sequence_47768,17.0,145.8125
sequence_47796,20.0,sequence_47771,18.0,140.7648
sequence_47796,20.0,sequence_47681,44.0,253.8109
sequence_47796,20.0,sequence_47696,47.0,246.9762
sequence_47796,20.0,sequence_47680,73.0,397.0327
sequence_47796,20.0,sequence_47673,65.5,233.4384
sequence_47796,20.0,sequence_47700,65.0,519.4984000000001
sequence_47796,20.0,sequence_47689,52.0,113.0461
sequence_47796,20.0,sequence_47683,75.0,427.0589
sequence_47796,20.0,sequence_47697,55.5,283.1354
sequence_47796,20.0,sequence_47678,37.0,269.4058
sequence_47796,20.0,sequence_47682,53.0,289.9701
sequence_47796,20.0,sequence_47724,48.0,323.53009999999995
sequence_47796,20.0,sequence_47806,73.0,473.7810999999999
sequence_47796,20.0,sequence_47807,42.0,319.0605
sequence_47796,20.0,sequence_47804,23.0,207.2001
sequence_47796,20.0,sequence_47800,20.0,195.50949999999997
sequence_47796,20.0,sequence_47799,24.0,189.5683
sequence_47796,20.0,sequence_47664,32.0,92.70979999999999
sequence_47796,20.0,sequence_47666,69.0,215.3673
sequence_47796,20.0,sequence_47671,36.0,109.4481
sequence_47796,20.0,sequence_47727,45.0,218.62060000000002
sequence_47796,20.0,sequence_47756,37.0,235.5136
sequence_47796,20.0,sequence_47775,23.0,309.0232
sequence_47796,20.0,sequence_47730,35.0,38.0043
sequence_47796,20.0,sequence_47758,22.0,54.8973
sequence_47796,20.0,sequence_47797,27.0,122.2395
sequence_47796,20.0,sequence_47798,23.0,26.313699999999997
sequence_47796,20.0,sequence_47751,34.0,200.51800000000003
sequence_47796,20.0,sequence_47741,102.0,188.8274
sequence_47796,20.0,sequence_47743,63.0,337.79859999999996
sequence_47796,20.0,sequence_47752,67.0,128.25400000000002
sequence_47796,20.0,sequence_47745,83.0,347.45230000000004
sequence_47796,20.0,sequence_47747,72.0,226.03340000000003
sequence_47796,20.0,sequence_47748,79.0,209.61790000000002
sequence_47796,20.0,sequence_47749,81.0,300.6878
sequence_47796,20.0,sequence_47744,69.0,259.59340000000003
sequence_47796,20.0,sequence_47721,40.0,229.20489999999998
sequence_47796,20.0,sequence_47759,36.0,228.3114
sequence_47796,20.0,sequence_47774,21.0,193.4705
sequence_47796,20.0,sequence_47770,25.0,246.6047
sequence_47796,20.0,sequence_47713,51.0,222.0541
sequence_47796,20.0,sequence_47738,55.0,200.70980000000003
sequence_47796,20.0,sequence_47769,25.0,187.72109999999998
sequence_47796,20.0,sequence_47702,69.0,525.2478000000001
sequence_47796,20.0,sequence_47672,76.0,259.75210000000004
sequence_47796,20.0,sequence_47705,71.0,396.84090000000003
sequence_47796,20.0,sequence_47694,51.0,246.9762
sequence_47796,20.0,sequence_47691,40.0,235.2856
sequence_47796,20.0,sequence_47701,63.0,668.4696
sequence_47796,20.0,sequence_47706,77.0,537.1302000000001
sequence_47796,20.0,sequence_47675,57.0,456.17050000000006
sequence_47796,20.0,sequence_47698,56.0,258.66679999999997
sequence_47796,20.0,sequence_47688,90.0,160.70409999999998
sequence_47796,20.0,sequence_47704,98.0,698.4958
sequence_47796,20.0,sequence_47708,111.0,567.1564000000001
sequence_47796,20.0,sequence_47709,119.0,412.43580000000003
sequence_47796,20.0,sequence_47677,103.0,412.43580000000003
sequence_47796,20.0,sequence_47692,87.5,271.4448
sequence_47796,20.0,sequence_47703,95.0,561.407
sequence_47796,20.0,sequence_47707,79.0,430.06759999999997
sequence_47796,20.0,sequence_47762,127.0,502.36469999999997
sequence_47796,20.0,sequence_47765,118.0,645.3947
sequence_47796,20.0,sequence_47767,105.0,556.9626999999999
sequence_47796,20.0,sequence_47812,121.0,490.67409999999995
sequence_47796,20.0,sequence_47761,120.0,496.4235
sequence_47796,20.0,sequence_47764,118.0,512.0183999999999
sequence_47796,20.0,sequence_47763,122.0,529.1565999999999
sequence_47796,20.0,sequence_47699,62.0,294.826
sequence_47796,20.0,sequence_47687,92.0,199.1763
sequence_47796,20.0,sequence_47693,64.0,426.1654
sequence_47796,20.0,sequence_47690,63.0,154.9547
sequence_47796,20.0,sequence_47712,49.0,300.5799
sequence_47796,20.0,sequence_47714,51.0,283.44169999999997
sequence_47796,20.0,sequence_47725,57.0,328.38599999999997
sequence_47796,20.0,sequence_47669,32.0,203.5815
sequence_47796,20.0,sequence_47668,48.0,189.8519
sequence_47796,20.0,sequence_47670,97.0,89.7773
sequence_47796,20.0,sequence_47665,50.0,87.7404
sequence_47796,20.0,sequence_47661,52.0,78.0867
sequence_47796,20.0,sequence_47667,86.0,241.68099999999998
sequence_47796,20.0,sequence_47726,120.0,203.9975
sequence_47796,20.0,sequence_47734,110.0,213.65120000000002
sequence_47796,20.0,sequence_47811,24.0,197.5093
sequence_47796,20.0,sequence_47662,28.0,241.263
sequence_47796,20.0,sequence_47731,32.0,143.8283
sequence_47796,20.0,sequence_47733,25.0,43.7537
sequence_47796,20.0,sequence_47732,30.0,160.24380000000002
sequence_47796,20.0,sequence_47755,100.0,200.51800000000003
sequence_47796,20.0,sequence_47746,94.0,353.2017
sequence_47796,20.0,sequence_47754,70.0,100.44340000000003
sequence_47796,20.0,sequence_47753,74.0,221.8623
sequence_47796,20.0,sequence_47740,158.0,260.1979
sequence_47796,20.0,sequence_47742,108.0,230.736
sequence_47796,20.0,sequence_47715,101.0,223.2637
sequence_47796,20.0,sequence_47718,81.0,217.51430000000002
sequence_47796,20.0,sequence_47717,66.0,372.2348999999999
sequence_47796,20.0,sequence_47720,80.0,244.0542
sequence_47796,20.0,sequence_47716,84.0,145.2458
sequence_47796,20.0,sequence_47719,66.0,260.4697
sequence_47796,20.0,sequence_47723,69.0,314.6564
sequence_47796,20.0,sequence_47722,75.0,240.8955
sequence_47796,20.0,sequence_47674,38.0,239.18780000000004
sequence_47796,20.0,sequence_47676,56.0,275.347
sequence_47796,20.0,sequence_47711,57.0,281.10089999999997
sequence_47796,20.0,sequence_47739,35.0,242.6184
sequence_47796,20.0,sequence_47735,55.0,325.3225
sequence_47796,20.0,sequence_47793,16.0,240.44890000000004
sequence_47796,20.0,sequence_47801,4.0,153.6009
sequence_47796,20.0,sequence_47805,22.0,239.55540000000002
sequence_47796,20.0,sequence_47802,4.0,159.3503
sequence_47796,20.0,sequence_47794,18.0,247.09180000000003
sequence_47796,20.0,sequence_47728,12.0,192.49869999999999
sequence_47796,20.0,sequence_47808,4.0,254.0915
sequence_47796,20.0,sequence_47792,12.0,206.5288
sequence_47796,20.0,sequence_47791,4.0,188.41450000000003
sequence_47796,20.0,sequence_47788,5.0,160.24380000000002
sequence_47796,20.0,sequence_47729,34.0,244.5331
sequence_47796,20.0,sequence_47809,10.0,306.1259
sequence_47796,20.0,sequence_47737,27.0,344.1302
sequence_47796,20.0,sequence_47810,5.57,171.5215
sequence_47796,20.0,sequence_47766,4.19,166.3055
sequence_47796,20.0,sequence_47736,19.0,292.0958
sequence_47750,25.0,sequence_47787,5.0,92.9016
sequence_47750,25.0,sequence_47684,23.0,104.5189
sequence_47750,25.0,sequence_47789,10.0,134.8102
sequence_47750,25.0,sequence_47790,9.0,150.38490000000002
sequence_47750,25.0,sequence_47781,12.0,184.123
sequence_47750,25.0,sequence_47777,11.0,178.1818
sequence_47750,25.0,sequence_47779,11.0,178.1818
sequence_47750,25.0,sequence_47784,21.0,221.0823
sequence_47750,25.0,sequence_47786,18.0,176.8607
sequence_47750,25.0,sequence_47782,17.0,176.8607
sequence_47750,25.0,sequence_47772,12.0,54.8973
sequence_47750,25.0,sequence_47795,7.0,183.078
sequence_47750,25.0,sequence_47776,9.0,197.9273
sequence_47750,25.0,sequence_47685,24.0,110.2683
sequence_47750,25.0,sequence_47679,44.0,189.7991
sequence_47750,25.0,sequence_47695,52.0,103.6254
sequence_47750,25.0,sequence_47710,43.0,140.7362
sequence_47750,25.0,sequence_47686,22.0,146.4275
sequence_47750,25.0,sequence_47778,26.0,220.0904
sequence_47750,25.0,sequence_47780,23.0,220.0904
sequence_47750,25.0,sequence_47785,25.0,188.92079999999999
sequence_47750,25.0,sequence_47803,12.0,133.9167
sequence_47750,25.0,sequence_47663,36.0,171.9344
sequence_47750,25.0,sequence_47757,36.0,166.185
sequence_47750,25.0,sequence_47783,24.5,375.3849
sequence_47750,25.0,sequence_47796,20.0,194.7686
sequence_47750,25.0,sequence_47760,26.0,259.5201
sequence_47750,25.0,sequence_47773,19.0,96.8059
sequence_47750,25.0,sequence_47768,17.0,140.1775
sequence_47750,25.0,sequence_47771,18.0,71.0036
sequence_47750,25.0,sequence_47681,44.0,195.5485
sequence_47750,25.0,sequence_47696,47.0,109.3748
sequence_47750,25.0,sequence_47680,73.0,338.7703
sequence_47750,25.0,sequence_47673,65.5,151.7948
sequence_47750,25.0,sequence_47700,65.0,437.85480000000007
sequence_47750,25.0,sequence_47689,52.0,231.80610000000001
sequence_47750,25.0,sequence_47683,75.0,380.6789
sequence_47750,25.0,sequence_47697,55.5,145.534
sequence_47750,25.0,sequence_47678,37.0,108.4232
sequence_47750,25.0,sequence_47682,53.0,231.7077
sequence_47750,25.0,sequence_47724,48.0,265.2677
sequence_47750,25.0,sequence_47806,73.0,468.1461
sequence_47750,25.0,sequence_47807,42.0,336.8067
sequence_47750,25.0,sequence_47804,23.0,213.4475
sequence_47750,25.0,sequence_47800,20.0,225.1381
sequence_47750,25.0,sequence_47799,24.0,219.19689999999997
sequence_47750,25.0,sequence_47664,32.0,177.68380000000002
sequence_47750,25.0,sequence_47666,69.0,276.9601
sequence_47750,25.0,sequence_47671,36.0,171.0409
sequence_47750,25.0,sequence_47727,45.0,337.38059999999996
sequence_47750,25.0,sequence_47756,37.0,320.4876
sequence_47750,25.0,sequence_47775,23.0,480.4106
sequence_47750,25.0,sequence_47730,35.0,156.7643
sequence_47750,25.0,sequence_47758,22.0,139.8713
sequence_47750,25.0,sequence_47797,27.0,317.0081
sequence_47750,25.0,sequence_47798,23.0,221.08229999999998
sequence_47750,25.0,sequence_47751,34.0,5.7494
sequence_47750,25.0,sequence_47741,102.0,85.28020000000001
sequence_47750,25.0,sequence_47743,63.0,234.2514
sequence_47750,25.0,sequence_47752,67.0,66.5146
sequence_47750,25.0,sequence_47745,83.0,243.90509999999998
sequence_47750,25.0,sequence_47747,72.0,254.79519999999997
sequence_47750,25.0,sequence_47748,79.0,271.2107
sequence_47750,25.0,sequence_47749,81.0,197.14059999999998
sequence_47750,25.0,sequence_47744,69.0,221.2352
sequence_47750,25.0,sequence_47721,40.0,68.22229999999999
sequence_47750,25.0,sequence_47759,36.0,67.3288
sequence_47750,25.0,sequence_47774,21.0,176.3367
sequence_47750,25.0,sequence_47770,25.0,318.0410999999999
sequence_47750,25.0,sequence_47713,51.0,106.62450000000001
sequence_47750,25.0,sequence_47738,55.0,85.28020000000001
sequence_47750,25.0,sequence_47769,25.0,182.0861
sequence_47750,25.0,sequence_47702,69.0,443.60420000000005
sequence_47750,25.0,sequence_47672,76.0,201.48970000000003
sequence_47750,25.0,sequence_47705,71.0,338.5785
sequence_47750,25.0,sequence_47694,51.0,274.51480000000004
sequence_47750,25.0,sequence_47691,40.0,188.9056
sequence_47750,25.0,sequence_47701,63.0,586.826
sequence_47750,25.0,sequence_47706,77.0,455.48660000000007
sequence_47750,25.0,sequence_47675,57.0,374.52689999999996
sequence_47750,25.0,sequence_47698,56.0,188.9056
sequence_47750,25.0,sequence_47688,90.0,279.46410000000003
sequence_47750,25.0,sequence_47704,98.0,628.7346
sequence_47750,25.0,sequence_47708,111.0,497.3952
sequence_47750,25.0,sequence_47709,119.0,366.0558
sequence_47750,25.0,sequence_47677,103.0,342.67459999999994
sequence_47750,25.0,sequence_47692,87.5,225.0648
sequence_47750,25.0,sequence_47703,95.0,479.76340000000005
sequence_47750,25.0,sequence_47707,79.0,348.42400000000004
sequence_47750,25.0,sequence_47762,127.0,462.9437
sequence_47750,25.0,sequence_47765,118.0,605.9736999999999
sequence_47750,25.0,sequence_47767,105.0,551.3276999999999
sequence_47750,25.0,sequence_47812,121.0,451.2531
sequence_47750,25.0,sequence_47761,120.0,457.0025
sequence_47750,25.0,sequence_47764,118.0,472.59740000000005
sequence_47750,25.0,sequence_47763,122.0,523.5215999999999
sequence_47750,25.0,sequence_47699,62.0,225.0648
sequence_47750,25.0,sequence_47687,92.0,229.49309999999997
sequence_47750,25.0,sequence_47693,64.0,379.7854
sequence_47750,25.0,sequence_47690,63.0,273.7147
sequence_47750,25.0,sequence_47712,49.0,230.8187
sequence_47750,25.0,sequence_47714,51.0,179.8945
sequence_47750,25.0,sequence_47725,57.0,258.62480000000005
sequence_47750,25.0,sequence_47669,32.0,288.5555
sequence_47750,25.0,sequence_47668,48.0,251.4447
sequence_47750,25.0,sequence_47670,97.0,151.3701
sequence_47750,25.0,sequence_47665,50.0,149.3332
sequence_47750,25.0,sequence_47661,52.0,139.67950000000002
sequence_47750,25.0,sequence_47667,86.0,303.2738
sequence_47750,25.0,sequence_47726,120.0,299.3763
sequence_47750,25.0,sequence_47734,110.0,309.03
sequence_47750,25.0,sequence_47811,24.0,358.4919
sequence_47750,25.0,sequence_47662,28.0,326.23699999999997
sequence_47750,25.0,sequence_47731,32.0,262.5883
sequence_47750,25.0,sequence_47733,25.0,162.51370000000003
sequence_47750,25.0,sequence_47732,30.0,279.0038
sequence_47750,25.0,sequence_47755,100.0,73.58959999999999
sequence_47750,25.0,sequence_47746,94.0,249.65449999999998
sequence_47750,25.0,sequence_47754,70.0,105.82399999999998
sequence_47750,25.0,sequence_47753,74.0,94.9339
sequence_47750,25.0,sequence_47740,158.0,156.6507
sequence_47750,25.0,sequence_47742,108.0,127.18879999999999
sequence_47750,25.0,sequence_47715,101.0,153.5025
sequence_47750,25.0,sequence_47718,81.0,147.7531
sequence_47750,25.0,sequence_47717,66.0,302.47369999999995
sequence_47750,25.0,sequence_47720,80.0,339.43299999999994
sequence_47750,25.0,sequence_47716,84.0,152.1814
sequence_47750,25.0,sequence_47719,66.0,323.0174999999999
sequence_47750,25.0,sequence_47723,69.0,221.514
sequence_47750,25.0,sequence_47722,75.0,147.75310000000002
sequence_47750,25.0,sequence_47674,38.0,157.5442
sequence_47750,25.0,sequence_47676,56.0,193.7034
sequence_47750,25.0,sequence_47711,57.0,199.4573
sequence_47750,25.0,sequence_47739,35.0,127.1888
sequence_47750,25.0,sequence_47735,55.0,243.6789
sequence_47750,25.0,sequence_47793,16.0,178.8561
sequence_47750,25.0,sequence_47801,4.0,92.0081
sequence_47750,25.0,sequence_47805,22.0,177.9626
sequence_47750,25.0,sequence_47802,4.0,97.7575
sequence_47750,25.0,sequence_47794,18.0,185.49900000000002
sequence_47750,25.0,sequence_47728,12.0,54.8973
sequence_47750,25.0,sequence_47808,4.0,192.4987
sequence_47750,25.0,sequence_47792,12.0,144.936
sequence_47750,25.0,sequence_47791,4.0,126.82169999999999
sequence_47750,25.0,sequence_47788,5.0,98.651
sequence_47750,25.0,sequence_47729,34.0,106.9317
sequence_47750,25.0,sequence_47809,10.0,244.53310000000002
sequence_47750,25.0,sequence_47737,27.0,206.52880000000002
sequence_47750,25.0,sequence_47810,5.57,109.92869999999999
sequence_47750,25.0,sequence_47766,4.19,104.7127
sequence_47750,25.0,sequence_47736,19.0,154.4944
sequence_47760,26.0,sequence_47787,5.0,318.63570000000004
sequence_47760,26.0,sequence_47684,23.0,231.0098
sequence_47760,26.0,sequence_47789,10.0,360.5443
sequence_47760,26.0,sequence_47790,9.0,376.119
sequence_47760,26.0,sequence_47781,12.0,409.85710000000006
sequence_47760,26.0,sequence_47777,11.0,403.9159000000001
sequence_47760,26.0,sequence_47779,11.0,403.9159000000001
sequence_47760,26.0,sequence_47784,21.0,446.81640000000004
sequence_47760,26.0,sequence_47786,18.0,402.5948000000001
sequence_47760,26.0,sequence_47782,17.0,402.5948000000001
sequence_47760,26.0,sequence_47772,12.0,280.6314
sequence_47760,26.0,sequence_47795,7.0,408.8121
sequence_47760,26.0,sequence_47776,9.0,423.6614
sequence_47760,26.0,sequence_47685,24.0,236.75920000000002
sequence_47760,26.0,sequence_47679,44.0,316.29
sequence_47760,26.0,sequence_47695,52.0,230.1163
sequence_47760,26.0,sequence_47710,43.0,267.2271
sequence_47760,26.0,sequence_47686,22.0,272.9184
sequence_47760,26.0,sequence_47778,26.0,445.82450000000006
sequence_47760,26.0,sequence_47780,23.0,445.82450000000006
sequence_47760,26.0,sequence_47785,25.0,414.6549
sequence_47760,26.0,sequence_47803,12.0,359.6508
sequence_47760,26.0,sequence_47663,36.0,431.45450000000005
sequence_47760,26.0,sequence_47757,36.0,425.7051
sequence_47760,26.0,sequence_47783,24.5,601.119
sequence_47760,26.0,sequence_47796,20.0,420.5027
sequence_47760,26.0,sequence_47750,25.0,259.5201
sequence_47760,26.0,sequence_47773,19.0,322.53999999999996
sequence_47760,26.0,sequence_47768,17.0,365.9116
sequence_47760,26.0,sequence_47771,18.0,296.73769999999996
sequence_47760,26.0,sequence_47681,44.0,322.0394
sequence_47760,26.0,sequence_47696,47.0,235.8657
sequence_47760,26.0,sequence_47680,73.0,465.26120000000003
sequence_47760,26.0,sequence_47673,65.5,278.2857
sequence_47760,26.0,sequence_47700,65.0,564.3457000000001
sequence_47760,26.0,sequence_47689,52.0,358.297
sequence_47760,26.0,sequence_47683,75.0,507.1698
sequence_47760,26.0,sequence_47697,55.5,272.0249
sequence_47760,26.0,sequence_47678,37.0,234.91410000000002
sequence_47760,26.0,sequence_47682,53.0,358.1986
sequence_47760,26.0,sequence_47724,48.0,324.6386
sequence_47760,26.0,sequence_47806,73.0,693.8802000000001
sequence_47760,26.0,sequence_47807,42.0,562.5408
sequence_47760,26.0,sequence_47804,23.0,439.1816
sequence_47760,26.0,sequence_47800,20.0,450.8722
sequence_47760,26.0,sequence_47799,24.0,444.93100000000004
sequence_47760,26.0,sequence_47664,32.0,437.2039000000001
sequence_47760,26.0,sequence_47666,69.0,536.4802
sequence_47760,26.0,sequence_47671,36.0,430.56100000000004
sequence_47760,26.0,sequence_47727,45.0,563.1147
sequence_47760,26.0,sequence_47756,37.0,580.0077
sequence_47760,26.0,sequence_47775,23.0,706.1447000000001
sequence_47760,26.0,sequence_47730,35.0,382.4984
sequence_47760,26.0,sequence_47758,22.0,399.3914
sequence_47760,26.0,sequence_47797,27.0,542.7422
sequence_47760,26.0,sequence_47798,23.0,446.8164
sequence_47760,26.0,sequence_47751,34.0,265.2695
sequence_47760,26.0,sequence_47741,102.0,344.8003
sequence_47760,26.0,sequence_47743,63.0,493.7715
sequence_47760,26.0,sequence_47752,67.0,326.03470000000004
sequence_47760,26.0,sequence_47745,83.0,503.4252
sequence_47760,26.0,sequence_47747,72.0,514.3153
sequence_47760,26.0,sequence_47748,79.0,530.7308
sequence_47760,26.0,sequence_47749,81.0,456.6607
sequence_47760,26.0,sequence_47744,69.0,480.75530000000003
sequence_47760,26.0,sequence_47721,40.0,275.115
sequence_47760,26.0,sequence_47759,36.0,276.00849999999997
sequence_47760,26.0,sequence_47774,21.0,402.07079999999996
sequence_47760,26.0,sequence_47770,25.0,543.7751999999999
sequence_47760,26.0,sequence_47713,51.0,366.1446000000001
sequence_47760,26.0,sequence_47738,55.0,344.8003
sequence_47760,26.0,sequence_47769,25.0,407.8202
sequence_47760,26.0,sequence_47702,69.0,570.0951
sequence_47760,26.0,sequence_47672,76.0,327.98060000000004
sequence_47760,26.0,sequence_47705,71.0,465.06940000000003
sequence_47760,26.0,sequence_47694,51.0,401.00570000000005
sequence_47760,26.0,sequence_47691,40.0,315.3965
sequence_47760,26.0,sequence_47701,63.0,713.3169
sequence_47760,26.0,sequence_47706,77.0,581.9775
sequence_47760,26.0,sequence_47675,57.0,501.01779999999997
sequence_47760,26.0,sequence_47698,56.0,315.3965
sequence_47760,26.0,sequence_47688,90.0,405.95500000000004
sequence_47760,26.0,sequence_47704,98.0,755.2255
sequence_47760,26.0,sequence_47708,111.0,623.8860999999999
sequence_47760,26.0,sequence_47709,119.0,492.5467
sequence_47760,26.0,sequence_47677,103.0,469.16549999999995
sequence_47760,26.0,sequence_47692,87.5,351.5557
sequence_47760,26.0,sequence_47703,95.0,606.2543000000001
sequence_47760,26.0,sequence_47707,79.0,474.9149
sequence_47760,26.0,sequence_47762,127.0,722.4638
sequence_47760,26.0,sequence_47765,118.0,865.4938
sequence_47760,26.0,sequence_47767,105.0,610.6986
sequence_47760,26.0,sequence_47812,121.0,710.7732000000001
sequence_47760,26.0,sequence_47761,120.0,716.5226
sequence_47760,26.0,sequence_47764,118.0,732.1175000000001
sequence_47760,26.0,sequence_47763,122.0,638.5047000000001
sequence_47760,26.0,sequence_47699,62.0,351.5557
sequence_47760,26.0,sequence_47687,92.0,355.984
sequence_47760,26.0,sequence_47693,64.0,506.2763
sequence_47760,26.0,sequence_47690,63.0,400.2056
sequence_47760,26.0,sequence_47712,49.0,345.8018
sequence_47760,26.0,sequence_47714,51.0,439.41459999999995
sequence_47760,26.0,sequence_47725,57.0,317.99570000000006
sequence_47760,26.0,sequence_47669,32.0,548.0756
sequence_47760,26.0,sequence_47668,48.0,510.9648000000001
sequence_47760,26.0,sequence_47670,97.0,410.89020000000005
sequence_47760,26.0,sequence_47665,50.0,408.8533
sequence_47760,26.0,sequence_47661,52.0,399.19960000000003
sequence_47760,26.0,sequence_47667,86.0,562.7938999999999
sequence_47760,26.0,sequence_47726,120.0,525.1104
sequence_47760,26.0,sequence_47734,110.0,534.7641
sequence_47760,26.0,sequence_47811,24.0,618.012
sequence_47760,26.0,sequence_47662,28.0,585.7571
sequence_47760,26.0,sequence_47731,32.0,488.3224
sequence_47760,26.0,sequence_47733,25.0,388.2478
sequence_47760,26.0,sequence_47732,30.0,504.7379
sequence_47760,26.0,sequence_47755,100.0,333.1097
sequence_47760,26.0,sequence_47746,94.0,509.1746
sequence_47760,26.0,sequence_47754,70.0,365.3441
sequence_47760,26.0,sequence_47753,74.0,354.454
sequence_47760,26.0,sequence_47740,158.0,416.1708
sequence_47760,26.0,sequence_47742,108.0,386.70889999999997
sequence_47760,26.0,sequence_47715,101.0,360.3952
sequence_47760,26.0,sequence_47718,81.0,354.6458
sequence_47760,26.0,sequence_47717,66.0,509.3664
sequence_47760,26.0,sequence_47720,80.0,546.3257
sequence_47760,26.0,sequence_47716,84.0,359.0741
sequence_47760,26.0,sequence_47719,66.0,529.9101999999999
sequence_47760,26.0,sequence_47723,69.0,280.8849
sequence_47760,26.0,sequence_47722,75.0,354.6458
sequence_47760,26.0,sequence_47674,38.0,284.0351
sequence_47760,26.0,sequence_47676,56.0,320.1943
sequence_47760,26.0,sequence_47711,57.0,314.4404
sequence_47760,26.0,sequence_47739,35.0,386.7089
sequence_47760,26.0,sequence_47735,55.0,270.2188
sequence_47760,26.0,sequence_47793,16.0,404.59020000000004
sequence_47760,26.0,sequence_47801,4.0,317.7422
sequence_47760,26.0,sequence_47805,22.0,403.6967
sequence_47760,26.0,sequence_47802,4.0,323.4916
sequence_47760,26.0,sequence_47794,18.0,411.23310000000004
sequence_47760,26.0,sequence_47728,12.0,280.6314
sequence_47760,26.0,sequence_47808,4.0,219.0386
sequence_47760,26.0,sequence_47792,12.0,370.67010000000005
sequence_47760,26.0,sequence_47791,4.0,352.55580000000003
sequence_47760,26.0,sequence_47788,5.0,324.3851
sequence_47760,26.0,sequence_47729,34.0,332.6658
sequence_47760,26.0,sequence_47809,10.0,271.073
sequence_47760,26.0,sequence_47737,27.0,233.0687
sequence_47760,26.0,sequence_47810,5.57,301.6086
sequence_47760,26.0,sequence_47766,4.19,306.82460000000003
sequence_47760,26.0,sequence_47736,19.0,181.0343
sequence_47773,19.0,sequence_47787,5.0,79.9129
sequence_47773,19.0,sequence_47684,23.0,167.53879999999998
sequence_47773,19.0,sequence_47789,10.0,38.0043
sequence_47773,19.0,sequence_47790,9.0,84.7688
sequence_47773,19.0,sequence_47781,12.0,171.1343
sequence_47773,19.0,sequence_47777,11.0,165.19310000000002
sequence_47773,19.0,sequence_47779,11.0,165.1931
sequence_47773,19.0,sequence_47784,21.0,208.09359999999998
sequence_47773,19.0,sequence_47786,18.0,163.872
sequence_47773,19.0,sequence_47782,17.0,163.87199999999999
sequence_47773,19.0,sequence_47772,12.0,41.90859999999999
sequence_47773,19.0,sequence_47795,7.0,170.08929999999998
sequence_47773,19.0,sequence_47776,9.0,184.9386
sequence_47773,19.0,sequence_47685,24.0,173.2882
sequence_47773,19.0,sequence_47679,44.0,252.81900000000002
sequence_47773,19.0,sequence_47695,52.0,166.6453
sequence_47773,19.0,sequence_47710,43.0,203.7561
sequence_47773,19.0,sequence_47686,22.0,125.6302
sequence_47773,19.0,sequence_47778,26.0,123.28450000000001
sequence_47773,19.0,sequence_47780,23.0,123.28450000000001
sequence_47773,19.0,sequence_47785,25.0,92.1149
sequence_47773,19.0,sequence_47803,12.0,37.1108
sequence_47773,19.0,sequence_47663,36.0,268.7403
sequence_47773,19.0,sequence_47757,36.0,262.9909
sequence_47773,19.0,sequence_47783,24.5,309.7688
sequence_47773,19.0,sequence_47796,20.0,181.77989999999997
sequence_47773,19.0,sequence_47750,25.0,96.8059
sequence_47773,19.0,sequence_47760,26.0,322.53999999999996
sequence_47773,19.0,sequence_47768,17.0,127.1888
sequence_47773,19.0,sequence_47771,18.0,58.0149
sequence_47773,19.0,sequence_47681,44.0,258.5684
sequence_47773,19.0,sequence_47696,47.0,172.3947
sequence_47773,19.0,sequence_47680,73.0,370.6004
sequence_47773,19.0,sequence_47673,65.5,214.81470000000002
sequence_47773,19.0,sequence_47700,65.0,500.8747
sequence_47773,19.0,sequence_47689,52.0,294.82599999999996
sequence_47773,19.0,sequence_47683,75.0,359.8816
sequence_47773,19.0,sequence_47697,55.5,124.7367
sequence_47773,19.0,sequence_47678,37.0,87.6259
sequence_47773,19.0,sequence_47682,53.0,210.9104
sequence_47773,19.0,sequence_47724,48.0,244.4704
sequence_47773,19.0,sequence_47806,73.0,371.3402
sequence_47773,19.0,sequence_47807,42.0,240.0008
sequence_47773,19.0,sequence_47804,23.0,116.6416
sequence_47773,19.0,sequence_47800,20.0,128.3322
sequence_47773,19.0,sequence_47799,24.0,122.391
sequence_47773,19.0,sequence_47664,32.0,274.48969999999997
sequence_47773,19.0,sequence_47666,69.0,373.76599999999996
sequence_47773,19.0,sequence_47671,36.0,267.8468
sequence_47773,19.0,sequence_47727,45.0,347.7731
sequence_47773,19.0,sequence_47756,37.0,364.66610000000003
sequence_47773,19.0,sequence_47775,23.0,414.79449999999997
sequence_47773,19.0,sequence_47730,35.0,219.7842
sequence_47773,19.0,sequence_47758,22.0,236.67719999999997
sequence_47773,19.0,sequence_47797,27.0,304.0194
sequence_47773,19.0,sequence_47798,23.0,155.4662
sequence_47773,19.0,sequence_47751,34.0,102.55529999999999
sequence_47773,19.0,sequence_47741,102.0,182.0861
sequence_47773,19.0,sequence_47743,63.0,331.05729999999994
sequence_47773,19.0,sequence_47752,67.0,163.3205
sequence_47773,19.0,sequence_47745,83.0,340.7109999999999
sequence_47773,19.0,sequence_47747,72.0,351.6011
sequence_47773,19.0,sequence_47748,79.0,368.0165999999999
sequence_47773,19.0,sequence_47749,81.0,293.94649999999996
sequence_47773,19.0,sequence_47744,69.0,318.0410999999999
sequence_47773,19.0,sequence_47721,40.0,47.425
sequence_47773,19.0,sequence_47759,36.0,46.5315
sequence_47773,19.0,sequence_47774,21.0,79.5308
sequence_47773,19.0,sequence_47770,25.0,221.2352
sequence_47773,19.0,sequence_47713,51.0,203.43040000000002
sequence_47773,19.0,sequence_47738,55.0,182.0861
sequence_47773,19.0,sequence_47769,25.0,85.28020000000001
sequence_47773,19.0,sequence_47702,69.0,506.6241
sequence_47773,19.0,sequence_47672,76.0,264.5096
sequence_47773,19.0,sequence_47705,71.0,401.5984
sequence_47773,19.0,sequence_47694,51.0,337.5347
sequence_47773,19.0,sequence_47691,40.0,251.9255
sequence_47773,19.0,sequence_47701,63.0,618.6560999999999
sequence_47773,19.0,sequence_47706,77.0,487.31669999999997
sequence_47773,19.0,sequence_47675,57.0,406.35699999999997
sequence_47773,19.0,sequence_47698,56.0,251.9255
sequence_47773,19.0,sequence_47688,90.0,289.8566
sequence_47773,19.0,sequence_47704,98.0,607.9373
sequence_47773,19.0,sequence_47708,111.0,476.5979
sequence_47773,19.0,sequence_47709,119.0,345.2585
sequence_47773,19.0,sequence_47677,103.0,321.8773
sequence_47773,19.0,sequence_47692,87.5,204.26749999999998
sequence_47773,19.0,sequence_47703,95.0,458.9661
sequence_47773,19.0,sequence_47707,79.0,327.6267
sequence_47773,19.0,sequence_47762,127.0,399.9238
sequence_47773,19.0,sequence_47765,118.0,542.9538
sequence_47773,19.0,sequence_47767,105.0,454.5218
sequence_47773,19.0,sequence_47812,121.0,388.2332
sequence_47773,19.0,sequence_47761,120.0,393.98260000000005
sequence_47773,19.0,sequence_47764,118.0,409.5775
sequence_47773,19.0,sequence_47763,122.0,426.71569999999997
sequence_47773,19.0,sequence_47699,62.0,204.26749999999998
sequence_47773,19.0,sequence_47687,92.0,208.69580000000002
sequence_47773,19.0,sequence_47693,64.0,358.9881
sequence_47773,19.0,sequence_47690,63.0,252.9174
sequence_47773,19.0,sequence_47712,49.0,210.0214
sequence_47773,19.0,sequence_47714,51.0,192.8832
sequence_47773,19.0,sequence_47725,57.0,237.8275
sequence_47773,19.0,sequence_47669,32.0,385.3614
sequence_47773,19.0,sequence_47668,48.0,348.25059999999996
sequence_47773,19.0,sequence_47670,97.0,248.176
sequence_47773,19.0,sequence_47665,50.0,246.13909999999998
sequence_47773,19.0,sequence_47661,52.0,236.48539999999997
sequence_47773,19.0,sequence_47667,86.0,347.45230000000004
sequence_47773,19.0,sequence_47726,120.0,309.7688
sequence_47773,19.0,sequence_47734,110.0,319.4225
sequence_47773,19.0,sequence_47811,24.0,326.66179999999997
sequence_47773,19.0,sequence_47662,28.0,370.4155
sequence_47773,19.0,sequence_47731,32.0,325.6082
sequence_47773,19.0,sequence_47733,25.0,225.53359999999998
sequence_47773,19.0,sequence_47732,30.0,342.0237
sequence_47773,19.0,sequence_47755,100.0,170.3955
sequence_47773,19.0,sequence_47746,94.0,346.46039999999994
sequence_47773,19.0,sequence_47754,70.0,202.6299
sequence_47773,19.0,sequence_47753,74.0,191.7398
sequence_47773,19.0,sequence_47740,158.0,253.4566
sequence_47773,19.0,sequence_47742,108.0,140.1775
sequence_47773,19.0,sequence_47715,101.0,132.7052
sequence_47773,19.0,sequence_47718,81.0,126.9558
sequence_47773,19.0,sequence_47717,66.0,281.6764
sequence_47773,19.0,sequence_47720,80.0,318.6357
sequence_47773,19.0,sequence_47716,84.0,131.3841
sequence_47773,19.0,sequence_47719,66.0,302.2202
sequence_47773,19.0,sequence_47723,69.0,200.7167
sequence_47773,19.0,sequence_47722,75.0,126.9558
sequence_47773,19.0,sequence_47674,38.0,220.5641
sequence_47773,19.0,sequence_47676,56.0,172.9061
sequence_47773,19.0,sequence_47711,57.0,178.66
sequence_47773,19.0,sequence_47739,35.0,140.1775
sequence_47773,19.0,sequence_47735,55.0,222.88160000000002
sequence_47773,19.0,sequence_47793,16.0,165.8674
sequence_47773,19.0,sequence_47801,4.0,79.01939999999999
sequence_47773,19.0,sequence_47805,22.0,164.97390000000001
sequence_47773,19.0,sequence_47802,4.0,84.7688
sequence_47773,19.0,sequence_47794,18.0,170.7233
sequence_47773,19.0,sequence_47728,12.0,117.9172
sequence_47773,19.0,sequence_47808,4.0,179.51
sequence_47773,19.0,sequence_47792,12.0,131.94729999999998
sequence_47773,19.0,sequence_47791,4.0,113.833
sequence_47773,19.0,sequence_47788,5.0,85.66229999999999
sequence_47773,19.0,sequence_47729,34.0,169.95159999999998
sequence_47773,19.0,sequence_47809,10.0,231.5444
sequence_47773,19.0,sequence_47737,27.0,269.5487
sequence_47773,19.0,sequence_47810,5.57,96.94
sequence_47773,19.0,sequence_47766,4.19,91.72399999999999
sequence_47773,19.0,sequence_47736,19.0,217.5143
sequence_47768,17.0,sequence_47787,5.0,123.28450000000001
sequence_47768,17.0,sequence_47684,23.0,210.9104
sequence_47768,17.0,sequence_47789,10.0,165.19310000000002
sequence_47768,17.0,sequence_47790,9.0,180.7678
sequence_47768,17.0,sequence_47781,12.0,43.9455
sequence_47768,17.0,sequence_47777,11.0,38.0043
sequence_47768,17.0,sequence_47779,11.0,49.886700000000005
sequence_47768,17.0,sequence_47784,21.0,172.1262
sequence_47768,17.0,sequence_47786,18.0,116.0222
sequence_47768,17.0,sequence_47782,17.0,127.90460000000002
sequence_47768,17.0,sequence_47772,12.0,85.28020000000001
sequence_47768,17.0,sequence_47795,7.0,213.4609
sequence_47768,17.0,sequence_47776,9.0,228.3102
sequence_47768,17.0,sequence_47685,24.0,216.65980000000002
sequence_47768,17.0,sequence_47679,44.0,125.6302
sequence_47768,17.0,sequence_47695,52.0,210.01690000000002
sequence_47768,17.0,sequence_47710,43.0,247.1277
sequence_47768,17.0,sequence_47686,22.0,252.81900000000002
sequence_47768,17.0,sequence_47778,26.0,79.9129
sequence_47768,17.0,sequence_47780,23.0,91.7953
sequence_47768,17.0,sequence_47785,25.0,122.9649
sequence_47768,17.0,sequence_47803,12.0,164.2996
sequence_47768,17.0,sequence_47663,36.0,232.7729
sequence_47768,17.0,sequence_47757,36.0,227.0235
sequence_47768,17.0,sequence_47783,24.5,326.4288
sequence_47768,17.0,sequence_47796,20.0,145.8125
sequence_47768,17.0,sequence_47750,25.0,140.1775
sequence_47768,17.0,sequence_47760,26.0,365.9116
sequence_47768,17.0,sequence_47773,19.0,127.1888
sequence_47768,17.0,sequence_47771,18.0,69.1739
sequence_47768,17.0,sequence_47681,44.0,131.3796
sequence_47768,17.0,sequence_47696,47.0,215.7663
sequence_47768,17.0,sequence_47680,73.0,274.6014
sequence_47768,17.0,sequence_47673,65.5,87.6259
sequence_47768,17.0,sequence_47700,65.0,373.6859
sequence_47768,17.0,sequence_47689,52.0,258.8586
sequence_47768,17.0,sequence_47683,75.0,316.51
sequence_47768,17.0,sequence_47697,55.5,251.9255
sequence_47768,17.0,sequence_47678,37.0,214.81470000000002
sequence_47768,17.0,sequence_47682,53.0,167.53879999999998
sequence_47768,17.0,sequence_47724,48.0,201.09879999999998
sequence_47768,17.0,sequence_47806,73.0,327.9686
sequence_47768,17.0,sequence_47807,42.0,196.62919999999997
sequence_47768,17.0,sequence_47804,23.0,84.7688
sequence_47768,17.0,sequence_47800,20.0,84.9606
sequence_47768,17.0,sequence_47799,24.0,90.9018
sequence_47768,17.0,sequence_47664,32.0,238.52230000000003
sequence_47768,17.0,sequence_47666,69.0,337.7986
sequence_47768,17.0,sequence_47671,36.0,231.8794
sequence_47768,17.0,sequence_47727,45.0,364.4331
sequence_47768,17.0,sequence_47756,37.0,381.3261
sequence_47768,17.0,sequence_47775,23.0,431.45450000000005
sequence_47768,17.0,sequence_47730,35.0,183.8168
sequence_47768,17.0,sequence_47758,22.0,200.70980000000003
sequence_47768,17.0,sequence_47797,27.0,268.052
sequence_47768,17.0,sequence_47798,23.0,172.12619999999998
sequence_47768,17.0,sequence_47751,34.0,145.9269
sequence_47768,17.0,sequence_47741,102.0,66.7797
sequence_47768,17.0,sequence_47743,63.0,203.8685
sequence_47768,17.0,sequence_47752,67.0,138.8519
sequence_47768,17.0,sequence_47745,83.0,213.5222
sequence_47768,17.0,sequence_47747,72.0,315.6337
sequence_47768,17.0,sequence_47748,79.0,332.04920000000004
sequence_47768,17.0,sequence_47749,81.0,240.9793
sequence_47768,17.0,sequence_47744,69.0,282.07370000000003
sequence_47768,17.0,sequence_47721,40.0,174.6138
sequence_47768,17.0,sequence_47759,36.0,173.7203
sequence_47768,17.0,sequence_47774,21.0,47.658
sequence_47768,17.0,sequence_47770,25.0,269.085
sequence_47768,17.0,sequence_47713,51.0,76.2416
sequence_47768,17.0,sequence_47738,55.0,54.8973
sequence_47768,17.0,sequence_47769,25.0,41.90859999999999
sequence_47768,17.0,sequence_47702,69.0,379.4353
sequence_47768,17.0,sequence_47672,76.0,137.32080000000002
sequence_47768,17.0,sequence_47705,71.0,274.4096
sequence_47768,17.0,sequence_47694,51.0,380.9063
sequence_47768,17.0,sequence_47691,40.0,148.1179
sequence_47768,17.0,sequence_47701,63.0,522.6571
sequence_47768,17.0,sequence_47706,77.0,391.3177
sequence_47768,17.0,sequence_47675,57.0,310.358
sequence_47768,17.0,sequence_47698,56.0,136.2355
sequence_47768,17.0,sequence_47688,90.0,306.5166
sequence_47768,17.0,sequence_47704,98.0,564.5657
sequence_47768,17.0,sequence_47708,111.0,433.2263
sequence_47768,17.0,sequence_47709,119.0,301.88689999999997
sequence_47768,17.0,sequence_47677,103.0,278.5057
sequence_47768,17.0,sequence_47692,87.5,184.2771
sequence_47768,17.0,sequence_47703,95.0,415.5945
sequence_47768,17.0,sequence_47707,79.0,284.25509999999997
sequence_47768,17.0,sequence_47762,127.0,356.55219999999997
sequence_47768,17.0,sequence_47765,118.0,499.58219999999994
sequence_47768,17.0,sequence_47767,105.0,411.1502
sequence_47768,17.0,sequence_47812,121.0,344.86159999999995
sequence_47768,17.0,sequence_47761,120.0,350.611
sequence_47768,17.0,sequence_47764,118.0,366.2059
sequence_47768,17.0,sequence_47763,122.0,383.34409999999997
sequence_47768,17.0,sequence_47699,62.0,172.3947
sequence_47768,17.0,sequence_47687,92.0,256.5456
sequence_47768,17.0,sequence_47693,64.0,315.6165
sequence_47768,17.0,sequence_47690,63.0,300.7672
sequence_47768,17.0,sequence_47712,49.0,178.1486
sequence_47768,17.0,sequence_47714,51.0,161.0104
sequence_47768,17.0,sequence_47725,57.0,205.9547
sequence_47768,17.0,sequence_47669,32.0,349.394
sequence_47768,17.0,sequence_47668,48.0,312.2832
sequence_47768,17.0,sequence_47670,97.0,212.20860000000002
sequence_47768,17.0,sequence_47665,50.0,210.17170000000002
sequence_47768,17.0,sequence_47661,52.0,200.51800000000003
sequence_47768,17.0,sequence_47667,86.0,364.1123
sequence_47768,17.0,sequence_47726,120.0,326.4288
sequence_47768,17.0,sequence_47734,110.0,336.08250000000004
sequence_47768,17.0,sequence_47811,24.0,343.32180000000005
sequence_47768,17.0,sequence_47662,28.0,387.07550000000003
sequence_47768,17.0,sequence_47731,32.0,289.6408
sequence_47768,17.0,sequence_47733,25.0,189.56620000000004
sequence_47768,17.0,sequence_47732,30.0,306.0563
sequence_47768,17.0,sequence_47755,100.0,78.08670000000001
sequence_47768,17.0,sequence_47746,94.0,219.2716
sequence_47768,17.0,sequence_47754,70.0,178.16129999999998
sequence_47768,17.0,sequence_47753,74.0,76.0498
sequence_47768,17.0,sequence_47740,158.0,138.1502
sequence_47768,17.0,sequence_47742,108.0,108.6883
sequence_47768,17.0,sequence_47715,101.0,101.216
sequence_47768,17.0,sequence_47718,81.0,106.96539999999999
sequence_47768,17.0,sequence_47717,66.0,238.3048
sequence_47768,17.0,sequence_47720,80.0,366.4855
sequence_47768,17.0,sequence_47716,84.0,179.2339
sequence_47768,17.0,sequence_47719,66.0,350.07
sequence_47768,17.0,sequence_47723,69.0,168.84390000000002
sequence_47768,17.0,sequence_47722,75.0,95.083
sequence_47768,17.0,sequence_47674,38.0,93.3753
sequence_47768,17.0,sequence_47676,56.0,129.53449999999998
sequence_47768,17.0,sequence_47711,57.0,135.28839999999997
sequence_47768,17.0,sequence_47739,35.0,96.8059
sequence_47768,17.0,sequence_47735,55.0,179.51
sequence_47768,17.0,sequence_47793,16.0,141.3988
sequence_47768,17.0,sequence_47801,4.0,122.391
sequence_47768,17.0,sequence_47805,22.0,140.5053
sequence_47768,17.0,sequence_47802,4.0,128.1404
sequence_47768,17.0,sequence_47794,18.0,148.0417
sequence_47768,17.0,sequence_47728,12.0,161.2888
sequence_47768,17.0,sequence_47808,4.0,222.88160000000002
sequence_47768,17.0,sequence_47792,12.0,175.3189
sequence_47768,17.0,sequence_47791,4.0,89.3644
sequence_47768,17.0,sequence_47788,5.0,129.03390000000002
sequence_47768,17.0,sequence_47729,34.0,213.3232
sequence_47768,17.0,sequence_47809,10.0,274.91600000000005
sequence_47768,17.0,sequence_47737,27.0,312.9203
sequence_47768,17.0,sequence_47810,5.57,140.3116
sequence_47768,17.0,sequence_47766,4.19,135.0956
sequence_47768,17.0,sequence_47736,19.0,260.8859
sequence_47771,18.0,sequence_47787,5.0,54.110600000000005
sequence_47771,18.0,sequence_47684,23.0,141.7365
sequence_47771,18.0,sequence_47789,10.0,96.0192
sequence_47771,18.0,sequence_47790,9.0,111.59389999999999
sequence_47771,18.0,sequence_47781,12.0,113.1194
sequence_47771,18.0,sequence_47777,11.0,107.1782
sequence_47771,18.0,sequence_47779,11.0,107.1782
sequence_47771,18.0,sequence_47784,21.0,167.07850000000002
sequence_47771,18.0,sequence_47786,18.0,121.06989999999999
sequence_47771,18.0,sequence_47782,17.0,122.8569
sequence_47771,18.0,sequence_47772,12.0,16.1063
sequence_47771,18.0,sequence_47795,7.0,144.287
sequence_47771,18.0,sequence_47776,9.0,159.1363
sequence_47771,18.0,sequence_47685,24.0,147.48590000000002
sequence_47771,18.0,sequence_47679,44.0,194.8041
sequence_47771,18.0,sequence_47695,52.0,140.843
sequence_47771,18.0,sequence_47710,43.0,177.9538
sequence_47771,18.0,sequence_47686,22.0,183.6451
sequence_47771,18.0,sequence_47778,26.0,149.08679999999998
sequence_47771,18.0,sequence_47780,23.0,149.08679999999998
sequence_47771,18.0,sequence_47785,25.0,117.9172
sequence_47771,18.0,sequence_47803,12.0,95.1257
sequence_47771,18.0,sequence_47663,36.0,227.72520000000003
sequence_47771,18.0,sequence_47757,36.0,221.97580000000002
sequence_47771,18.0,sequence_47783,24.5,321.3811
sequence_47771,18.0,sequence_47796,20.0,140.7648
sequence_47771,18.0,sequence_47750,25.0,71.0036
sequence_47771,18.0,sequence_47760,26.0,296.73769999999996
sequence_47771,18.0,sequence_47773,19.0,58.0149
sequence_47771,18.0,sequence_47768,17.0,69.1739
sequence_47771,18.0,sequence_47681,44.0,200.55349999999999
sequence_47771,18.0,sequence_47696,47.0,146.5924
sequence_47771,18.0,sequence_47680,73.0,343.7753
sequence_47771,18.0,sequence_47673,65.5,156.7998
sequence_47771,18.0,sequence_47700,65.0,442.8598
sequence_47771,18.0,sequence_47689,52.0,253.8109
sequence_47771,18.0,sequence_47683,75.0,385.6839
sequence_47771,18.0,sequence_47697,55.5,182.7516
sequence_47771,18.0,sequence_47678,37.0,145.6408
sequence_47771,18.0,sequence_47682,53.0,236.71269999999998
sequence_47771,18.0,sequence_47724,48.0,270.2727
sequence_47771,18.0,sequence_47806,73.0,397.1425
sequence_47771,18.0,sequence_47807,42.0,265.8031
sequence_47771,18.0,sequence_47804,23.0,142.44389999999999
sequence_47771,18.0,sequence_47800,20.0,154.1345
sequence_47771,18.0,sequence_47799,24.0,148.1933
sequence_47771,18.0,sequence_47664,32.0,233.4746
sequence_47771,18.0,sequence_47666,69.0,332.7509
sequence_47771,18.0,sequence_47671,36.0,226.8317
sequence_47771,18.0,sequence_47727,45.0,359.3854
sequence_47771,18.0,sequence_47756,37.0,376.27840000000003
sequence_47771,18.0,sequence_47775,23.0,426.4068
sequence_47771,18.0,sequence_47730,35.0,178.76910000000004
sequence_47771,18.0,sequence_47758,22.0,195.6621
sequence_47771,18.0,sequence_47797,27.0,263.0043
sequence_47771,18.0,sequence_47798,23.0,167.0785
sequence_47771,18.0,sequence_47751,34.0,76.753
sequence_47771,18.0,sequence_47741,102.0,124.0712
sequence_47771,18.0,sequence_47743,63.0,273.0424
sequence_47771,18.0,sequence_47752,67.0,122.3054
sequence_47771,18.0,sequence_47745,83.0,282.6961
sequence_47771,18.0,sequence_47747,72.0,310.586
sequence_47771,18.0,sequence_47748,79.0,327.00149999999996
sequence_47771,18.0,sequence_47749,81.0,235.9316
sequence_47771,18.0,sequence_47744,69.0,277.026
sequence_47771,18.0,sequence_47721,40.0,105.4399
sequence_47771,18.0,sequence_47759,36.0,104.5464
sequence_47771,18.0,sequence_47774,21.0,105.33309999999999
sequence_47771,18.0,sequence_47770,25.0,264.0373
sequence_47771,18.0,sequence_47713,51.0,145.4155
sequence_47771,18.0,sequence_47738,55.0,124.0712
sequence_47771,18.0,sequence_47769,25.0,111.08249999999998
sequence_47771,18.0,sequence_47702,69.0,448.6092
sequence_47771,18.0,sequence_47672,76.0,206.49470000000002
sequence_47771,18.0,sequence_47705,71.0,343.5835
sequence_47771,18.0,sequence_47694,51.0,311.7324
sequence_47771,18.0,sequence_47691,40.0,193.9106
sequence_47771,18.0,sequence_47701,63.0,591.831
sequence_47771,18.0,sequence_47706,77.0,460.49159999999995
sequence_47771,18.0,sequence_47675,57.0,379.53189999999995
sequence_47771,18.0,sequence_47698,56.0,193.9106
sequence_47771,18.0,sequence_47688,90.0,301.4689
sequence_47771,18.0,sequence_47704,98.0,633.7396
sequence_47771,18.0,sequence_47708,111.0,502.4002
sequence_47771,18.0,sequence_47709,119.0,371.0608
sequence_47771,18.0,sequence_47677,103.0,347.6796
sequence_47771,18.0,sequence_47692,87.5,230.0698
sequence_47771,18.0,sequence_47703,95.0,484.7684
sequence_47771,18.0,sequence_47707,79.0,353.429
sequence_47771,18.0,sequence_47762,127.0,425.7261
sequence_47771,18.0,sequence_47765,118.0,568.7561
sequence_47771,18.0,sequence_47767,105.0,480.3241
sequence_47771,18.0,sequence_47812,121.0,414.03549999999996
sequence_47771,18.0,sequence_47761,120.0,419.7849
sequence_47771,18.0,sequence_47764,118.0,435.3798
sequence_47771,18.0,sequence_47763,122.0,452.518
sequence_47771,18.0,sequence_47699,62.0,230.0698
sequence_47771,18.0,sequence_47687,92.0,251.4979
sequence_47771,18.0,sequence_47693,64.0,384.7904
sequence_47771,18.0,sequence_47690,63.0,295.7195
sequence_47771,18.0,sequence_47712,49.0,235.82369999999997
sequence_47771,18.0,sequence_47714,51.0,218.6855
sequence_47771,18.0,sequence_47725,57.0,263.6298
sequence_47771,18.0,sequence_47669,32.0,344.3463
sequence_47771,18.0,sequence_47668,48.0,307.2355
sequence_47771,18.0,sequence_47670,97.0,207.1609
sequence_47771,18.0,sequence_47665,50.0,205.124
sequence_47771,18.0,sequence_47661,52.0,195.4703
sequence_47771,18.0,sequence_47667,86.0,359.06460000000004
sequence_47771,18.0,sequence_47726,120.0,321.3811
sequence_47771,18.0,sequence_47734,110.0,331.0348
sequence_47771,18.0,sequence_47811,24.0,338.2741
sequence_47771,18.0,sequence_47662,28.0,382.0278
sequence_47771,18.0,sequence_47731,32.0,284.5931
sequence_47771,18.0,sequence_47733,25.0,184.51850000000002
sequence_47771,18.0,sequence_47732,30.0,301.0086
sequence_47771,18.0,sequence_47755,100.0,112.3806
sequence_47771,18.0,sequence_47746,94.0,288.44550000000004
sequence_47771,18.0,sequence_47754,70.0,161.6148
sequence_47771,18.0,sequence_47753,74.0,133.7249
sequence_47771,18.0,sequence_47740,158.0,195.4417
sequence_47771,18.0,sequence_47742,108.0,165.9798
sequence_47771,18.0,sequence_47715,101.0,158.5075
sequence_47771,18.0,sequence_47718,81.0,152.7581
sequence_47771,18.0,sequence_47717,66.0,307.4787
sequence_47771,18.0,sequence_47720,80.0,361.43780000000004
sequence_47771,18.0,sequence_47716,84.0,174.18619999999999
sequence_47771,18.0,sequence_47719,66.0,345.02230000000003
sequence_47771,18.0,sequence_47723,69.0,226.519
sequence_47771,18.0,sequence_47722,75.0,152.75809999999998
sequence_47771,18.0,sequence_47674,38.0,162.54919999999998
sequence_47771,18.0,sequence_47676,56.0,198.70839999999998
sequence_47771,18.0,sequence_47711,57.0,204.46229999999997
sequence_47771,18.0,sequence_47739,35.0,165.97979999999998
sequence_47771,18.0,sequence_47735,55.0,248.6839
sequence_47771,18.0,sequence_47793,16.0,123.06530000000001
sequence_47771,18.0,sequence_47801,4.0,53.2171
sequence_47771,18.0,sequence_47805,22.0,122.1718
sequence_47771,18.0,sequence_47802,4.0,58.966499999999996
sequence_47771,18.0,sequence_47794,18.0,129.7082
sequence_47771,18.0,sequence_47728,12.0,92.1149
sequence_47771,18.0,sequence_47808,4.0,153.70770000000002
sequence_47771,18.0,sequence_47792,12.0,106.14500000000001
sequence_47771,18.0,sequence_47791,4.0,71.0309
sequence_47771,18.0,sequence_47788,5.0,59.86
sequence_47771,18.0,sequence_47729,34.0,144.1493
sequence_47771,18.0,sequence_47809,10.0,205.74210000000002
sequence_47771,18.0,sequence_47737,27.0,243.74640000000002
sequence_47771,18.0,sequence_47810,5.57,71.13770000000001
sequence_47771,18.0,sequence_47766,4.19,65.9217
sequence_47771,18.0,sequence_47736,19.0,191.71200000000002
sequence_47681,44.0,sequence_47787,5.0,178.65550000000002
sequence_47681,44.0,sequence_47684,23.0,91.0296
sequence_47681,44.0,sequence_47789,10.0,220.5641
sequence_47681,44.0,sequence_47790,9.0,224.64
sequence_47681,44.0,sequence_47781,12.0,99.3165
sequence_47681,44.0,sequence_47777,11.0,93.3753
sequence_47681,44.0,sequence_47779,11.0,105.2577
sequence_47681,44.0,sequence_47784,21.0,227.49720000000002
sequence_47681,44.0,sequence_47786,18.0,171.39319999999998
sequence_47681,44.0,sequence_47782,17.0,183.2756
sequence_47681,44.0,sequence_47772,12.0,216.65980000000002
sequence_47681,44.0,sequence_47795,7.0,268.8319
sequence_47681,44.0,sequence_47776,9.0,359.68980000000005
sequence_47681,44.0,sequence_47685,24.0,85.28020000000001
sequence_47681,44.0,sequence_47679,44.0,5.7494
sequence_47681,44.0,sequence_47695,52.0,91.9231
sequence_47681,44.0,sequence_47710,43.0,129.03390000000002
sequence_47681,44.0,sequence_47686,22.0,132.9382
sequence_47681,44.0,sequence_47778,26.0,135.2839
sequence_47681,44.0,sequence_47780,23.0,147.1663
sequence_47681,44.0,sequence_47785,25.0,178.33589999999998
sequence_47681,44.0,sequence_47803,12.0,221.4576
sequence_47681,44.0,sequence_47663,36.0,212.13530000000003
sequence_47681,44.0,sequence_47757,36.0,206.38590000000002
sequence_47681,44.0,sequence_47783,24.5,370.30100000000004
sequence_47681,44.0,sequence_47796,20.0,253.8109
sequence_47681,44.0,sequence_47750,25.0,195.5485
sequence_47681,44.0,sequence_47760,26.0,322.0394
sequence_47681,44.0,sequence_47773,19.0,258.5684
sequence_47681,44.0,sequence_47768,17.0,131.3796
sequence_47681,44.0,sequence_47771,18.0,200.55349999999999
sequence_47681,44.0,sequence_47696,47.0,86.17370000000001
sequence_47681,44.0,sequence_47680,73.0,154.7206
sequence_47681,44.0,sequence_47673,65.5,43.7537
sequence_47681,44.0,sequence_47700,65.0,329.8137
sequence_47681,44.0,sequence_47689,52.0,140.7648
sequence_47681,44.0,sequence_47683,75.0,196.6292
sequence_47681,44.0,sequence_47697,55.5,133.83169999999998
sequence_47681,44.0,sequence_47678,37.0,170.9425
sequence_47681,44.0,sequence_47682,53.0,47.657999999999994
sequence_47681,44.0,sequence_47724,48.0,81.21799999999999
sequence_47681,44.0,sequence_47806,73.0,459.3482
sequence_47681,44.0,sequence_47807,42.0,304.62760000000003
sequence_47681,44.0,sequence_47804,23.0,141.92680000000001
sequence_47681,44.0,sequence_47800,20.0,142.11860000000001
sequence_47681,44.0,sequence_47799,24.0,148.0598
sequence_47681,44.0,sequence_47664,32.0,206.38590000000002
sequence_47681,44.0,sequence_47666,69.0,393.16960000000006
sequence_47681,44.0,sequence_47671,36.0,287.2504
sequence_47681,44.0,sequence_47727,45.0,332.29670000000004
sequence_47681,44.0,sequence_47756,37.0,349.1897
sequence_47681,44.0,sequence_47775,23.0,551.3353000000001
sequence_47681,44.0,sequence_47730,35.0,215.8066
sequence_47681,44.0,sequence_47758,22.0,232.69960000000003
sequence_47681,44.0,sequence_47797,27.0,364.5516
sequence_47681,44.0,sequence_47798,23.0,280.1246
sequence_47681,44.0,sequence_47751,34.0,189.7991
sequence_47681,44.0,sequence_47741,102.0,122.1507
sequence_47681,44.0,sequence_47743,63.0,259.2395
sequence_47681,44.0,sequence_47752,67.0,194.22289999999998
sequence_47681,44.0,sequence_47745,83.0,268.8932
sequence_47681,44.0,sequence_47747,72.0,371.00469999999996
sequence_47681,44.0,sequence_47748,79.0,387.4202
sequence_47681,44.0,sequence_47749,81.0,296.3503
sequence_47681,44.0,sequence_47744,69.0,337.4447
sequence_47681,44.0,sequence_47721,40.0,211.14339999999999
sequence_47681,44.0,sequence_47759,36.0,212.0369
sequence_47681,44.0,sequence_47774,21.0,179.0376
sequence_47681,44.0,sequence_47770,25.0,400.46459999999996
sequence_47681,44.0,sequence_47713,51.0,131.61260000000001
sequence_47681,44.0,sequence_47738,55.0,110.2683
sequence_47681,44.0,sequence_47769,25.0,173.2882
sequence_47681,44.0,sequence_47702,69.0,324.0643
sequence_47681,44.0,sequence_47672,76.0,5.941200000000002
sequence_47681,44.0,sequence_47705,71.0,143.03
sequence_47681,44.0,sequence_47694,51.0,251.3137
sequence_47681,44.0,sequence_47691,40.0,18.525300000000005
sequence_47681,44.0,sequence_47701,63.0,478.7849
sequence_47681,44.0,sequence_47706,77.0,347.4455
sequence_47681,44.0,sequence_47675,57.0,266.4858
sequence_47681,44.0,sequence_47698,56.0,6.642899999999999
sequence_47681,44.0,sequence_47688,90.0,188.4228
sequence_47681,44.0,sequence_47704,98.0,520.6935
sequence_47681,44.0,sequence_47708,111.0,389.3541
sequence_47681,44.0,sequence_47709,119.0,234.6335
sequence_47681,44.0,sequence_47677,103.0,234.6335
sequence_47681,44.0,sequence_47692,87.5,66.1833
sequence_47681,44.0,sequence_47703,95.0,371.7223
sequence_47681,44.0,sequence_47707,79.0,240.38289999999998
sequence_47681,44.0,sequence_47762,127.0,487.9318
sequence_47681,44.0,sequence_47765,118.0,630.9617999999999
sequence_47681,44.0,sequence_47767,105.0,443.2866
sequence_47681,44.0,sequence_47812,121.0,476.2412
sequence_47681,44.0,sequence_47761,120.0,481.99060000000003
sequence_47681,44.0,sequence_47764,118.0,497.5855
sequence_47681,44.0,sequence_47763,122.0,415.4805
sequence_47681,44.0,sequence_47699,62.0,54.3009
sequence_47681,44.0,sequence_47687,92.0,138.4518
sequence_47681,44.0,sequence_47693,64.0,197.5227
sequence_47681,44.0,sequence_47690,63.0,182.6734
sequence_47681,44.0,sequence_47712,49.0,60.054799999999986
sequence_47681,44.0,sequence_47714,51.0,142.15980000000002
sequence_47681,44.0,sequence_47725,57.0,87.86089999999999
sequence_47681,44.0,sequence_47669,32.0,319.0446
sequence_47681,44.0,sequence_47668,48.0,356.1554
sequence_47681,44.0,sequence_47670,97.0,256.0808
sequence_47681,44.0,sequence_47665,50.0,254.0439
sequence_47681,44.0,sequence_47661,52.0,244.39020000000002
sequence_47681,44.0,sequence_47667,86.0,419.4833
sequence_47681,44.0,sequence_47726,120.0,370.30100000000004
sequence_47681,44.0,sequence_47734,110.0,379.95470000000006
sequence_47681,44.0,sequence_47811,24.0,387.1940000000001
sequence_47681,44.0,sequence_47662,28.0,354.93910000000005
sequence_47681,44.0,sequence_47731,32.0,310.1318
sequence_47681,44.0,sequence_47733,25.0,210.05720000000002
sequence_47681,44.0,sequence_47732,30.0,326.5473
sequence_47681,44.0,sequence_47755,100.0,121.9589
sequence_47681,44.0,sequence_47746,94.0,263.1438
sequence_47681,44.0,sequence_47754,70.0,222.0335
sequence_47681,44.0,sequence_47753,74.0,119.922
sequence_47681,44.0,sequence_47740,158.0,182.0224
sequence_47681,44.0,sequence_47742,108.0,164.0593
sequence_47681,44.0,sequence_47715,101.0,137.7456
sequence_47681,44.0,sequence_47718,81.0,143.495
sequence_47681,44.0,sequence_47717,66.0,274.8344
sequence_47681,44.0,sequence_47720,80.0,403.01509999999996
sequence_47681,44.0,sequence_47716,84.0,215.76350000000002
sequence_47681,44.0,sequence_47719,66.0,386.5996
sequence_47681,44.0,sequence_47723,69.0,124.9717
sequence_47681,44.0,sequence_47722,75.0,131.6126
sequence_47681,44.0,sequence_47674,38.0,38.0043
sequence_47681,44.0,sequence_47676,56.0,85.66229999999999
sequence_47681,44.0,sequence_47711,57.0,91.41619999999999
sequence_47681,44.0,sequence_47739,35.0,152.1769
sequence_47681,44.0,sequence_47735,55.0,135.6378
sequence_47681,44.0,sequence_47793,16.0,196.7698
sequence_47681,44.0,sequence_47801,4.0,179.549
sequence_47681,44.0,sequence_47805,22.0,197.6633
sequence_47681,44.0,sequence_47802,4.0,173.7996
sequence_47681,44.0,sequence_47794,18.0,191.9139
sequence_47681,44.0,sequence_47728,12.0,140.65120000000002
sequence_47681,44.0,sequence_47808,4.0,179.00940000000003
sequence_47681,44.0,sequence_47792,12.0,230.68990000000002
sequence_47681,44.0,sequence_47791,4.0,144.7354
sequence_47681,44.0,sequence_47788,5.0,172.9061
sequence_47681,44.0,sequence_47729,34.0,192.68560000000002
sequence_47681,44.0,sequence_47809,10.0,231.04380000000003
sequence_47681,44.0,sequence_47737,27.0,193.03950000000003
sequence_47681,44.0,sequence_47810,5.57,161.6284
sequence_47681,44.0,sequence_47766,4.19,166.8444
sequence_47681,44.0,sequence_47736,19.0,141.0051
sequence_47696,47.0,sequence_47787,5.0,94.2688
sequence_47696,47.0,sequence_47684,23.0,6.642899999999999
sequence_47696,47.0,sequence_47789,10.0,136.1774
sequence_47696,47.0,sequence_47790,9.0,140.2533
sequence_47696,47.0,sequence_47781,12.0,185.49020000000002
sequence_47696,47.0,sequence_47777,11.0,179.549
sequence_47696,47.0,sequence_47779,11.0,179.549
sequence_47696,47.0,sequence_47784,21.0,222.4495
sequence_47696,47.0,sequence_47786,18.0,178.2279
sequence_47696,47.0,sequence_47782,17.0,178.2279
sequence_47696,47.0,sequence_47772,12.0,130.4861
sequence_47696,47.0,sequence_47795,7.0,184.44520000000003
sequence_47696,47.0,sequence_47776,9.0,273.5161
sequence_47696,47.0,sequence_47685,24.0,0.8934999999999995
sequence_47696,47.0,sequence_47679,44.0,91.9231
sequence_47696,47.0,sequence_47695,52.0,5.7494
sequence_47696,47.0,sequence_47710,43.0,42.8602
sequence_47696,47.0,sequence_47686,22.0,48.55149999999999
sequence_47696,47.0,sequence_47778,26.0,221.4576
sequence_47696,47.0,sequence_47780,23.0,221.4576
sequence_47696,47.0,sequence_47785,25.0,190.288
sequence_47696,47.0,sequence_47803,12.0,135.2839
sequence_47696,47.0,sequence_47663,36.0,207.0876
sequence_47696,47.0,sequence_47757,36.0,201.33820000000003
sequence_47696,47.0,sequence_47783,24.5,365.2533000000001
sequence_47696,47.0,sequence_47796,20.0,246.9762
sequence_47696,47.0,sequence_47750,25.0,109.3748
sequence_47696,47.0,sequence_47760,26.0,235.8657
sequence_47696,47.0,sequence_47773,19.0,172.3947
sequence_47696,47.0,sequence_47768,17.0,215.7663
sequence_47696,47.0,sequence_47771,18.0,146.5924
sequence_47696,47.0,sequence_47681,44.0,86.17370000000001
sequence_47696,47.0,sequence_47680,73.0,240.8943
sequence_47696,47.0,sequence_47673,65.5,128.1404
sequence_47696,47.0,sequence_47700,65.0,414.2004
sequence_47696,47.0,sequence_47689,52.0,133.9301
sequence_47696,47.0,sequence_47683,75.0,282.80289999999997
sequence_47696,47.0,sequence_47697,55.5,47.657999999999994
sequence_47696,47.0,sequence_47678,37.0,84.7688
sequence_47696,47.0,sequence_47682,53.0,133.83169999999998
sequence_47696,47.0,sequence_47724,48.0,167.3917
sequence_47696,47.0,sequence_47806,73.0,543.7348999999999
sequence_47696,47.0,sequence_47807,42.0,389.0143
sequence_47696,47.0,sequence_47804,23.0,214.8147
sequence_47696,47.0,sequence_47800,20.0,226.50529999999998
sequence_47696,47.0,sequence_47799,24.0,220.5641
sequence_47696,47.0,sequence_47664,32.0,201.33820000000003
sequence_47696,47.0,sequence_47666,69.0,386.33490000000006
sequence_47696,47.0,sequence_47671,36.0,280.4157
sequence_47696,47.0,sequence_47727,45.0,327.2490000000001
sequence_47696,47.0,sequence_47756,37.0,344.14200000000005
sequence_47696,47.0,sequence_47775,23.0,544.5006000000001
sequence_47696,47.0,sequence_47730,35.0,208.9719
sequence_47696,47.0,sequence_47758,22.0,225.8649
sequence_47696,47.0,sequence_47797,27.0,357.7169
sequence_47696,47.0,sequence_47798,23.0,273.2899
sequence_47696,47.0,sequence_47751,34.0,103.6254
sequence_47696,47.0,sequence_47741,102.0,194.655
sequence_47696,47.0,sequence_47743,63.0,343.6262
sequence_47696,47.0,sequence_47752,67.0,175.88940000000002
sequence_47696,47.0,sequence_47745,83.0,353.2799
sequence_47696,47.0,sequence_47747,72.0,364.16999999999996
sequence_47696,47.0,sequence_47748,79.0,380.5855
sequence_47696,47.0,sequence_47749,81.0,306.5154
sequence_47696,47.0,sequence_47744,69.0,330.61
sequence_47696,47.0,sequence_47721,40.0,124.96969999999999
sequence_47696,47.0,sequence_47759,36.0,125.8632
sequence_47696,47.0,sequence_47774,21.0,251.9255
sequence_47696,47.0,sequence_47770,25.0,393.62989999999996
sequence_47696,47.0,sequence_47713,51.0,215.9993
sequence_47696,47.0,sequence_47738,55.0,194.655
sequence_47696,47.0,sequence_47769,25.0,257.6749
sequence_47696,47.0,sequence_47702,69.0,408.451
sequence_47696,47.0,sequence_47672,76.0,92.1149
sequence_47696,47.0,sequence_47705,71.0,229.2037
sequence_47696,47.0,sequence_47694,51.0,165.14000000000001
sequence_47696,47.0,sequence_47691,40.0,79.5308
sequence_47696,47.0,sequence_47701,63.0,563.1716
sequence_47696,47.0,sequence_47706,77.0,431.83219999999994
sequence_47696,47.0,sequence_47675,57.0,350.8725
sequence_47696,47.0,sequence_47698,56.0,79.5308
sequence_47696,47.0,sequence_47688,90.0,181.5881
sequence_47696,47.0,sequence_47704,98.0,605.0801999999999
sequence_47696,47.0,sequence_47708,111.0,473.7407999999999
sequence_47696,47.0,sequence_47709,119.0,319.02019999999993
sequence_47696,47.0,sequence_47677,103.0,319.02019999999993
sequence_47696,47.0,sequence_47692,87.5,127.18879999999999
sequence_47696,47.0,sequence_47703,95.0,456.109
sequence_47696,47.0,sequence_47707,79.0,324.76959999999997
sequence_47696,47.0,sequence_47762,127.0,572.3185
sequence_47696,47.0,sequence_47765,118.0,715.3485000000001
sequence_47696,47.0,sequence_47767,105.0,527.6732999999999
sequence_47696,47.0,sequence_47812,121.0,560.6279
sequence_47696,47.0,sequence_47761,120.0,566.3773
sequence_47696,47.0,sequence_47764,118.0,581.9721999999999
sequence_47696,47.0,sequence_47763,122.0,499.86719999999997
sequence_47696,47.0,sequence_47699,62.0,127.18879999999999
sequence_47696,47.0,sequence_47687,92.0,131.6171
sequence_47696,47.0,sequence_47693,64.0,281.90939999999995
sequence_47696,47.0,sequence_47690,63.0,175.8387
sequence_47696,47.0,sequence_47712,49.0,132.94269999999997
sequence_47696,47.0,sequence_47714,51.0,215.0477
sequence_47696,47.0,sequence_47725,57.0,160.7488
sequence_47696,47.0,sequence_47669,32.0,312.2099
sequence_47696,47.0,sequence_47668,48.0,349.3207
sequence_47696,47.0,sequence_47670,97.0,249.2461
sequence_47696,47.0,sequence_47665,50.0,247.2092
sequence_47696,47.0,sequence_47661,52.0,237.5555
sequence_47696,47.0,sequence_47667,86.0,412.6486
sequence_47696,47.0,sequence_47726,120.0,363.46630000000005
sequence_47696,47.0,sequence_47734,110.0,373.12000000000006
sequence_47696,47.0,sequence_47811,24.0,382.14630000000005
sequence_47696,47.0,sequence_47662,28.0,349.8914000000001
sequence_47696,47.0,sequence_47731,32.0,303.2971
sequence_47696,47.0,sequence_47733,25.0,203.2225
sequence_47696,47.0,sequence_47732,30.0,319.71260000000007
sequence_47696,47.0,sequence_47755,100.0,171.4656
sequence_47696,47.0,sequence_47746,94.0,347.53049999999996
sequence_47696,47.0,sequence_47754,70.0,203.7
sequence_47696,47.0,sequence_47753,74.0,192.80989999999997
sequence_47696,47.0,sequence_47740,158.0,254.5267
sequence_47696,47.0,sequence_47742,108.0,236.5636
sequence_47696,47.0,sequence_47715,101.0,210.2499
sequence_47696,47.0,sequence_47718,81.0,204.5005
sequence_47696,47.0,sequence_47717,66.0,359.2211
sequence_47696,47.0,sequence_47720,80.0,396.18039999999996
sequence_47696,47.0,sequence_47716,84.0,208.9288
sequence_47696,47.0,sequence_47719,66.0,379.7648999999999
sequence_47696,47.0,sequence_47723,69.0,197.85959999999997
sequence_47696,47.0,sequence_47722,75.0,204.5005
sequence_47696,47.0,sequence_47674,38.0,122.391
sequence_47696,47.0,sequence_47676,56.0,170.04899999999998
sequence_47696,47.0,sequence_47711,57.0,175.8029
sequence_47696,47.0,sequence_47739,35.0,236.5636
sequence_47696,47.0,sequence_47735,55.0,220.0245
sequence_47696,47.0,sequence_47793,16.0,180.2233
sequence_47696,47.0,sequence_47801,4.0,93.3753
sequence_47696,47.0,sequence_47805,22.0,179.3298
sequence_47696,47.0,sequence_47802,4.0,87.6259
sequence_47696,47.0,sequence_47794,18.0,175.36740000000003
sequence_47696,47.0,sequence_47728,12.0,56.264500000000005
sequence_47696,47.0,sequence_47808,4.0,94.6227
sequence_47696,47.0,sequence_47792,12.0,146.3032
sequence_47696,47.0,sequence_47791,4.0,128.1889
sequence_47696,47.0,sequence_47788,5.0,88.5194
sequence_47696,47.0,sequence_47729,34.0,108.2989
sequence_47696,47.0,sequence_47809,10.0,146.6571
sequence_47696,47.0,sequence_47737,27.0,108.65280000000001
sequence_47696,47.0,sequence_47810,5.57,77.2417
sequence_47696,47.0,sequence_47766,4.19,82.4577
sequence_47696,47.0,sequence_47736,19.0,56.6184
sequence_47680,73.0,sequence_47787,5.0,321.8773
sequence_47680,73.0,sequence_47684,23.0,234.25140000000002
sequence_47680,73.0,sequence_47789,10.0,332.5961
sequence_47680,73.0,sequence_47790,9.0,379.3606
sequence_47680,73.0,sequence_47781,12.0,242.53830000000002
sequence_47680,73.0,sequence_47777,11.0,236.5971
sequence_47680,73.0,sequence_47779,11.0,248.47950000000003
sequence_47680,73.0,sequence_47784,21.0,370.719
sequence_47680,73.0,sequence_47786,18.0,314.615
sequence_47680,73.0,sequence_47782,17.0,326.4974
sequence_47680,73.0,sequence_47772,12.0,359.88160000000005
sequence_47680,73.0,sequence_47795,7.0,412.05370000000005
sequence_47680,73.0,sequence_47776,9.0,502.9116
sequence_47680,73.0,sequence_47685,24.0,240.0008
sequence_47680,73.0,sequence_47679,44.0,148.9712
sequence_47680,73.0,sequence_47695,52.0,235.1449
sequence_47680,73.0,sequence_47710,43.0,272.25570000000005
sequence_47680,73.0,sequence_47686,22.0,244.97019999999998
sequence_47680,73.0,sequence_47778,26.0,247.3159
sequence_47680,73.0,sequence_47780,23.0,259.1983
sequence_47680,73.0,sequence_47785,25.0,290.36789999999996
sequence_47680,73.0,sequence_47803,12.0,333.4896
sequence_47680,73.0,sequence_47663,36.0,355.3571
sequence_47680,73.0,sequence_47757,36.0,349.6077
sequence_47680,73.0,sequence_47783,24.5,525.0216
sequence_47680,73.0,sequence_47796,20.0,397.0327
sequence_47680,73.0,sequence_47750,25.0,338.7703
sequence_47680,73.0,sequence_47760,26.0,465.26120000000003
sequence_47680,73.0,sequence_47773,19.0,370.6004
sequence_47680,73.0,sequence_47768,17.0,274.6014
sequence_47680,73.0,sequence_47771,18.0,343.7753
sequence_47680,73.0,sequence_47681,44.0,154.7206
sequence_47680,73.0,sequence_47696,47.0,240.8943
sequence_47680,73.0,sequence_47673,65.5,186.9755
sequence_47680,73.0,sequence_47700,65.0,473.0355
sequence_47680,73.0,sequence_47689,52.0,283.9866
sequence_47680,73.0,sequence_47683,75.0,308.6612
sequence_47680,73.0,sequence_47697,55.5,245.86369999999997
sequence_47680,73.0,sequence_47678,37.0,282.9745
sequence_47680,73.0,sequence_47682,53.0,159.69
sequence_47680,73.0,sequence_47724,48.0,193.25
sequence_47680,73.0,sequence_47806,73.0,571.3802000000001
sequence_47680,73.0,sequence_47807,42.0,416.6596
sequence_47680,73.0,sequence_47804,23.0,253.9588
sequence_47680,73.0,sequence_47800,20.0,254.1506
sequence_47680,73.0,sequence_47799,24.0,260.0918
sequence_47680,73.0,sequence_47664,32.0,361.1065
sequence_47680,73.0,sequence_47666,69.0,536.3914
sequence_47680,73.0,sequence_47671,36.0,430.4722
sequence_47680,73.0,sequence_47727,45.0,487.0173
sequence_47680,73.0,sequence_47756,37.0,503.9103
sequence_47680,73.0,sequence_47775,23.0,706.0559000000001
sequence_47680,73.0,sequence_47730,35.0,359.0284
sequence_47680,73.0,sequence_47758,22.0,375.9214
sequence_47680,73.0,sequence_47797,27.0,519.2722
sequence_47680,73.0,sequence_47798,23.0,423.3464
sequence_47680,73.0,sequence_47751,34.0,344.5197
sequence_47680,73.0,sequence_47741,102.0,265.37250000000006
sequence_47680,73.0,sequence_47743,63.0,402.46130000000005
sequence_47680,73.0,sequence_47752,67.0,337.4447
sequence_47680,73.0,sequence_47745,83.0,412.115
sequence_47680,73.0,sequence_47747,72.0,514.2265
sequence_47680,73.0,sequence_47748,79.0,530.642
sequence_47680,73.0,sequence_47749,81.0,439.5721
sequence_47680,73.0,sequence_47744,69.0,480.66650000000004
sequence_47680,73.0,sequence_47721,40.0,323.17539999999997
sequence_47680,73.0,sequence_47759,36.0,324.0689
sequence_47680,73.0,sequence_47774,21.0,291.0696
sequence_47680,73.0,sequence_47770,25.0,512.4966
sequence_47680,73.0,sequence_47713,51.0,274.8344
sequence_47680,73.0,sequence_47738,55.0,253.4901
sequence_47680,73.0,sequence_47769,25.0,285.3202
sequence_47680,73.0,sequence_47702,69.0,478.7849
sequence_47680,73.0,sequence_47672,76.0,160.6618
sequence_47680,73.0,sequence_47705,71.0,297.75059999999996
sequence_47680,73.0,sequence_47694,51.0,406.03430000000003
sequence_47680,73.0,sequence_47691,40.0,173.24589999999998
sequence_47680,73.0,sequence_47701,63.0,324.0643
sequence_47680,73.0,sequence_47706,77.0,192.7249
sequence_47680,73.0,sequence_47675,57.0,111.7652
sequence_47680,73.0,sequence_47698,56.0,161.3635
sequence_47680,73.0,sequence_47688,90.0,331.6446
sequence_47680,73.0,sequence_47704,98.0,632.7255
sequence_47680,73.0,sequence_47708,111.0,501.3861
sequence_47680,73.0,sequence_47709,119.0,346.6655
sequence_47680,73.0,sequence_47677,103.0,346.6655
sequence_47680,73.0,sequence_47692,87.5,178.21529999999996
sequence_47680,73.0,sequence_47703,95.0,483.7543
sequence_47680,73.0,sequence_47707,79.0,352.4149
sequence_47680,73.0,sequence_47762,127.0,599.9638
sequence_47680,73.0,sequence_47765,118.0,742.9938
sequence_47680,73.0,sequence_47767,105.0,555.3186000000001
sequence_47680,73.0,sequence_47812,121.0,588.2732
sequence_47680,73.0,sequence_47761,120.0,594.0226
sequence_47680,73.0,sequence_47764,118.0,609.6175000000001
sequence_47680,73.0,sequence_47763,122.0,527.5125
sequence_47680,73.0,sequence_47699,62.0,166.33289999999997
sequence_47680,73.0,sequence_47687,92.0,250.48379999999997
sequence_47680,73.0,sequence_47693,64.0,309.5547
sequence_47680,73.0,sequence_47690,63.0,294.70540000000005
sequence_47680,73.0,sequence_47712,49.0,172.08679999999998
sequence_47680,73.0,sequence_47714,51.0,254.1918
sequence_47680,73.0,sequence_47725,57.0,199.89289999999997
sequence_47680,73.0,sequence_47669,32.0,473.76519999999994
sequence_47680,73.0,sequence_47668,48.0,510.876
sequence_47680,73.0,sequence_47670,97.0,410.8014
sequence_47680,73.0,sequence_47665,50.0,408.7645
sequence_47680,73.0,sequence_47661,52.0,399.1108
sequence_47680,73.0,sequence_47667,86.0,562.7051
sequence_47680,73.0,sequence_47726,120.0,525.0216
sequence_47680,73.0,sequence_47734,110.0,534.6753
sequence_47680,73.0,sequence_47811,24.0,541.9146
sequence_47680,73.0,sequence_47662,28.0,509.6597
sequence_47680,73.0,sequence_47731,32.0,464.8524
sequence_47680,73.0,sequence_47733,25.0,364.77779999999996
sequence_47680,73.0,sequence_47732,30.0,481.26789999999994
sequence_47680,73.0,sequence_47755,100.0,276.67949999999996
sequence_47680,73.0,sequence_47746,94.0,417.86440000000005
sequence_47680,73.0,sequence_47754,70.0,376.7541
sequence_47680,73.0,sequence_47753,74.0,274.6426
sequence_47680,73.0,sequence_47740,158.0,336.743
sequence_47680,73.0,sequence_47742,108.0,276.0913
sequence_47680,73.0,sequence_47715,101.0,249.7776
sequence_47680,73.0,sequence_47718,81.0,255.527
sequence_47680,73.0,sequence_47717,66.0,386.8664
sequence_47680,73.0,sequence_47720,80.0,515.0471
sequence_47680,73.0,sequence_47716,84.0,327.7955
sequence_47680,73.0,sequence_47719,66.0,498.63159999999993
sequence_47680,73.0,sequence_47723,69.0,237.00369999999998
sequence_47680,73.0,sequence_47722,75.0,243.64459999999997
sequence_47680,73.0,sequence_47674,38.0,192.7249
sequence_47680,73.0,sequence_47676,56.0,197.6943
sequence_47680,73.0,sequence_47711,57.0,203.44819999999999
sequence_47680,73.0,sequence_47739,35.0,264.20889999999997
sequence_47680,73.0,sequence_47735,55.0,247.6698
sequence_47680,73.0,sequence_47793,16.0,339.9916
sequence_47680,73.0,sequence_47801,4.0,322.7708
sequence_47680,73.0,sequence_47805,22.0,340.8851
sequence_47680,73.0,sequence_47802,4.0,328.5202
sequence_47680,73.0,sequence_47794,18.0,346.6345
sequence_47680,73.0,sequence_47728,12.0,283.87300000000005
sequence_47680,73.0,sequence_47808,4.0,322.23120000000006
sequence_47680,73.0,sequence_47792,12.0,373.9117
sequence_47680,73.0,sequence_47791,4.0,287.9572
sequence_47680,73.0,sequence_47788,5.0,327.6267
sequence_47680,73.0,sequence_47729,34.0,335.9074
sequence_47680,73.0,sequence_47809,10.0,374.2656
sequence_47680,73.0,sequence_47737,27.0,336.2613
sequence_47680,73.0,sequence_47810,5.57,304.85020000000003
sequence_47680,73.0,sequence_47766,4.19,310.06620000000004
sequence_47680,73.0,sequence_47736,19.0,284.2269
sequence_47673,65.5,sequence_47787,5.0,210.9104
sequence_47673,65.5,sequence_47684,23.0,123.28450000000001
sequence_47673,65.5,sequence_47789,10.0,252.81900000000002
sequence_47673,65.5,sequence_47790,9.0,268.39369999999997
sequence_47673,65.5,sequence_47781,12.0,131.5714
sequence_47673,65.5,sequence_47777,11.0,125.6302
sequence_47673,65.5,sequence_47779,11.0,137.51260000000002
sequence_47673,65.5,sequence_47784,21.0,259.75210000000004
sequence_47673,65.5,sequence_47786,18.0,203.6481
sequence_47673,65.5,sequence_47782,17.0,215.53050000000002
sequence_47673,65.5,sequence_47772,12.0,172.9061
sequence_47673,65.5,sequence_47795,7.0,301.08680000000004
sequence_47673,65.5,sequence_47776,9.0,315.9361
sequence_47673,65.5,sequence_47685,24.0,129.03390000000002
sequence_47673,65.5,sequence_47679,44.0,38.0043
sequence_47673,65.5,sequence_47695,52.0,122.391
sequence_47673,65.5,sequence_47710,43.0,159.5018
sequence_47673,65.5,sequence_47686,22.0,165.19310000000002
sequence_47673,65.5,sequence_47778,26.0,167.53879999999998
sequence_47673,65.5,sequence_47780,23.0,179.4212
sequence_47673,65.5,sequence_47785,25.0,210.5908
sequence_47673,65.5,sequence_47803,12.0,251.9255
sequence_47673,65.5,sequence_47663,36.0,244.39020000000002
sequence_47673,65.5,sequence_47757,36.0,238.6408
sequence_47673,65.5,sequence_47783,24.5,414.0547
sequence_47673,65.5,sequence_47796,20.0,233.4384
sequence_47673,65.5,sequence_47750,25.0,151.7948
sequence_47673,65.5,sequence_47760,26.0,278.2857
sequence_47673,65.5,sequence_47773,19.0,214.81470000000002
sequence_47673,65.5,sequence_47768,17.0,87.6259
sequence_47673,65.5,sequence_47771,18.0,156.7998
sequence_47673,65.5,sequence_47681,44.0,43.7537
sequence_47673,65.5,sequence_47696,47.0,128.1404
sequence_47673,65.5,sequence_47680,73.0,186.9755
sequence_47673,65.5,sequence_47700,65.0,286.06
sequence_47673,65.5,sequence_47689,52.0,171.23270000000002
sequence_47673,65.5,sequence_47683,75.0,228.8841
sequence_47673,65.5,sequence_47697,55.5,164.2996
sequence_47673,65.5,sequence_47678,37.0,127.1888
sequence_47673,65.5,sequence_47682,53.0,79.9129
sequence_47673,65.5,sequence_47724,48.0,113.4729
sequence_47673,65.5,sequence_47806,73.0,415.5945
sequence_47673,65.5,sequence_47807,42.0,284.25509999999997
sequence_47673,65.5,sequence_47804,23.0,172.3947
sequence_47673,65.5,sequence_47800,20.0,172.5865
sequence_47673,65.5,sequence_47799,24.0,178.52769999999998
sequence_47673,65.5,sequence_47664,32.0,250.13960000000003
sequence_47673,65.5,sequence_47666,69.0,349.4159
sequence_47673,65.5,sequence_47671,36.0,243.49670000000003
sequence_47673,65.5,sequence_47727,45.0,376.0504
sequence_47673,65.5,sequence_47756,37.0,392.9434
sequence_47673,65.5,sequence_47775,23.0,519.0804
sequence_47673,65.5,sequence_47730,35.0,195.4341
sequence_47673,65.5,sequence_47758,22.0,212.32710000000003
sequence_47673,65.5,sequence_47797,27.0,355.6779
sequence_47673,65.5,sequence_47798,23.0,259.7521
sequence_47673,65.5,sequence_47751,34.0,157.5442
sequence_47673,65.5,sequence_47741,102.0,78.397
sequence_47673,65.5,sequence_47743,63.0,215.4858
sequence_47673,65.5,sequence_47752,67.0,150.4692
sequence_47673,65.5,sequence_47745,83.0,225.1395
sequence_47673,65.5,sequence_47747,72.0,327.251
sequence_47673,65.5,sequence_47748,79.0,343.66650000000004
sequence_47673,65.5,sequence_47749,81.0,252.5966
sequence_47673,65.5,sequence_47744,69.0,293.69100000000003
sequence_47673,65.5,sequence_47721,40.0,167.3897
sequence_47673,65.5,sequence_47759,36.0,168.28320000000002
sequence_47673,65.5,sequence_47774,21.0,135.28390000000002
sequence_47673,65.5,sequence_47770,25.0,356.7109
sequence_47673,65.5,sequence_47713,51.0,87.8589
sequence_47673,65.5,sequence_47738,55.0,66.5146
sequence_47673,65.5,sequence_47769,25.0,129.53449999999998
sequence_47673,65.5,sequence_47702,69.0,291.8094
sequence_47673,65.5,sequence_47672,76.0,49.694900000000004
sequence_47673,65.5,sequence_47705,71.0,186.7837
sequence_47673,65.5,sequence_47694,51.0,293.2804
sequence_47673,65.5,sequence_47691,40.0,60.492000000000004
sequence_47673,65.5,sequence_47701,63.0,435.0312
sequence_47673,65.5,sequence_47706,77.0,303.6918
sequence_47673,65.5,sequence_47675,57.0,222.7321
sequence_47673,65.5,sequence_47698,56.0,48.6096
sequence_47673,65.5,sequence_47688,90.0,218.89069999999998
sequence_47673,65.5,sequence_47704,98.0,476.9398
sequence_47673,65.5,sequence_47708,111.0,345.6004
sequence_47673,65.5,sequence_47709,119.0,214.261
sequence_47673,65.5,sequence_47677,103.0,190.8798
sequence_47673,65.5,sequence_47692,87.5,96.65119999999999
sequence_47673,65.5,sequence_47703,95.0,327.9686
sequence_47673,65.5,sequence_47707,79.0,196.62919999999997
sequence_47673,65.5,sequence_47762,127.0,444.17810000000003
sequence_47673,65.5,sequence_47765,118.0,587.2081000000001
sequence_47673,65.5,sequence_47767,105.0,399.5329
sequence_47673,65.5,sequence_47812,121.0,432.4875
sequence_47673,65.5,sequence_47761,120.0,438.2369
sequence_47673,65.5,sequence_47764,118.0,453.8318
sequence_47673,65.5,sequence_47763,122.0,371.72679999999997
sequence_47673,65.5,sequence_47699,62.0,84.7688
sequence_47673,65.5,sequence_47687,92.0,168.91969999999998
sequence_47673,65.5,sequence_47693,64.0,227.99059999999997
sequence_47673,65.5,sequence_47690,63.0,213.1413
sequence_47673,65.5,sequence_47712,49.0,90.52269999999999
sequence_47673,65.5,sequence_47714,51.0,172.6277
sequence_47673,65.5,sequence_47725,57.0,118.32879999999999
sequence_47673,65.5,sequence_47669,32.0,361.0113
sequence_47673,65.5,sequence_47668,48.0,323.9005
sequence_47673,65.5,sequence_47670,97.0,223.82590000000005
sequence_47673,65.5,sequence_47665,50.0,221.78900000000004
sequence_47673,65.5,sequence_47661,52.0,212.13530000000003
sequence_47673,65.5,sequence_47667,86.0,375.7296
sequence_47673,65.5,sequence_47726,120.0,338.0461
sequence_47673,65.5,sequence_47734,110.0,347.69980000000004
sequence_47673,65.5,sequence_47811,24.0,430.94770000000005
sequence_47673,65.5,sequence_47662,28.0,398.69280000000003
sequence_47673,65.5,sequence_47731,32.0,301.2581
sequence_47673,65.5,sequence_47733,25.0,201.18350000000004
sequence_47673,65.5,sequence_47732,30.0,317.6736
sequence_47673,65.5,sequence_47755,100.0,89.70400000000001
sequence_47673,65.5,sequence_47746,94.0,230.8889
sequence_47673,65.5,sequence_47754,70.0,189.77859999999998
sequence_47673,65.5,sequence_47753,74.0,87.6671
sequence_47673,65.5,sequence_47740,158.0,149.7675
sequence_47673,65.5,sequence_47742,108.0,120.3056
sequence_47673,65.5,sequence_47715,101.0,93.9919
sequence_47673,65.5,sequence_47718,81.0,99.7413
sequence_47673,65.5,sequence_47717,66.0,231.08069999999998
sequence_47673,65.5,sequence_47720,80.0,359.2614
sequence_47673,65.5,sequence_47716,84.0,172.00979999999998
sequence_47673,65.5,sequence_47719,66.0,342.8459
sequence_47673,65.5,sequence_47723,69.0,81.21799999999999
sequence_47673,65.5,sequence_47722,75.0,87.8589
sequence_47673,65.5,sequence_47674,38.0,5.7494
sequence_47673,65.5,sequence_47676,56.0,41.90859999999999
sequence_47673,65.5,sequence_47711,57.0,47.66249999999999
sequence_47673,65.5,sequence_47739,35.0,108.4232
sequence_47673,65.5,sequence_47735,55.0,91.88409999999999
sequence_47673,65.5,sequence_47793,16.0,229.0247
sequence_47673,65.5,sequence_47801,4.0,210.01690000000002
sequence_47673,65.5,sequence_47805,22.0,228.1312
sequence_47673,65.5,sequence_47802,4.0,215.7663
sequence_47673,65.5,sequence_47794,18.0,235.6676
sequence_47673,65.5,sequence_47728,12.0,172.9061
sequence_47673,65.5,sequence_47808,4.0,211.26430000000002
sequence_47673,65.5,sequence_47792,12.0,262.9448
sequence_47673,65.5,sequence_47791,4.0,176.9903
sequence_47673,65.5,sequence_47788,5.0,216.65980000000002
sequence_47673,65.5,sequence_47729,34.0,224.94050000000001
sequence_47673,65.5,sequence_47809,10.0,263.29870000000005
sequence_47673,65.5,sequence_47737,27.0,225.29440000000002
sequence_47673,65.5,sequence_47810,5.57,193.88330000000002
sequence_47673,65.5,sequence_47766,4.19,199.09930000000003
sequence_47673,65.5,sequence_47736,19.0,173.26000000000002
sequence_47700,65.0,sequence_47787,5.0,496.97040000000004
sequence_47700,65.0,sequence_47684,23.0,409.34450000000004
sequence_47700,65.0,sequence_47789,10.0,538.879
sequence_47700,65.0,sequence_47790,9.0,554.4537
sequence_47700,65.0,sequence_47781,12.0,417.6314
sequence_47700,65.0,sequence_47777,11.0,411.6902
sequence_47700,65.0,sequence_47779,11.0,423.5726
sequence_47700,65.0,sequence_47784,21.0,545.8121
sequence_47700,65.0,sequence_47786,18.0,489.7081
sequence_47700,65.0,sequence_47782,17.0,501.5905
sequence_47700,65.0,sequence_47772,12.0,458.9661
sequence_47700,65.0,sequence_47795,7.0,587.1468
sequence_47700,65.0,sequence_47776,9.0,315.9361
sequence_47700,65.0,sequence_47685,24.0,415.0939
sequence_47700,65.0,sequence_47679,44.0,324.0643
sequence_47700,65.0,sequence_47695,52.0,408.451
sequence_47700,65.0,sequence_47710,43.0,445.56179999999995
sequence_47700,65.0,sequence_47686,22.0,451.2531
sequence_47700,65.0,sequence_47778,26.0,453.5988
sequence_47700,65.0,sequence_47780,23.0,465.4812
sequence_47700,65.0,sequence_47785,25.0,496.6508
sequence_47700,65.0,sequence_47803,12.0,537.9855
sequence_47700,65.0,sequence_47663,36.0,530.4502
sequence_47700,65.0,sequence_47757,36.0,524.7008
sequence_47700,65.0,sequence_47783,24.5,700.1147000000001
sequence_47700,65.0,sequence_47796,20.0,519.4984000000001
sequence_47700,65.0,sequence_47750,25.0,437.85480000000007
sequence_47700,65.0,sequence_47760,26.0,564.3457000000001
sequence_47700,65.0,sequence_47773,19.0,500.8747
sequence_47700,65.0,sequence_47768,17.0,373.6859
sequence_47700,65.0,sequence_47771,18.0,442.8598
sequence_47700,65.0,sequence_47681,44.0,329.8137
sequence_47700,65.0,sequence_47696,47.0,414.2004
sequence_47700,65.0,sequence_47680,73.0,473.0355
sequence_47700,65.0,sequence_47673,65.5,286.06
sequence_47700,65.0,sequence_47689,52.0,457.29269999999997
sequence_47700,65.0,sequence_47683,75.0,514.9440999999999
sequence_47700,65.0,sequence_47697,55.5,450.3596
sequence_47700,65.0,sequence_47678,37.0,413.2488
sequence_47700,65.0,sequence_47682,53.0,365.9729
sequence_47700,65.0,sequence_47724,48.0,399.5329
sequence_47700,65.0,sequence_47806,73.0,129.53449999999998
sequence_47700,65.0,sequence_47807,42.0,284.25509999999997
sequence_47700,65.0,sequence_47804,23.0,458.4547
sequence_47700,65.0,sequence_47800,20.0,458.6465
sequence_47700,65.0,sequence_47799,24.0,464.5877
sequence_47700,65.0,sequence_47664,32.0,536.1996
sequence_47700,65.0,sequence_47666,69.0,349.4159
sequence_47700,65.0,sequence_47671,36.0,529.5567
sequence_47700,65.0,sequence_47727,45.0,662.1104
sequence_47700,65.0,sequence_47756,37.0,679.0034
sequence_47700,65.0,sequence_47775,23.0,519.0804
sequence_47700,65.0,sequence_47730,35.0,481.4941
sequence_47700,65.0,sequence_47758,22.0,498.38710000000003
sequence_47700,65.0,sequence_47797,27.0,641.7379000000001
sequence_47700,65.0,sequence_47798,23.0,545.8121
sequence_47700,65.0,sequence_47751,34.0,443.60420000000005
sequence_47700,65.0,sequence_47741,102.0,364.45700000000005
sequence_47700,65.0,sequence_47743,63.0,501.54580000000004
sequence_47700,65.0,sequence_47752,67.0,436.52920000000006
sequence_47700,65.0,sequence_47745,83.0,511.19950000000006
sequence_47700,65.0,sequence_47747,72.0,613.311
sequence_47700,65.0,sequence_47748,79.0,629.7265
sequence_47700,65.0,sequence_47749,81.0,538.6566
sequence_47700,65.0,sequence_47744,69.0,579.751
sequence_47700,65.0,sequence_47721,40.0,453.4497
sequence_47700,65.0,sequence_47759,36.0,454.3432
sequence_47700,65.0,sequence_47774,21.0,421.3439
sequence_47700,65.0,sequence_47770,25.0,642.7709
sequence_47700,65.0,sequence_47713,51.0,373.9189
sequence_47700,65.0,sequence_47738,55.0,352.57460000000003
sequence_47700,65.0,sequence_47769,25.0,415.5945
sequence_47700,65.0,sequence_47702,69.0,5.7494
sequence_47700,65.0,sequence_47672,76.0,335.75489999999996
sequence_47700,65.0,sequence_47705,71.0,186.7837
sequence_47700,65.0,sequence_47694,51.0,579.3404
sequence_47700,65.0,sequence_47691,40.0,346.55199999999996
sequence_47700,65.0,sequence_47701,63.0,148.9712
sequence_47700,65.0,sequence_47706,77.0,303.6918
sequence_47700,65.0,sequence_47675,57.0,508.7921
sequence_47700,65.0,sequence_47698,56.0,334.6696
sequence_47700,65.0,sequence_47688,90.0,504.9507
sequence_47700,65.0,sequence_47704,98.0,190.8798
sequence_47700,65.0,sequence_47708,111.0,345.6004
sequence_47700,65.0,sequence_47709,119.0,500.32099999999997
sequence_47700,65.0,sequence_47677,103.0,476.9398
sequence_47700,65.0,sequence_47692,87.5,382.71119999999996
sequence_47700,65.0,sequence_47703,95.0,41.90859999999999
sequence_47700,65.0,sequence_47707,79.0,196.62919999999997
sequence_47700,65.0,sequence_47762,127.0,158.1181
sequence_47700,65.0,sequence_47765,118.0,301.1481
sequence_47700,65.0,sequence_47767,105.0,113.4729
sequence_47700,65.0,sequence_47812,121.0,146.4275
sequence_47700,65.0,sequence_47761,120.0,152.1769
sequence_47700,65.0,sequence_47764,118.0,167.77179999999998
sequence_47700,65.0,sequence_47763,122.0,85.6668
sequence_47700,65.0,sequence_47699,62.0,370.8288
sequence_47700,65.0,sequence_47687,92.0,454.9797
sequence_47700,65.0,sequence_47693,64.0,514.0506
sequence_47700,65.0,sequence_47690,63.0,499.20129999999995
sequence_47700,65.0,sequence_47712,49.0,376.5827
sequence_47700,65.0,sequence_47714,51.0,458.6877
sequence_47700,65.0,sequence_47725,57.0,404.3888
sequence_47700,65.0,sequence_47669,32.0,647.0713000000001
sequence_47700,65.0,sequence_47668,48.0,609.9605
sequence_47700,65.0,sequence_47670,97.0,509.8859
sequence_47700,65.0,sequence_47665,50.0,488.5416
sequence_47700,65.0,sequence_47661,52.0,498.19530000000003
sequence_47700,65.0,sequence_47667,86.0,375.7296
sequence_47700,65.0,sequence_47726,120.0,624.1061
sequence_47700,65.0,sequence_47734,110.0,614.4524
sequence_47700,65.0,sequence_47811,24.0,717.0077
sequence_47700,65.0,sequence_47662,28.0,684.7528
sequence_47700,65.0,sequence_47731,32.0,587.3181000000001
sequence_47700,65.0,sequence_47733,25.0,487.24350000000004
sequence_47700,65.0,sequence_47732,30.0,603.7336
sequence_47700,65.0,sequence_47755,100.0,375.764
sequence_47700,65.0,sequence_47746,94.0,516.9489000000001
sequence_47700,65.0,sequence_47754,70.0,475.83860000000004
sequence_47700,65.0,sequence_47753,74.0,373.7271
sequence_47700,65.0,sequence_47740,158.0,435.82750000000004
sequence_47700,65.0,sequence_47742,108.0,406.36560000000003
sequence_47700,65.0,sequence_47715,101.0,380.0519
sequence_47700,65.0,sequence_47718,81.0,385.80129999999997
sequence_47700,65.0,sequence_47717,66.0,517.1406999999999
sequence_47700,65.0,sequence_47720,80.0,645.3214
sequence_47700,65.0,sequence_47716,84.0,458.0698
sequence_47700,65.0,sequence_47719,66.0,628.9059
sequence_47700,65.0,sequence_47723,69.0,367.278
sequence_47700,65.0,sequence_47722,75.0,373.9189
sequence_47700,65.0,sequence_47674,38.0,291.8094
sequence_47700,65.0,sequence_47676,56.0,327.9686
sequence_47700,65.0,sequence_47711,57.0,333.72249999999997
sequence_47700,65.0,sequence_47739,35.0,394.4832
sequence_47700,65.0,sequence_47735,55.0,377.9441
sequence_47700,65.0,sequence_47793,16.0,515.0847
sequence_47700,65.0,sequence_47801,4.0,496.0769
sequence_47700,65.0,sequence_47805,22.0,514.1912
sequence_47700,65.0,sequence_47802,4.0,501.8263
sequence_47700,65.0,sequence_47794,18.0,521.7276
sequence_47700,65.0,sequence_47728,12.0,458.9661
sequence_47700,65.0,sequence_47808,4.0,497.3243
sequence_47700,65.0,sequence_47792,12.0,549.0048
sequence_47700,65.0,sequence_47791,4.0,463.0503
sequence_47700,65.0,sequence_47788,5.0,502.7198
sequence_47700,65.0,sequence_47729,34.0,511.0005
sequence_47700,65.0,sequence_47809,10.0,549.3587
sequence_47700,65.0,sequence_47737,27.0,511.35440000000006
sequence_47700,65.0,sequence_47810,5.57,479.9433
sequence_47700,65.0,sequence_47766,4.19,485.15930000000003
sequence_47700,65.0,sequence_47736,19.0,459.32000000000005
sequence_47689,52.0,sequence_47787,5.0,216.70010000000002
sequence_47689,52.0,sequence_47684,23.0,129.0742
sequence_47689,52.0,sequence_47789,10.0,258.6087
sequence_47689,52.0,sequence_47790,9.0,274.1834
sequence_47689,52.0,sequence_47781,12.0,216.70010000000002
sequence_47689,52.0,sequence_47777,11.0,222.6413
sequence_47689,52.0,sequence_47779,11.0,210.7589
sequence_47689,52.0,sequence_47784,21.0,88.5194
sequence_47689,52.0,sequence_47786,18.0,300.6592
sequence_47689,52.0,sequence_47782,17.0,132.741
sequence_47689,52.0,sequence_47772,12.0,252.9174
sequence_47689,52.0,sequence_47795,7.0,306.8765
sequence_47689,52.0,sequence_47776,9.0,395.9474
sequence_47689,52.0,sequence_47685,24.0,134.8236
sequence_47689,52.0,sequence_47679,44.0,135.0154
sequence_47689,52.0,sequence_47695,52.0,128.1807
sequence_47689,52.0,sequence_47710,43.0,165.29149999999998
sequence_47689,52.0,sequence_47686,22.0,170.98279999999997
sequence_47689,52.0,sequence_47778,26.0,264.5499
sequence_47689,52.0,sequence_47780,23.0,252.66750000000002
sequence_47689,52.0,sequence_47785,25.0,221.49790000000002
sequence_47689,52.0,sequence_47803,12.0,257.7152
sequence_47689,52.0,sequence_47663,36.0,73.15750000000001
sequence_47689,52.0,sequence_47757,36.0,67.4081
sequence_47689,52.0,sequence_47783,24.5,242.822
sequence_47689,52.0,sequence_47796,20.0,113.0461
sequence_47689,52.0,sequence_47750,25.0,231.80610000000001
sequence_47689,52.0,sequence_47760,26.0,358.297
sequence_47689,52.0,sequence_47773,19.0,294.82599999999996
sequence_47689,52.0,sequence_47768,17.0,258.8586
sequence_47689,52.0,sequence_47771,18.0,253.8109
sequence_47689,52.0,sequence_47681,44.0,140.7648
sequence_47689,52.0,sequence_47696,47.0,133.9301
sequence_47689,52.0,sequence_47680,73.0,283.9866
sequence_47689,52.0,sequence_47673,65.5,171.23270000000002
sequence_47689,52.0,sequence_47700,65.0,457.29269999999997
sequence_47689,52.0,sequence_47683,75.0,314.0128
sequence_47689,52.0,sequence_47697,55.5,170.08929999999998
sequence_47689,52.0,sequence_47678,37.0,207.20009999999996
sequence_47689,52.0,sequence_47682,53.0,176.92399999999998
sequence_47689,52.0,sequence_47724,48.0,210.48399999999998
sequence_47689,52.0,sequence_47806,73.0,586.8272
sequence_47689,52.0,sequence_47807,42.0,432.10659999999996
sequence_47689,52.0,sequence_47804,23.0,269.4058
sequence_47689,52.0,sequence_47800,20.0,257.7152
sequence_47689,52.0,sequence_47799,24.0,251.774
sequence_47689,52.0,sequence_47664,32.0,78.90690000000001
sequence_47689,52.0,sequence_47666,69.0,252.40480000000002
sequence_47689,52.0,sequence_47671,36.0,146.4856
sequence_47689,52.0,sequence_47727,45.0,204.8177
sequence_47689,52.0,sequence_47756,37.0,221.71070000000003
sequence_47689,52.0,sequence_47775,23.0,422.0693
sequence_47689,52.0,sequence_47730,35.0,75.0418
sequence_47689,52.0,sequence_47758,22.0,91.9348
sequence_47689,52.0,sequence_47797,27.0,235.2856
sequence_47689,52.0,sequence_47798,23.0,139.3598
sequence_47689,52.0,sequence_47751,34.0,237.5555
sequence_47689,52.0,sequence_47741,102.0,225.8649
sequence_47689,52.0,sequence_47743,63.0,374.8361
sequence_47689,52.0,sequence_47752,67.0,165.2915
sequence_47689,52.0,sequence_47745,83.0,384.48980000000006
sequence_47689,52.0,sequence_47747,72.0,263.0709
sequence_47689,52.0,sequence_47748,79.0,246.6554
sequence_47689,52.0,sequence_47749,81.0,337.7253
sequence_47689,52.0,sequence_47744,69.0,296.6309
sequence_47689,52.0,sequence_47721,40.0,247.40099999999998
sequence_47689,52.0,sequence_47759,36.0,248.29449999999997
sequence_47689,52.0,sequence_47774,21.0,306.5166
sequence_47689,52.0,sequence_47770,25.0,359.6508
sequence_47689,52.0,sequence_47713,51.0,259.0916
sequence_47689,52.0,sequence_47738,55.0,237.7473
sequence_47689,52.0,sequence_47769,25.0,300.7672
sequence_47689,52.0,sequence_47702,69.0,463.0421
sequence_47689,52.0,sequence_47672,76.0,146.70600000000002
sequence_47689,52.0,sequence_47705,71.0,283.7948
sequence_47689,52.0,sequence_47694,51.0,133.9301
sequence_47689,52.0,sequence_47691,40.0,122.2395
sequence_47689,52.0,sequence_47701,63.0,606.2638999999999
sequence_47689,52.0,sequence_47706,77.0,474.92449999999997
sequence_47689,52.0,sequence_47675,57.0,393.9648
sequence_47689,52.0,sequence_47698,56.0,145.6207
sequence_47689,52.0,sequence_47688,90.0,47.658
sequence_47689,52.0,sequence_47704,98.0,636.2900999999999
sequence_47689,52.0,sequence_47708,111.0,504.9507
sequence_47689,52.0,sequence_47709,119.0,350.2301
sequence_47689,52.0,sequence_47677,103.0,350.2301
sequence_47689,52.0,sequence_47692,87.5,158.39870000000002
sequence_47689,52.0,sequence_47703,95.0,499.20129999999995
sequence_47689,52.0,sequence_47707,79.0,367.8619
sequence_47689,52.0,sequence_47762,127.0,615.4108
sequence_47689,52.0,sequence_47765,118.0,758.4408
sequence_47689,52.0,sequence_47767,105.0,570.7656
sequence_47689,52.0,sequence_47812,121.0,603.7202
sequence_47689,52.0,sequence_47761,120.0,609.4696
sequence_47689,52.0,sequence_47764,118.0,625.0645
sequence_47689,52.0,sequence_47763,122.0,542.9594999999999
sequence_47689,52.0,sequence_47699,62.0,181.7799
sequence_47689,52.0,sequence_47687,92.0,86.1302
sequence_47689,52.0,sequence_47693,64.0,313.1193
sequence_47689,52.0,sequence_47690,63.0,41.90859999999999
sequence_47689,52.0,sequence_47712,49.0,187.53379999999999
sequence_47689,52.0,sequence_47714,51.0,269.6388
sequence_47689,52.0,sequence_47725,57.0,215.3399
sequence_47689,52.0,sequence_47669,32.0,189.7786
sequence_47689,52.0,sequence_47668,48.0,226.8894
sequence_47689,52.0,sequence_47670,97.0,126.8148
sequence_47689,52.0,sequence_47665,50.0,124.7779
sequence_47689,52.0,sequence_47661,52.0,115.1242
sequence_47689,52.0,sequence_47667,86.0,278.7185
sequence_47689,52.0,sequence_47726,120.0,241.03500000000003
sequence_47689,52.0,sequence_47734,110.0,250.6887
sequence_47689,52.0,sequence_47811,24.0,259.71500000000003
sequence_47689,52.0,sequence_47662,28.0,227.4601
sequence_47689,52.0,sequence_47731,32.0,180.86579999999998
sequence_47689,52.0,sequence_47733,25.0,80.79119999999999
sequence_47689,52.0,sequence_47732,30.0,197.2813
sequence_47689,52.0,sequence_47755,100.0,237.5555
sequence_47689,52.0,sequence_47746,94.0,390.23920000000004
sequence_47689,52.0,sequence_47754,70.0,137.48090000000002
sequence_47689,52.0,sequence_47753,74.0,258.8998
sequence_47689,52.0,sequence_47740,158.0,297.2354
sequence_47689,52.0,sequence_47742,108.0,267.7735
sequence_47689,52.0,sequence_47715,101.0,241.4598
sequence_47689,52.0,sequence_47718,81.0,235.71040000000002
sequence_47689,52.0,sequence_47717,66.0,390.4309999999999
sequence_47689,52.0,sequence_47720,80.0,262.25030000000004
sequence_47689,52.0,sequence_47716,84.0,163.4419
sequence_47689,52.0,sequence_47719,66.0,278.6658
sequence_47689,52.0,sequence_47723,69.0,252.45069999999998
sequence_47689,52.0,sequence_47722,75.0,259.09159999999997
sequence_47689,52.0,sequence_47674,38.0,176.9821
sequence_47689,52.0,sequence_47676,56.0,213.1413
sequence_47689,52.0,sequence_47711,57.0,218.8952
sequence_47689,52.0,sequence_47739,35.0,279.6559
sequence_47689,52.0,sequence_47735,55.0,263.1168
sequence_47689,52.0,sequence_47793,16.0,302.6546
sequence_47689,52.0,sequence_47801,4.0,215.8066
sequence_47689,52.0,sequence_47805,22.0,301.76110000000006
sequence_47689,52.0,sequence_47802,4.0,221.556
sequence_47689,52.0,sequence_47794,18.0,309.2975
sequence_47689,52.0,sequence_47728,12.0,178.69580000000002
sequence_47689,52.0,sequence_47808,4.0,217.054
sequence_47689,52.0,sequence_47792,12.0,268.7345
sequence_47689,52.0,sequence_47791,4.0,250.6202
sequence_47689,52.0,sequence_47788,5.0,222.4495
sequence_47689,52.0,sequence_47729,34.0,230.73020000000002
sequence_47689,52.0,sequence_47809,10.0,269.0884
sequence_47689,52.0,sequence_47737,27.0,231.0841
sequence_47689,52.0,sequence_47810,5.57,199.673
sequence_47689,52.0,sequence_47766,4.19,204.889
sequence_47689,52.0,sequence_47736,19.0,179.0497
sequence_47683,75.0,sequence_47787,5.0,363.78589999999997
sequence_47683,75.0,sequence_47684,23.0,276.15999999999997
sequence_47683,75.0,sequence_47789,10.0,321.8773
sequence_47683,75.0,sequence_47790,9.0,368.6418
sequence_47683,75.0,sequence_47781,12.0,272.5645
sequence_47683,75.0,sequence_47777,11.0,278.5057
sequence_47683,75.0,sequence_47779,11.0,278.50570000000005
sequence_47683,75.0,sequence_47784,21.0,400.7452
sequence_47683,75.0,sequence_47786,18.0,356.5236
sequence_47683,75.0,sequence_47782,17.0,356.5236
sequence_47683,75.0,sequence_47772,12.0,401.79019999999997
sequence_47683,75.0,sequence_47795,7.0,453.96229999999997
sequence_47683,75.0,sequence_47776,9.0,544.8202
sequence_47683,75.0,sequence_47685,24.0,281.90939999999995
sequence_47683,75.0,sequence_47679,44.0,190.8798
sequence_47683,75.0,sequence_47695,52.0,277.0535
sequence_47683,75.0,sequence_47710,43.0,314.16429999999997
sequence_47683,75.0,sequence_47686,22.0,234.2514
sequence_47683,75.0,sequence_47778,26.0,236.5971
sequence_47683,75.0,sequence_47780,23.0,236.5971
sequence_47683,75.0,sequence_47785,25.0,267.7667
sequence_47683,75.0,sequence_47803,12.0,322.7708
sequence_47683,75.0,sequence_47663,36.0,385.3833
sequence_47683,75.0,sequence_47757,36.0,379.63390000000004
sequence_47683,75.0,sequence_47783,24.5,502.42040000000003
sequence_47683,75.0,sequence_47796,20.0,427.0589
sequence_47683,75.0,sequence_47750,25.0,380.6789
sequence_47683,75.0,sequence_47760,26.0,507.1698
sequence_47683,75.0,sequence_47773,19.0,359.8816
sequence_47683,75.0,sequence_47768,17.0,316.51
sequence_47683,75.0,sequence_47771,18.0,385.6839
sequence_47683,75.0,sequence_47681,44.0,196.6292
sequence_47683,75.0,sequence_47696,47.0,282.80289999999997
sequence_47683,75.0,sequence_47680,73.0,308.6612
sequence_47683,75.0,sequence_47673,65.5,228.8841
sequence_47683,75.0,sequence_47700,65.0,514.9440999999999
sequence_47683,75.0,sequence_47689,52.0,314.0128
sequence_47683,75.0,sequence_47697,55.5,235.14489999999998
sequence_47683,75.0,sequence_47678,37.0,272.2557
sequence_47683,75.0,sequence_47682,53.0,148.9712
sequence_47683,75.0,sequence_47724,48.0,182.5312
sequence_47683,75.0,sequence_47806,73.0,560.6614
sequence_47683,75.0,sequence_47807,42.0,405.9408
sequence_47683,75.0,sequence_47804,23.0,243.24
sequence_47683,75.0,sequence_47800,20.0,231.5494
sequence_47683,75.0,sequence_47799,24.0,237.49060000000003
sequence_47683,75.0,sequence_47664,32.0,391.1327
sequence_47683,75.0,sequence_47666,69.0,566.4176
sequence_47683,75.0,sequence_47671,36.0,460.4984
sequence_47683,75.0,sequence_47727,45.0,464.41610000000003
sequence_47683,75.0,sequence_47756,37.0,481.30910000000006
sequence_47683,75.0,sequence_47775,23.0,683.4547
sequence_47683,75.0,sequence_47730,35.0,389.0546
sequence_47683,75.0,sequence_47758,22.0,405.9476
sequence_47683,75.0,sequence_47797,27.0,549.2984
sequence_47683,75.0,sequence_47798,23.0,400.7452
sequence_47683,75.0,sequence_47751,34.0,386.4282999999999
sequence_47683,75.0,sequence_47741,102.0,295.3987
sequence_47683,75.0,sequence_47743,63.0,432.48750000000007
sequence_47683,75.0,sequence_47752,67.0,379.3533
sequence_47683,75.0,sequence_47745,83.0,156.0812
sequence_47683,75.0,sequence_47747,72.0,258.19269999999995
sequence_47683,75.0,sequence_47748,79.0,274.6082
sequence_47683,75.0,sequence_47749,81.0,183.5383
sequence_47683,75.0,sequence_47744,69.0,224.6327
sequence_47683,75.0,sequence_47721,40.0,312.4566
sequence_47683,75.0,sequence_47759,36.0,313.3501
sequence_47683,75.0,sequence_47774,21.0,280.3508
sequence_47683,75.0,sequence_47770,25.0,203.8354
sequence_47683,75.0,sequence_47713,51.0,316.743
sequence_47683,75.0,sequence_47738,55.0,295.39869999999996
sequence_47683,75.0,sequence_47769,25.0,274.6014
sequence_47683,75.0,sequence_47702,69.0,520.6935
sequence_47683,75.0,sequence_47672,76.0,202.5704
sequence_47683,75.0,sequence_47705,71.0,339.6592
sequence_47683,75.0,sequence_47694,51.0,447.9429
sequence_47683,75.0,sequence_47691,40.0,203.2721
sequence_47683,75.0,sequence_47701,63.0,632.7255
sequence_47683,75.0,sequence_47706,77.0,501.3861
sequence_47683,75.0,sequence_47675,57.0,420.4264
sequence_47683,75.0,sequence_47698,56.0,203.27209999999997
sequence_47683,75.0,sequence_47688,90.0,309.0434
sequence_47683,75.0,sequence_47704,98.0,324.0643
sequence_47683,75.0,sequence_47708,111.0,192.7249
sequence_47683,75.0,sequence_47709,119.0,38.0043
sequence_47683,75.0,sequence_47677,103.0,38.0043
sequence_47683,75.0,sequence_47692,87.5,155.61409999999998
sequence_47683,75.0,sequence_47703,95.0,473.0355
sequence_47683,75.0,sequence_47707,79.0,341.6961
sequence_47683,75.0,sequence_47762,127.0,589.245
sequence_47683,75.0,sequence_47765,118.0,732.2749999999999
sequence_47683,75.0,sequence_47767,105.0,544.5998
sequence_47683,75.0,sequence_47812,121.0,577.5544
sequence_47683,75.0,sequence_47761,120.0,583.3038
sequence_47683,75.0,sequence_47764,118.0,598.8987
sequence_47683,75.0,sequence_47763,122.0,516.7937
sequence_47683,75.0,sequence_47699,62.0,155.61409999999998
sequence_47683,75.0,sequence_47687,92.0,227.8826
sequence_47683,75.0,sequence_47693,64.0,0.8934999999999995
sequence_47683,75.0,sequence_47690,63.0,272.1042
sequence_47683,75.0,sequence_47712,49.0,161.368
sequence_47683,75.0,sequence_47714,51.0,243.473
sequence_47683,75.0,sequence_47725,57.0,189.17409999999998
sequence_47683,75.0,sequence_47669,32.0,503.79139999999995
sequence_47683,75.0,sequence_47668,48.0,540.9022
sequence_47683,75.0,sequence_47670,97.0,440.8276
sequence_47683,75.0,sequence_47665,50.0,438.7907
sequence_47683,75.0,sequence_47661,52.0,429.137
sequence_47683,75.0,sequence_47667,86.0,540.1039000000001
sequence_47683,75.0,sequence_47726,120.0,502.42040000000003
sequence_47683,75.0,sequence_47734,110.0,512.0741
sequence_47683,75.0,sequence_47811,24.0,519.3134
sequence_47683,75.0,sequence_47662,28.0,487.05850000000004
sequence_47683,75.0,sequence_47731,32.0,494.8786
sequence_47683,75.0,sequence_47733,25.0,394.804
sequence_47683,75.0,sequence_47732,30.0,511.2941
sequence_47683,75.0,sequence_47755,100.0,318.58809999999994
sequence_47683,75.0,sequence_47746,94.0,161.8306
sequence_47683,75.0,sequence_47754,70.0,418.6627
sequence_47683,75.0,sequence_47753,74.0,316.5512
sequence_47683,75.0,sequence_47740,158.0,366.76919999999996
sequence_47683,75.0,sequence_47742,108.0,253.4901
sequence_47683,75.0,sequence_47715,101.0,227.1764
sequence_47683,75.0,sequence_47718,81.0,232.92579999999998
sequence_47683,75.0,sequence_47717,66.0,364.2652
sequence_47683,75.0,sequence_47720,80.0,206.3859
sequence_47683,75.0,sequence_47716,84.0,305.1943
sequence_47683,75.0,sequence_47719,66.0,189.97039999999998
sequence_47683,75.0,sequence_47723,69.0,226.2849
sequence_47683,75.0,sequence_47722,75.0,232.92579999999998
sequence_47683,75.0,sequence_47674,38.0,234.6335
sequence_47683,75.0,sequence_47676,56.0,186.9755
sequence_47683,75.0,sequence_47711,57.0,192.7294
sequence_47683,75.0,sequence_47739,35.0,253.4901
sequence_47683,75.0,sequence_47735,55.0,236.95100000000002
sequence_47683,75.0,sequence_47793,16.0,381.9002
sequence_47683,75.0,sequence_47801,4.0,364.6794
sequence_47683,75.0,sequence_47805,22.0,382.7937
sequence_47683,75.0,sequence_47802,4.0,370.42879999999997
sequence_47683,75.0,sequence_47794,18.0,386.7561
sequence_47683,75.0,sequence_47728,12.0,325.78159999999997
sequence_47683,75.0,sequence_47808,4.0,364.1398
sequence_47683,75.0,sequence_47792,12.0,415.8203
sequence_47683,75.0,sequence_47791,4.0,329.8658
sequence_47683,75.0,sequence_47788,5.0,369.53529999999995
sequence_47683,75.0,sequence_47729,34.0,377.816
sequence_47683,75.0,sequence_47809,10.0,416.1742
sequence_47683,75.0,sequence_47737,27.0,378.1699
sequence_47683,75.0,sequence_47810,5.57,346.75879999999995
sequence_47683,75.0,sequence_47766,4.19,351.97479999999996
sequence_47683,75.0,sequence_47736,19.0,326.1355
sequence_47697,55.5,sequence_47787,5.0,130.428
sequence_47697,55.5,sequence_47684,23.0,42.802099999999996
sequence_47697,55.5,sequence_47789,10.0,88.5194
sequence_47697,55.5,sequence_47790,9.0,135.28390000000002
sequence_47697,55.5,sequence_47781,12.0,221.6494
sequence_47697,55.5,sequence_47777,11.0,215.7082
sequence_47697,55.5,sequence_47779,11.0,215.70819999999998
sequence_47697,55.5,sequence_47784,21.0,258.6087
sequence_47697,55.5,sequence_47786,18.0,214.3871
sequence_47697,55.5,sequence_47782,17.0,214.38709999999998
sequence_47697,55.5,sequence_47772,12.0,166.6453
sequence_47697,55.5,sequence_47795,7.0,220.6044
sequence_47697,55.5,sequence_47776,9.0,309.6753
sequence_47697,55.5,sequence_47685,24.0,48.55149999999999
sequence_47697,55.5,sequence_47679,44.0,128.0823
sequence_47697,55.5,sequence_47695,52.0,41.90859999999999
sequence_47697,55.5,sequence_47710,43.0,79.01939999999999
sequence_47697,55.5,sequence_47686,22.0,0.8934999999999995
sequence_47697,55.5,sequence_47778,26.0,173.7996
sequence_47697,55.5,sequence_47780,23.0,173.7996
sequence_47697,55.5,sequence_47785,25.0,142.63
sequence_47697,55.5,sequence_47803,12.0,87.6259
sequence_47697,55.5,sequence_47663,36.0,243.2468
sequence_47697,55.5,sequence_47757,36.0,237.49739999999997
sequence_47697,55.5,sequence_47783,24.5,360.2839
sequence_47697,55.5,sequence_47796,20.0,283.1354
sequence_47697,55.5,sequence_47750,25.0,145.534
sequence_47697,55.5,sequence_47760,26.0,272.0249
sequence_47697,55.5,sequence_47773,19.0,124.7367
sequence_47697,55.5,sequence_47768,17.0,251.9255
sequence_47697,55.5,sequence_47771,18.0,182.7516
sequence_47697,55.5,sequence_47681,44.0,133.83169999999998
sequence_47697,55.5,sequence_47696,47.0,47.657999999999994
sequence_47697,55.5,sequence_47680,73.0,245.86369999999997
sequence_47697,55.5,sequence_47673,65.5,164.2996
sequence_47697,55.5,sequence_47700,65.0,450.3596
sequence_47697,55.5,sequence_47689,52.0,170.08929999999998
sequence_47697,55.5,sequence_47683,75.0,235.14489999999998
sequence_47697,55.5,sequence_47678,37.0,37.1108
sequence_47697,55.5,sequence_47682,53.0,86.17370000000001
sequence_47697,55.5,sequence_47724,48.0,119.7337
sequence_47697,55.5,sequence_47806,73.0,496.0769
sequence_47697,55.5,sequence_47807,42.0,341.35630000000003
sequence_47697,55.5,sequence_47804,23.0,167.1567
sequence_47697,55.5,sequence_47800,20.0,178.84730000000002
sequence_47697,55.5,sequence_47799,24.0,172.9061
sequence_47697,55.5,sequence_47664,32.0,248.9962
sequence_47697,55.5,sequence_47666,69.0,422.4941
sequence_47697,55.5,sequence_47671,36.0,316.57489999999996
sequence_47697,55.5,sequence_47727,45.0,322.2796
sequence_47697,55.5,sequence_47756,37.0,339.1726
sequence_47697,55.5,sequence_47775,23.0,539.5312
sequence_47697,55.5,sequence_47730,35.0,245.13109999999998
sequence_47697,55.5,sequence_47758,22.0,262.0241
sequence_47697,55.5,sequence_47797,27.0,405.3749
sequence_47697,55.5,sequence_47798,23.0,256.82169999999996
sequence_47697,55.5,sequence_47751,34.0,151.2834
sequence_47697,55.5,sequence_47741,102.0,230.81419999999997
sequence_47697,55.5,sequence_47743,63.0,379.7854
sequence_47697,55.5,sequence_47752,67.0,212.04860000000002
sequence_47697,55.5,sequence_47745,83.0,389.43909999999994
sequence_47697,55.5,sequence_47747,72.0,400.32919999999996
sequence_47697,55.5,sequence_47748,79.0,416.74469999999997
sequence_47697,55.5,sequence_47749,81.0,342.67459999999994
sequence_47697,55.5,sequence_47744,69.0,366.76919999999996
sequence_47697,55.5,sequence_47721,40.0,77.3117
sequence_47697,55.5,sequence_47759,36.0,78.2052
sequence_47697,55.5,sequence_47774,21.0,204.26749999999998
sequence_47697,55.5,sequence_47770,25.0,345.9719
sequence_47697,55.5,sequence_47713,51.0,252.1585
sequence_47697,55.5,sequence_47738,55.0,230.8142
sequence_47697,55.5,sequence_47769,25.0,210.01690000000002
sequence_47697,55.5,sequence_47702,69.0,456.109
sequence_47697,55.5,sequence_47672,76.0,139.7729
sequence_47697,55.5,sequence_47705,71.0,276.8617
sequence_47697,55.5,sequence_47694,51.0,212.798
sequence_47697,55.5,sequence_47691,40.0,127.18879999999999
sequence_47697,55.5,sequence_47701,63.0,568.141
sequence_47697,55.5,sequence_47706,77.0,436.80159999999995
sequence_47697,55.5,sequence_47675,57.0,355.84189999999995
sequence_47697,55.5,sequence_47698,56.0,127.18879999999999
sequence_47697,55.5,sequence_47688,90.0,165.1199
sequence_47697,55.5,sequence_47704,98.0,557.4222
sequence_47697,55.5,sequence_47708,111.0,426.08279999999996
sequence_47697,55.5,sequence_47709,119.0,271.3622
sequence_47697,55.5,sequence_47677,103.0,271.3622
sequence_47697,55.5,sequence_47692,87.5,79.5308
sequence_47697,55.5,sequence_47703,95.0,408.451
sequence_47697,55.5,sequence_47707,79.0,277.11159999999995
sequence_47697,55.5,sequence_47762,127.0,524.6605
sequence_47697,55.5,sequence_47765,118.0,667.6905
sequence_47697,55.5,sequence_47767,105.0,480.0153
sequence_47697,55.5,sequence_47812,121.0,512.9698999999999
sequence_47697,55.5,sequence_47761,120.0,518.7193
sequence_47697,55.5,sequence_47764,118.0,534.3142
sequence_47697,55.5,sequence_47763,122.0,452.2092
sequence_47697,55.5,sequence_47699,62.0,79.5308
sequence_47697,55.5,sequence_47687,92.0,83.9591
sequence_47697,55.5,sequence_47693,64.0,234.2514
sequence_47697,55.5,sequence_47690,63.0,128.1807
sequence_47697,55.5,sequence_47712,49.0,85.28469999999999
sequence_47697,55.5,sequence_47714,51.0,167.3897
sequence_47697,55.5,sequence_47725,57.0,113.0908
sequence_47697,55.5,sequence_47669,32.0,359.86789999999996
sequence_47697,55.5,sequence_47668,48.0,396.9787
sequence_47697,55.5,sequence_47670,97.0,296.90409999999997
sequence_47697,55.5,sequence_47665,50.0,294.8672
sequence_47697,55.5,sequence_47661,52.0,285.2135
sequence_47697,55.5,sequence_47667,86.0,396.1804
sequence_47697,55.5,sequence_47726,120.0,358.4969
sequence_47697,55.5,sequence_47734,110.0,368.1506
sequence_47697,55.5,sequence_47811,24.0,377.1769
sequence_47697,55.5,sequence_47662,28.0,344.922
sequence_47697,55.5,sequence_47731,32.0,350.9551
sequence_47697,55.5,sequence_47733,25.0,250.88049999999998
sequence_47697,55.5,sequence_47732,30.0,367.37059999999997
sequence_47697,55.5,sequence_47755,100.0,219.1236
sequence_47697,55.5,sequence_47746,94.0,395.1885
sequence_47697,55.5,sequence_47754,70.0,251.358
sequence_47697,55.5,sequence_47753,74.0,240.4679
sequence_47697,55.5,sequence_47740,158.0,302.1847
sequence_47697,55.5,sequence_47742,108.0,188.9056
sequence_47697,55.5,sequence_47715,101.0,162.5919
sequence_47697,55.5,sequence_47718,81.0,156.8425
sequence_47697,55.5,sequence_47717,66.0,311.56309999999996
sequence_47697,55.5,sequence_47720,80.0,348.52239999999995
sequence_47697,55.5,sequence_47716,84.0,161.2708
sequence_47697,55.5,sequence_47719,66.0,332.1069
sequence_47697,55.5,sequence_47723,69.0,150.20159999999998
sequence_47697,55.5,sequence_47722,75.0,156.8425
sequence_47697,55.5,sequence_47674,38.0,170.04899999999998
sequence_47697,55.5,sequence_47676,56.0,122.391
sequence_47697,55.5,sequence_47711,57.0,128.1449
sequence_47697,55.5,sequence_47739,35.0,188.9056
sequence_47697,55.5,sequence_47735,55.0,172.3665
sequence_47697,55.5,sequence_47793,16.0,216.3825
sequence_47697,55.5,sequence_47801,4.0,129.53449999999998
sequence_47697,55.5,sequence_47805,22.0,215.489
sequence_47697,55.5,sequence_47802,4.0,135.2839
sequence_47697,55.5,sequence_47794,18.0,221.2384
sequence_47697,55.5,sequence_47728,12.0,92.4237
sequence_47697,55.5,sequence_47808,4.0,130.7819
sequence_47697,55.5,sequence_47792,12.0,182.4624
sequence_47697,55.5,sequence_47791,4.0,164.3481
sequence_47697,55.5,sequence_47788,5.0,136.1774
sequence_47697,55.5,sequence_47729,34.0,144.4581
sequence_47697,55.5,sequence_47809,10.0,182.8163
sequence_47697,55.5,sequence_47737,27.0,144.812
sequence_47697,55.5,sequence_47810,5.57,113.4009
sequence_47697,55.5,sequence_47766,4.19,118.6169
sequence_47697,55.5,sequence_47736,19.0,92.77759999999999
sequence_47678,37.0,sequence_47787,5.0,167.53879999999998
sequence_47678,37.0,sequence_47684,23.0,79.9129
sequence_47678,37.0,sequence_47789,10.0,125.6302
sequence_47678,37.0,sequence_47790,9.0,172.3947
sequence_47678,37.0,sequence_47781,12.0,258.7602
sequence_47678,37.0,sequence_47777,11.0,252.81900000000002
sequence_47678,37.0,sequence_47779,11.0,252.819
sequence_47678,37.0,sequence_47784,21.0,295.7195
sequence_47678,37.0,sequence_47786,18.0,251.49790000000002
sequence_47678,37.0,sequence_47782,17.0,251.4979
sequence_47678,37.0,sequence_47772,12.0,129.53449999999998
sequence_47678,37.0,sequence_47795,7.0,257.7152
sequence_47678,37.0,sequence_47776,9.0,272.5645
sequence_47678,37.0,sequence_47685,24.0,85.66229999999999
sequence_47678,37.0,sequence_47679,44.0,165.19310000000002
sequence_47678,37.0,sequence_47695,52.0,79.01939999999999
sequence_47678,37.0,sequence_47710,43.0,116.13019999999999
sequence_47678,37.0,sequence_47686,22.0,38.0043
sequence_47678,37.0,sequence_47778,26.0,210.9104
sequence_47678,37.0,sequence_47780,23.0,210.9104
sequence_47678,37.0,sequence_47785,25.0,179.7408
sequence_47678,37.0,sequence_47803,12.0,124.7367
sequence_47678,37.0,sequence_47663,36.0,280.3576
sequence_47678,37.0,sequence_47757,36.0,274.6082
sequence_47678,37.0,sequence_47783,24.5,397.3947
sequence_47678,37.0,sequence_47796,20.0,269.4058
sequence_47678,37.0,sequence_47750,25.0,108.4232
sequence_47678,37.0,sequence_47760,26.0,234.91410000000002
sequence_47678,37.0,sequence_47773,19.0,87.6259
sequence_47678,37.0,sequence_47768,17.0,214.81470000000002
sequence_47678,37.0,sequence_47771,18.0,145.6408
sequence_47678,37.0,sequence_47681,44.0,170.9425
sequence_47678,37.0,sequence_47696,47.0,84.7688
sequence_47678,37.0,sequence_47680,73.0,282.9745
sequence_47678,37.0,sequence_47673,65.5,127.1888
sequence_47678,37.0,sequence_47700,65.0,413.2488
sequence_47678,37.0,sequence_47689,52.0,207.20009999999996
sequence_47678,37.0,sequence_47683,75.0,272.2557
sequence_47678,37.0,sequence_47697,55.5,37.1108
sequence_47678,37.0,sequence_47682,53.0,123.28450000000001
sequence_47678,37.0,sequence_47724,48.0,156.8445
sequence_47678,37.0,sequence_47806,73.0,458.9661
sequence_47678,37.0,sequence_47807,42.0,327.6267
sequence_47678,37.0,sequence_47804,23.0,204.26749999999998
sequence_47678,37.0,sequence_47800,20.0,215.9581
sequence_47678,37.0,sequence_47799,24.0,210.01690000000002
sequence_47678,37.0,sequence_47664,32.0,286.10699999999997
sequence_47678,37.0,sequence_47666,69.0,385.38329999999996
sequence_47678,37.0,sequence_47671,36.0,279.4641
sequence_47678,37.0,sequence_47727,45.0,359.3904
sequence_47678,37.0,sequence_47756,37.0,376.28340000000003
sequence_47678,37.0,sequence_47775,23.0,502.4204
sequence_47678,37.0,sequence_47730,35.0,231.4015
sequence_47678,37.0,sequence_47758,22.0,248.29449999999997
sequence_47678,37.0,sequence_47797,27.0,391.6453
sequence_47678,37.0,sequence_47798,23.0,243.09210000000002
sequence_47678,37.0,sequence_47751,34.0,114.17259999999999
sequence_47678,37.0,sequence_47741,102.0,193.7034
sequence_47678,37.0,sequence_47743,63.0,342.67459999999994
sequence_47678,37.0,sequence_47752,67.0,174.9378
sequence_47678,37.0,sequence_47745,83.0,352.3282999999999
sequence_47678,37.0,sequence_47747,72.0,363.2184
sequence_47678,37.0,sequence_47748,79.0,379.6338999999999
sequence_47678,37.0,sequence_47749,81.0,305.56379999999996
sequence_47678,37.0,sequence_47744,69.0,329.6583999999999
sequence_47678,37.0,sequence_47721,40.0,40.200900000000004
sequence_47678,37.0,sequence_47759,36.0,41.09440000000001
sequence_47678,37.0,sequence_47774,21.0,167.1567
sequence_47678,37.0,sequence_47770,25.0,308.86109999999996
sequence_47678,37.0,sequence_47713,51.0,215.04770000000002
sequence_47678,37.0,sequence_47738,55.0,193.7034
sequence_47678,37.0,sequence_47769,25.0,172.9061
sequence_47678,37.0,sequence_47702,69.0,418.9982
sequence_47678,37.0,sequence_47672,76.0,176.8837
sequence_47678,37.0,sequence_47705,71.0,313.97249999999997
sequence_47678,37.0,sequence_47694,51.0,249.90879999999999
sequence_47678,37.0,sequence_47691,40.0,164.2996
sequence_47678,37.0,sequence_47701,63.0,531.0301999999999
sequence_47678,37.0,sequence_47706,77.0,399.69079999999997
sequence_47678,37.0,sequence_47675,57.0,318.73109999999997
sequence_47678,37.0,sequence_47698,56.0,164.2996
sequence_47678,37.0,sequence_47688,90.0,202.2307
sequence_47678,37.0,sequence_47704,98.0,520.3114
sequence_47678,37.0,sequence_47708,111.0,388.972
sequence_47678,37.0,sequence_47709,119.0,257.63259999999997
sequence_47678,37.0,sequence_47677,103.0,234.2514
sequence_47678,37.0,sequence_47692,87.5,116.6416
sequence_47678,37.0,sequence_47703,95.0,371.3402
sequence_47678,37.0,sequence_47707,79.0,240.0008
sequence_47678,37.0,sequence_47762,127.0,487.54970000000003
sequence_47678,37.0,sequence_47765,118.0,630.5797000000001
sequence_47678,37.0,sequence_47767,105.0,442.9045
sequence_47678,37.0,sequence_47812,121.0,475.8591
sequence_47678,37.0,sequence_47761,120.0,481.60850000000005
sequence_47678,37.0,sequence_47764,118.0,497.2034
sequence_47678,37.0,sequence_47763,122.0,415.09839999999997
sequence_47678,37.0,sequence_47699,62.0,116.6416
sequence_47678,37.0,sequence_47687,92.0,121.0699
sequence_47678,37.0,sequence_47693,64.0,271.3622
sequence_47678,37.0,sequence_47690,63.0,165.29149999999998
sequence_47678,37.0,sequence_47712,49.0,122.3955
sequence_47678,37.0,sequence_47714,51.0,204.5005
sequence_47678,37.0,sequence_47725,57.0,150.20159999999998
sequence_47678,37.0,sequence_47669,32.0,396.9787
sequence_47678,37.0,sequence_47668,48.0,359.86789999999996
sequence_47678,37.0,sequence_47670,97.0,259.7933
sequence_47678,37.0,sequence_47665,50.0,257.7564
sequence_47678,37.0,sequence_47661,52.0,248.1027
sequence_47678,37.0,sequence_47667,86.0,359.06960000000004
sequence_47678,37.0,sequence_47726,120.0,321.3861
sequence_47678,37.0,sequence_47734,110.0,331.0398
sequence_47678,37.0,sequence_47811,24.0,414.2877
sequence_47678,37.0,sequence_47662,28.0,382.0328
sequence_47678,37.0,sequence_47731,32.0,337.2255
sequence_47678,37.0,sequence_47733,25.0,237.15089999999998
sequence_47678,37.0,sequence_47732,30.0,353.641
sequence_47678,37.0,sequence_47755,100.0,182.0128
sequence_47678,37.0,sequence_47746,94.0,358.07769999999994
sequence_47678,37.0,sequence_47754,70.0,214.2472
sequence_47678,37.0,sequence_47753,74.0,203.3571
sequence_47678,37.0,sequence_47740,158.0,265.0739
sequence_47678,37.0,sequence_47742,108.0,151.7948
sequence_47678,37.0,sequence_47715,101.0,125.48110000000001
sequence_47678,37.0,sequence_47718,81.0,119.7317
sequence_47678,37.0,sequence_47717,66.0,274.4523
sequence_47678,37.0,sequence_47720,80.0,311.41159999999996
sequence_47678,37.0,sequence_47716,84.0,124.16000000000001
sequence_47678,37.0,sequence_47719,66.0,294.99609999999996
sequence_47678,37.0,sequence_47723,69.0,113.0908
sequence_47678,37.0,sequence_47722,75.0,119.7317
sequence_47678,37.0,sequence_47674,38.0,132.9382
sequence_47678,37.0,sequence_47676,56.0,85.28020000000001
sequence_47678,37.0,sequence_47711,57.0,91.0341
sequence_47678,37.0,sequence_47739,35.0,151.7948
sequence_47678,37.0,sequence_47735,55.0,135.25570000000002
sequence_47678,37.0,sequence_47793,16.0,253.4933
sequence_47678,37.0,sequence_47801,4.0,166.6453
sequence_47678,37.0,sequence_47805,22.0,252.59980000000002
sequence_47678,37.0,sequence_47802,4.0,172.3947
sequence_47678,37.0,sequence_47794,18.0,258.3492
sequence_47678,37.0,sequence_47728,12.0,129.53449999999998
sequence_47678,37.0,sequence_47808,4.0,167.8927
sequence_47678,37.0,sequence_47792,12.0,219.57319999999999
sequence_47678,37.0,sequence_47791,4.0,201.4589
sequence_47678,37.0,sequence_47788,5.0,173.2882
sequence_47678,37.0,sequence_47729,34.0,181.56889999999999
sequence_47678,37.0,sequence_47809,10.0,219.9271
sequence_47678,37.0,sequence_47737,27.0,181.9228
sequence_47678,37.0,sequence_47810,5.57,150.51170000000002
sequence_47678,37.0,sequence_47766,4.19,155.7277
sequence_47678,37.0,sequence_47736,19.0,129.8884
sequence_47682,53.0,sequence_47787,5.0,214.81470000000002
sequence_47682,53.0,sequence_47684,23.0,127.1888
sequence_47682,53.0,sequence_47789,10.0,172.9061
sequence_47682,53.0,sequence_47790,9.0,219.6706
sequence_47682,53.0,sequence_47781,12.0,135.47570000000002
sequence_47682,53.0,sequence_47777,11.0,129.53449999999998
sequence_47682,53.0,sequence_47779,11.0,141.4169
sequence_47682,53.0,sequence_47784,21.0,263.65639999999996
sequence_47682,53.0,sequence_47786,18.0,207.55239999999998
sequence_47682,53.0,sequence_47782,17.0,219.4348
sequence_47682,53.0,sequence_47772,12.0,252.81900000000002
sequence_47682,53.0,sequence_47795,7.0,304.9911
sequence_47682,53.0,sequence_47776,9.0,395.84900000000005
sequence_47682,53.0,sequence_47685,24.0,132.9382
sequence_47682,53.0,sequence_47679,44.0,41.90859999999999
sequence_47682,53.0,sequence_47695,52.0,128.0823
sequence_47682,53.0,sequence_47710,43.0,165.19310000000002
sequence_47682,53.0,sequence_47686,22.0,85.28020000000001
sequence_47682,53.0,sequence_47778,26.0,87.6259
sequence_47682,53.0,sequence_47780,23.0,99.5083
sequence_47682,53.0,sequence_47785,25.0,130.6779
sequence_47682,53.0,sequence_47803,12.0,173.7996
sequence_47682,53.0,sequence_47663,36.0,248.2945
sequence_47682,53.0,sequence_47757,36.0,242.5451
sequence_47682,53.0,sequence_47783,24.5,365.33160000000004
sequence_47682,53.0,sequence_47796,20.0,289.9701
sequence_47682,53.0,sequence_47750,25.0,231.7077
sequence_47682,53.0,sequence_47760,26.0,358.1986
sequence_47682,53.0,sequence_47773,19.0,210.9104
sequence_47682,53.0,sequence_47768,17.0,167.53879999999998
sequence_47682,53.0,sequence_47771,18.0,236.71269999999998
sequence_47682,53.0,sequence_47681,44.0,47.657999999999994
sequence_47682,53.0,sequence_47696,47.0,133.83169999999998
sequence_47682,53.0,sequence_47680,73.0,159.69
sequence_47682,53.0,sequence_47673,65.5,79.9129
sequence_47682,53.0,sequence_47700,65.0,365.9729
sequence_47682,53.0,sequence_47689,52.0,176.92399999999998
sequence_47682,53.0,sequence_47683,75.0,148.9712
sequence_47682,53.0,sequence_47697,55.5,86.17370000000001
sequence_47682,53.0,sequence_47678,37.0,123.28450000000001
sequence_47682,53.0,sequence_47724,48.0,33.559999999999995
sequence_47682,53.0,sequence_47806,73.0,411.6902
sequence_47682,53.0,sequence_47807,42.0,256.9696
sequence_47682,53.0,sequence_47804,23.0,94.2688
sequence_47682,53.0,sequence_47800,20.0,94.4606
sequence_47682,53.0,sequence_47799,24.0,100.40180000000001
sequence_47682,53.0,sequence_47664,32.0,254.0439
sequence_47682,53.0,sequence_47666,69.0,429.3288
sequence_47682,53.0,sequence_47671,36.0,323.40959999999995
sequence_47682,53.0,sequence_47727,45.0,327.32730000000004
sequence_47682,53.0,sequence_47756,37.0,344.22030000000007
sequence_47682,53.0,sequence_47775,23.0,546.3659
sequence_47682,53.0,sequence_47730,35.0,251.9658
sequence_47682,53.0,sequence_47758,22.0,268.8588
sequence_47682,53.0,sequence_47797,27.0,412.2096
sequence_47682,53.0,sequence_47798,23.0,263.6564
sequence_47682,53.0,sequence_47751,34.0,237.4571
sequence_47682,53.0,sequence_47741,102.0,158.3099
sequence_47682,53.0,sequence_47743,63.0,295.39869999999996
sequence_47682,53.0,sequence_47752,67.0,230.3821
sequence_47682,53.0,sequence_47745,83.0,305.05240000000003
sequence_47682,53.0,sequence_47747,72.0,407.1639
sequence_47682,53.0,sequence_47748,79.0,423.57939999999996
sequence_47682,53.0,sequence_47749,81.0,332.5095
sequence_47682,53.0,sequence_47744,69.0,373.60389999999995
sequence_47682,53.0,sequence_47721,40.0,163.48540000000003
sequence_47682,53.0,sequence_47759,36.0,164.37890000000002
sequence_47682,53.0,sequence_47774,21.0,131.3796
sequence_47682,53.0,sequence_47770,25.0,352.8066
sequence_47682,53.0,sequence_47713,51.0,167.77179999999998
sequence_47682,53.0,sequence_47738,55.0,146.4275
sequence_47682,53.0,sequence_47769,25.0,125.6302
sequence_47682,53.0,sequence_47702,69.0,371.7223
sequence_47682,53.0,sequence_47672,76.0,53.599199999999996
sequence_47682,53.0,sequence_47705,71.0,190.688
sequence_47682,53.0,sequence_47694,51.0,298.97170000000006
sequence_47682,53.0,sequence_47691,40.0,66.1833
sequence_47682,53.0,sequence_47701,63.0,483.7543
sequence_47682,53.0,sequence_47706,77.0,352.4149
sequence_47682,53.0,sequence_47675,57.0,271.4552
sequence_47682,53.0,sequence_47698,56.0,54.3009
sequence_47682,53.0,sequence_47688,90.0,171.9546
sequence_47682,53.0,sequence_47704,98.0,473.0355
sequence_47682,53.0,sequence_47708,111.0,341.6961
sequence_47682,53.0,sequence_47709,119.0,186.9755
sequence_47682,53.0,sequence_47677,103.0,186.9755
sequence_47682,53.0,sequence_47692,87.5,18.525300000000005
sequence_47682,53.0,sequence_47703,95.0,324.0643
sequence_47682,53.0,sequence_47707,79.0,192.7249
sequence_47682,53.0,sequence_47762,127.0,440.2738
sequence_47682,53.0,sequence_47765,118.0,583.3037999999999
sequence_47682,53.0,sequence_47767,105.0,395.6286
sequence_47682,53.0,sequence_47812,121.0,428.5832
sequence_47682,53.0,sequence_47761,120.0,434.3326
sequence_47682,53.0,sequence_47764,118.0,449.9275
sequence_47682,53.0,sequence_47763,122.0,367.8225
sequence_47682,53.0,sequence_47699,62.0,6.642899999999999
sequence_47682,53.0,sequence_47687,92.0,90.79380000000002
sequence_47682,53.0,sequence_47693,64.0,149.8647
sequence_47682,53.0,sequence_47690,63.0,135.0154
sequence_47682,53.0,sequence_47712,49.0,12.396799999999994
sequence_47682,53.0,sequence_47714,51.0,94.5018
sequence_47682,53.0,sequence_47725,57.0,40.20289999999999
sequence_47682,53.0,sequence_47669,32.0,366.70259999999996
sequence_47682,53.0,sequence_47668,48.0,403.8134
sequence_47682,53.0,sequence_47670,97.0,303.7388
sequence_47682,53.0,sequence_47665,50.0,301.7019
sequence_47682,53.0,sequence_47661,52.0,292.0482
sequence_47682,53.0,sequence_47667,86.0,403.0151
sequence_47682,53.0,sequence_47726,120.0,365.33160000000004
sequence_47682,53.0,sequence_47734,110.0,374.98530000000005
sequence_47682,53.0,sequence_47811,24.0,382.2246
sequence_47682,53.0,sequence_47662,28.0,349.96970000000005
sequence_47682,53.0,sequence_47731,32.0,357.7898
sequence_47682,53.0,sequence_47733,25.0,257.7152
sequence_47682,53.0,sequence_47732,30.0,374.2053
sequence_47682,53.0,sequence_47755,100.0,169.6169
sequence_47682,53.0,sequence_47746,94.0,310.80179999999996
sequence_47682,53.0,sequence_47754,70.0,269.6915
sequence_47682,53.0,sequence_47753,74.0,167.57999999999998
sequence_47682,53.0,sequence_47740,158.0,229.68040000000002
sequence_47682,53.0,sequence_47742,108.0,116.4013
sequence_47682,53.0,sequence_47715,101.0,90.08760000000001
sequence_47682,53.0,sequence_47718,81.0,95.83700000000002
sequence_47682,53.0,sequence_47717,66.0,227.1764
sequence_47682,53.0,sequence_47720,80.0,355.3571
sequence_47682,53.0,sequence_47716,84.0,168.1055
sequence_47682,53.0,sequence_47719,66.0,338.9416
sequence_47682,53.0,sequence_47723,69.0,77.3137
sequence_47682,53.0,sequence_47722,75.0,83.9546
sequence_47682,53.0,sequence_47674,38.0,85.66229999999999
sequence_47682,53.0,sequence_47676,56.0,38.0043
sequence_47682,53.0,sequence_47711,57.0,43.758199999999995
sequence_47682,53.0,sequence_47739,35.0,104.5189
sequence_47682,53.0,sequence_47735,55.0,87.97980000000001
sequence_47682,53.0,sequence_47793,16.0,232.929
sequence_47682,53.0,sequence_47801,4.0,215.7082
sequence_47682,53.0,sequence_47805,22.0,233.8225
sequence_47682,53.0,sequence_47802,4.0,221.4576
sequence_47682,53.0,sequence_47794,18.0,237.7849
sequence_47682,53.0,sequence_47728,12.0,176.81040000000002
sequence_47682,53.0,sequence_47808,4.0,215.16860000000003
sequence_47682,53.0,sequence_47792,12.0,266.8491
sequence_47682,53.0,sequence_47791,4.0,180.8946
sequence_47682,53.0,sequence_47788,5.0,220.5641
sequence_47682,53.0,sequence_47729,34.0,228.84480000000002
sequence_47682,53.0,sequence_47809,10.0,267.20300000000003
sequence_47682,53.0,sequence_47737,27.0,229.19870000000003
sequence_47682,53.0,sequence_47810,5.57,197.7876
sequence_47682,53.0,sequence_47766,4.19,203.0036
sequence_47682,53.0,sequence_47736,19.0,177.1643
sequence_47724,48.0,sequence_47787,5.0,248.37470000000002
sequence_47724,48.0,sequence_47684,23.0,160.7488
sequence_47724,48.0,sequence_47789,10.0,206.4661
sequence_47724,48.0,sequence_47790,9.0,253.2306
sequence_47724,48.0,sequence_47781,12.0,169.03570000000002
sequence_47724,48.0,sequence_47777,11.0,163.09449999999998
sequence_47724,48.0,sequence_47779,11.0,174.9769
sequence_47724,48.0,sequence_47784,21.0,297.2164
sequence_47724,48.0,sequence_47786,18.0,241.11239999999998
sequence_47724,48.0,sequence_47782,17.0,252.9948
sequence_47724,48.0,sequence_47772,12.0,286.379
sequence_47724,48.0,sequence_47795,7.0,338.5511
sequence_47724,48.0,sequence_47776,9.0,429.40900000000005
sequence_47724,48.0,sequence_47685,24.0,166.4982
sequence_47724,48.0,sequence_47679,44.0,75.46859999999998
sequence_47724,48.0,sequence_47695,52.0,161.64229999999998
sequence_47724,48.0,sequence_47710,43.0,198.7531
sequence_47724,48.0,sequence_47686,22.0,118.84020000000001
sequence_47724,48.0,sequence_47778,26.0,121.1859
sequence_47724,48.0,sequence_47780,23.0,133.06830000000002
sequence_47724,48.0,sequence_47785,25.0,164.2379
sequence_47724,48.0,sequence_47803,12.0,207.3596
sequence_47724,48.0,sequence_47663,36.0,281.8545
sequence_47724,48.0,sequence_47757,36.0,276.1051
sequence_47724,48.0,sequence_47783,24.5,398.89160000000004
sequence_47724,48.0,sequence_47796,20.0,323.53009999999995
sequence_47724,48.0,sequence_47750,25.0,265.2677
sequence_47724,48.0,sequence_47760,26.0,324.6386
sequence_47724,48.0,sequence_47773,19.0,244.4704
sequence_47724,48.0,sequence_47768,17.0,201.09879999999998
sequence_47724,48.0,sequence_47771,18.0,270.2727
sequence_47724,48.0,sequence_47681,44.0,81.21799999999999
sequence_47724,48.0,sequence_47696,47.0,167.3917
sequence_47724,48.0,sequence_47680,73.0,193.25
sequence_47724,48.0,sequence_47673,65.5,113.4729
sequence_47724,48.0,sequence_47700,65.0,399.5329
sequence_47724,48.0,sequence_47689,52.0,210.48399999999998
sequence_47724,48.0,sequence_47683,75.0,182.5312
sequence_47724,48.0,sequence_47697,55.5,119.7337
sequence_47724,48.0,sequence_47678,37.0,156.8445
sequence_47724,48.0,sequence_47682,53.0,33.559999999999995
sequence_47724,48.0,sequence_47806,73.0,445.2502
sequence_47724,48.0,sequence_47807,42.0,290.5296
sequence_47724,48.0,sequence_47804,23.0,127.8288
sequence_47724,48.0,sequence_47800,20.0,128.0206
sequence_47724,48.0,sequence_47799,24.0,133.9618
sequence_47724,48.0,sequence_47664,32.0,287.6039
sequence_47724,48.0,sequence_47666,69.0,462.88879999999995
sequence_47724,48.0,sequence_47671,36.0,356.9696
sequence_47724,48.0,sequence_47727,45.0,360.88730000000004
sequence_47724,48.0,sequence_47756,37.0,377.7803
sequence_47724,48.0,sequence_47775,23.0,579.9259000000001
sequence_47724,48.0,sequence_47730,35.0,285.5258
sequence_47724,48.0,sequence_47758,22.0,302.4188
sequence_47724,48.0,sequence_47797,27.0,445.7696
sequence_47724,48.0,sequence_47798,23.0,297.2164
sequence_47724,48.0,sequence_47751,34.0,271.0171
sequence_47724,48.0,sequence_47741,102.0,191.8699
sequence_47724,48.0,sequence_47743,63.0,328.9587
sequence_47724,48.0,sequence_47752,67.0,263.9421
sequence_47724,48.0,sequence_47745,83.0,338.6124
sequence_47724,48.0,sequence_47747,72.0,440.72389999999996
sequence_47724,48.0,sequence_47748,79.0,457.1394
sequence_47724,48.0,sequence_47749,81.0,366.06949999999995
sequence_47724,48.0,sequence_47744,69.0,407.1639
sequence_47724,48.0,sequence_47721,40.0,197.0454
sequence_47724,48.0,sequence_47759,36.0,197.9389
sequence_47724,48.0,sequence_47774,21.0,164.9396
sequence_47724,48.0,sequence_47770,25.0,386.3666
sequence_47724,48.0,sequence_47713,51.0,201.3318
sequence_47724,48.0,sequence_47738,55.0,179.9875
sequence_47724,48.0,sequence_47769,25.0,159.1902
sequence_47724,48.0,sequence_47702,69.0,405.2823
sequence_47724,48.0,sequence_47672,76.0,87.1592
sequence_47724,48.0,sequence_47705,71.0,224.248
sequence_47724,48.0,sequence_47694,51.0,332.5317
sequence_47724,48.0,sequence_47691,40.0,99.74329999999999
sequence_47724,48.0,sequence_47701,63.0,517.3143
sequence_47724,48.0,sequence_47706,77.0,385.9749
sequence_47724,48.0,sequence_47675,57.0,305.0152
sequence_47724,48.0,sequence_47698,56.0,87.86089999999999
sequence_47724,48.0,sequence_47688,90.0,205.5146
sequence_47724,48.0,sequence_47704,98.0,506.5955
sequence_47724,48.0,sequence_47708,111.0,375.2561
sequence_47724,48.0,sequence_47709,119.0,220.5355
sequence_47724,48.0,sequence_47677,103.0,220.5355
sequence_47724,48.0,sequence_47692,87.5,52.0853
sequence_47724,48.0,sequence_47703,95.0,357.6243
sequence_47724,48.0,sequence_47707,79.0,226.2849
sequence_47724,48.0,sequence_47762,127.0,473.8338
sequence_47724,48.0,sequence_47765,118.0,616.8638000000001
sequence_47724,48.0,sequence_47767,105.0,362.0686
sequence_47724,48.0,sequence_47812,121.0,462.14320000000004
sequence_47724,48.0,sequence_47761,120.0,467.89259999999996
sequence_47724,48.0,sequence_47764,118.0,483.4875
sequence_47724,48.0,sequence_47763,122.0,389.8747
sequence_47724,48.0,sequence_47699,62.0,40.20289999999999
sequence_47724,48.0,sequence_47687,92.0,124.3538
sequence_47724,48.0,sequence_47693,64.0,183.4247
sequence_47724,48.0,sequence_47690,63.0,168.5754
sequence_47724,48.0,sequence_47712,49.0,34.449
sequence_47724,48.0,sequence_47714,51.0,128.0618
sequence_47724,48.0,sequence_47725,57.0,6.642899999999999
sequence_47724,48.0,sequence_47669,32.0,400.2626
sequence_47724,48.0,sequence_47668,48.0,437.3734
sequence_47724,48.0,sequence_47670,97.0,337.2988
sequence_47724,48.0,sequence_47665,50.0,335.26189999999997
sequence_47724,48.0,sequence_47661,52.0,325.6082
sequence_47724,48.0,sequence_47667,86.0,436.5751
sequence_47724,48.0,sequence_47726,120.0,398.89160000000004
sequence_47724,48.0,sequence_47734,110.0,408.54530000000005
sequence_47724,48.0,sequence_47811,24.0,415.78460000000007
sequence_47724,48.0,sequence_47662,28.0,383.52970000000005
sequence_47724,48.0,sequence_47731,32.0,391.3498
sequence_47724,48.0,sequence_47733,25.0,291.2752
sequence_47724,48.0,sequence_47732,30.0,407.7653
sequence_47724,48.0,sequence_47755,100.0,203.1769
sequence_47724,48.0,sequence_47746,94.0,344.3618
sequence_47724,48.0,sequence_47754,70.0,303.25149999999996
sequence_47724,48.0,sequence_47753,74.0,201.14
sequence_47724,48.0,sequence_47740,158.0,263.2404
sequence_47724,48.0,sequence_47742,108.0,149.9613
sequence_47724,48.0,sequence_47715,101.0,123.6476
sequence_47724,48.0,sequence_47718,81.0,129.397
sequence_47724,48.0,sequence_47717,66.0,260.7364
sequence_47724,48.0,sequence_47720,80.0,388.9171
sequence_47724,48.0,sequence_47716,84.0,201.6655
sequence_47724,48.0,sequence_47719,66.0,372.5016
sequence_47724,48.0,sequence_47723,69.0,43.7537
sequence_47724,48.0,sequence_47722,75.0,117.51459999999999
sequence_47724,48.0,sequence_47674,38.0,119.22229999999999
sequence_47724,48.0,sequence_47676,56.0,71.5643
sequence_47724,48.0,sequence_47711,57.0,65.8104
sequence_47724,48.0,sequence_47739,35.0,138.0789
sequence_47724,48.0,sequence_47735,55.0,54.41980000000001
sequence_47724,48.0,sequence_47793,16.0,266.48900000000003
sequence_47724,48.0,sequence_47801,4.0,249.2682
sequence_47724,48.0,sequence_47805,22.0,267.3825
sequence_47724,48.0,sequence_47802,4.0,255.01760000000002
sequence_47724,48.0,sequence_47794,18.0,271.3449
sequence_47724,48.0,sequence_47728,12.0,210.37040000000002
sequence_47724,48.0,sequence_47808,4.0,181.60860000000002
sequence_47724,48.0,sequence_47792,12.0,300.4091
sequence_47724,48.0,sequence_47791,4.0,214.4546
sequence_47724,48.0,sequence_47788,5.0,254.1241
sequence_47724,48.0,sequence_47729,34.0,262.4048
sequence_47724,48.0,sequence_47809,10.0,233.64300000000003
sequence_47724,48.0,sequence_47737,27.0,195.63870000000003
sequence_47724,48.0,sequence_47810,5.57,231.3476
sequence_47724,48.0,sequence_47766,4.19,236.5636
sequence_47724,48.0,sequence_47736,19.0,143.60430000000002
sequence_47806,73.0,sequence_47787,5.0,451.2531
sequence_47806,73.0,sequence_47684,23.0,538.879
sequence_47806,73.0,sequence_47789,10.0,409.34450000000004
sequence_47806,73.0,sequence_47790,9.0,456.10900000000004
sequence_47806,73.0,sequence_47781,12.0,371.9141
sequence_47806,73.0,sequence_47777,11.0,365.9729
sequence_47806,73.0,sequence_47779,11.0,377.8553
sequence_47806,73.0,sequence_47784,21.0,500.09479999999996
sequence_47806,73.0,sequence_47786,18.0,443.9908
sequence_47806,73.0,sequence_47782,17.0,455.8732
sequence_47806,73.0,sequence_47772,12.0,413.2488
sequence_47806,73.0,sequence_47795,7.0,541.4295
sequence_47806,73.0,sequence_47776,9.0,270.2188
sequence_47806,73.0,sequence_47685,24.0,544.6284
sequence_47806,73.0,sequence_47679,44.0,453.5988
sequence_47806,73.0,sequence_47695,52.0,537.9855
sequence_47806,73.0,sequence_47710,43.0,575.0962999999999
sequence_47806,73.0,sequence_47686,22.0,496.97040000000004
sequence_47806,73.0,sequence_47778,26.0,324.0643
sequence_47806,73.0,sequence_47780,23.0,335.9467
sequence_47806,73.0,sequence_47785,25.0,367.1163
sequence_47806,73.0,sequence_47803,12.0,408.451
sequence_47806,73.0,sequence_47663,36.0,560.7415
sequence_47806,73.0,sequence_47757,36.0,554.9921
sequence_47806,73.0,sequence_47783,24.5,601.77
sequence_47806,73.0,sequence_47796,20.0,473.7810999999999
sequence_47806,73.0,sequence_47750,25.0,468.1461
sequence_47806,73.0,sequence_47760,26.0,693.8802000000001
sequence_47806,73.0,sequence_47773,19.0,371.3402
sequence_47806,73.0,sequence_47768,17.0,327.9686
sequence_47806,73.0,sequence_47771,18.0,397.1425
sequence_47806,73.0,sequence_47681,44.0,459.3482
sequence_47806,73.0,sequence_47696,47.0,543.7348999999999
sequence_47806,73.0,sequence_47680,73.0,571.3802000000001
sequence_47806,73.0,sequence_47673,65.5,415.5945
sequence_47806,73.0,sequence_47700,65.0,129.53449999999998
sequence_47806,73.0,sequence_47689,52.0,586.8272
sequence_47806,73.0,sequence_47683,75.0,560.6614
sequence_47806,73.0,sequence_47697,55.5,496.0769
sequence_47806,73.0,sequence_47678,37.0,458.9661
sequence_47806,73.0,sequence_47682,53.0,411.6902
sequence_47806,73.0,sequence_47724,48.0,445.2502
sequence_47806,73.0,sequence_47807,42.0,154.7206
sequence_47806,73.0,sequence_47804,23.0,328.92019999999997
sequence_47806,73.0,sequence_47800,20.0,329.11199999999997
sequence_47806,73.0,sequence_47799,24.0,335.0532
sequence_47806,73.0,sequence_47664,32.0,566.4909
sequence_47806,73.0,sequence_47666,69.0,379.7072
sequence_47806,73.0,sequence_47671,36.0,559.848
sequence_47806,73.0,sequence_47727,45.0,639.7743
sequence_47806,73.0,sequence_47756,37.0,656.6673000000001
sequence_47806,73.0,sequence_47775,23.0,420.73570000000007
sequence_47806,73.0,sequence_47730,35.0,511.7854
sequence_47806,73.0,sequence_47758,22.0,528.6784
sequence_47806,73.0,sequence_47797,27.0,596.0206000000001
sequence_47806,73.0,sequence_47798,23.0,447.4674
sequence_47806,73.0,sequence_47751,34.0,473.89549999999997
sequence_47806,73.0,sequence_47741,102.0,394.7483
sequence_47806,73.0,sequence_47743,63.0,531.8371
sequence_47806,73.0,sequence_47752,67.0,466.8205
sequence_47806,73.0,sequence_47745,83.0,541.4908
sequence_47806,73.0,sequence_47747,72.0,643.6023
sequence_47806,73.0,sequence_47748,79.0,660.0178
sequence_47806,73.0,sequence_47749,81.0,568.9478999999999
sequence_47806,73.0,sequence_47744,69.0,610.0423
sequence_47806,73.0,sequence_47721,40.0,418.76520000000005
sequence_47806,73.0,sequence_47759,36.0,417.87170000000003
sequence_47806,73.0,sequence_47774,21.0,291.8094
sequence_47806,73.0,sequence_47770,25.0,513.2364
sequence_47806,73.0,sequence_47713,51.0,404.2102
sequence_47806,73.0,sequence_47738,55.0,382.86589999999995
sequence_47806,73.0,sequence_47769,25.0,286.06
sequence_47806,73.0,sequence_47702,69.0,135.2839
sequence_47806,73.0,sequence_47672,76.0,465.28940000000006
sequence_47806,73.0,sequence_47705,71.0,316.31820000000005
sequence_47806,73.0,sequence_47694,51.0,708.8749
sequence_47806,73.0,sequence_47691,40.0,476.0865
sequence_47806,73.0,sequence_47701,63.0,247.3159
sequence_47806,73.0,sequence_47706,77.0,402.0365
sequence_47806,73.0,sequence_47675,57.0,607.1368
sequence_47806,73.0,sequence_47698,56.0,464.2041
sequence_47806,73.0,sequence_47688,90.0,581.8578
sequence_47806,73.0,sequence_47704,98.0,236.5971
sequence_47806,73.0,sequence_47708,111.0,391.3177
sequence_47806,73.0,sequence_47709,119.0,546.0382999999999
sequence_47806,73.0,sequence_47677,103.0,522.6571
sequence_47806,73.0,sequence_47692,87.5,428.4285
sequence_47806,73.0,sequence_47703,95.0,87.6259
sequence_47806,73.0,sequence_47707,79.0,242.3465
sequence_47806,73.0,sequence_47762,127.0,28.5836
sequence_47806,73.0,sequence_47765,118.0,171.6136
sequence_47806,73.0,sequence_47767,105.0,83.1816
sequence_47806,73.0,sequence_47812,121.0,16.893
sequence_47806,73.0,sequence_47761,120.0,22.6424
sequence_47806,73.0,sequence_47764,118.0,38.2373
sequence_47806,73.0,sequence_47763,122.0,55.375499999999995
sequence_47806,73.0,sequence_47699,62.0,416.54609999999997
sequence_47806,73.0,sequence_47687,92.0,500.697
sequence_47806,73.0,sequence_47693,64.0,559.7679
sequence_47806,73.0,sequence_47690,63.0,544.9186
sequence_47806,73.0,sequence_47712,49.0,422.29999999999995
sequence_47806,73.0,sequence_47714,51.0,405.16179999999997
sequence_47806,73.0,sequence_47725,57.0,450.10609999999997
sequence_47806,73.0,sequence_47669,32.0,677.3625999999999
sequence_47806,73.0,sequence_47668,48.0,640.2518
sequence_47806,73.0,sequence_47670,97.0,540.1772000000001
sequence_47806,73.0,sequence_47665,50.0,518.8329
sequence_47806,73.0,sequence_47661,52.0,528.4866
sequence_47806,73.0,sequence_47667,86.0,353.3935
sequence_47806,73.0,sequence_47726,120.0,601.77
sequence_47806,73.0,sequence_47734,110.0,592.1163
sequence_47806,73.0,sequence_47811,24.0,618.663
sequence_47806,73.0,sequence_47662,28.0,662.4167
sequence_47806,73.0,sequence_47731,32.0,617.6094
sequence_47806,73.0,sequence_47733,25.0,517.5347999999999
sequence_47806,73.0,sequence_47732,30.0,634.0249
sequence_47806,73.0,sequence_47755,100.0,406.0553
sequence_47806,73.0,sequence_47746,94.0,547.2402
sequence_47806,73.0,sequence_47754,70.0,506.12989999999996
sequence_47806,73.0,sequence_47753,74.0,404.0184
sequence_47806,73.0,sequence_47740,158.0,466.11879999999996
sequence_47806,73.0,sequence_47742,108.0,352.8397
sequence_47806,73.0,sequence_47715,101.0,345.36740000000003
sequence_47806,73.0,sequence_47718,81.0,351.1168
sequence_47806,73.0,sequence_47717,66.0,482.4562
sequence_47806,73.0,sequence_47720,80.0,610.6369
sequence_47806,73.0,sequence_47716,84.0,423.38530000000003
sequence_47806,73.0,sequence_47719,66.0,594.2214
sequence_47806,73.0,sequence_47723,69.0,412.9953
sequence_47806,73.0,sequence_47722,75.0,339.2344
sequence_47806,73.0,sequence_47674,38.0,421.3439
sequence_47806,73.0,sequence_47676,56.0,373.6859
sequence_47806,73.0,sequence_47711,57.0,379.4398
sequence_47806,73.0,sequence_47739,35.0,340.9573
sequence_47806,73.0,sequence_47735,55.0,423.6614
sequence_47806,73.0,sequence_47793,16.0,469.3674
sequence_47806,73.0,sequence_47801,4.0,450.3596
sequence_47806,73.0,sequence_47805,22.0,468.47389999999996
sequence_47806,73.0,sequence_47802,4.0,456.109
sequence_47806,73.0,sequence_47794,18.0,474.2233
sequence_47806,73.0,sequence_47728,12.0,489.2574
sequence_47806,73.0,sequence_47808,4.0,550.8502
sequence_47806,73.0,sequence_47792,12.0,503.2875
sequence_47806,73.0,sequence_47791,4.0,417.33299999999997
sequence_47806,73.0,sequence_47788,5.0,457.0025
sequence_47806,73.0,sequence_47729,34.0,541.2918
sequence_47806,73.0,sequence_47809,10.0,602.8846000000001
sequence_47806,73.0,sequence_47737,27.0,640.8889
sequence_47806,73.0,sequence_47810,5.57,468.28020000000004
sequence_47806,73.0,sequence_47766,4.19,463.0642
sequence_47806,73.0,sequence_47736,19.0,588.8545
sequence_47807,42.0,sequence_47787,5.0,296.5325
sequence_47807,42.0,sequence_47684,23.0,384.15840000000003
sequence_47807,42.0,sequence_47789,10.0,254.62390000000002
sequence_47807,42.0,sequence_47790,9.0,301.38840000000005
sequence_47807,42.0,sequence_47781,12.0,217.19350000000003
sequence_47807,42.0,sequence_47777,11.0,211.2523
sequence_47807,42.0,sequence_47779,11.0,223.1347
sequence_47807,42.0,sequence_47784,21.0,345.3742
sequence_47807,42.0,sequence_47786,18.0,289.2702
sequence_47807,42.0,sequence_47782,17.0,301.1526
sequence_47807,42.0,sequence_47772,12.0,281.9094
sequence_47807,42.0,sequence_47795,7.0,386.7089
sequence_47807,42.0,sequence_47776,9.0,424.9394
sequence_47807,42.0,sequence_47685,24.0,389.9078
sequence_47807,42.0,sequence_47679,44.0,298.8782
sequence_47807,42.0,sequence_47695,52.0,383.2649
sequence_47807,42.0,sequence_47710,43.0,420.3757
sequence_47807,42.0,sequence_47686,22.0,342.24980000000005
sequence_47807,42.0,sequence_47778,26.0,169.3437
sequence_47807,42.0,sequence_47780,23.0,181.22610000000003
sequence_47807,42.0,sequence_47785,25.0,212.3957
sequence_47807,42.0,sequence_47803,12.0,253.7304
sequence_47807,42.0,sequence_47663,36.0,406.0209
sequence_47807,42.0,sequence_47757,36.0,400.27149999999995
sequence_47807,42.0,sequence_47783,24.5,447.04940000000005
sequence_47807,42.0,sequence_47796,20.0,319.0605
sequence_47807,42.0,sequence_47750,25.0,336.8067
sequence_47807,42.0,sequence_47760,26.0,562.5408
sequence_47807,42.0,sequence_47773,19.0,240.0008
sequence_47807,42.0,sequence_47768,17.0,196.62919999999997
sequence_47807,42.0,sequence_47771,18.0,265.8031
sequence_47807,42.0,sequence_47681,44.0,304.62760000000003
sequence_47807,42.0,sequence_47696,47.0,389.0143
sequence_47807,42.0,sequence_47680,73.0,416.6596
sequence_47807,42.0,sequence_47673,65.5,284.25509999999997
sequence_47807,42.0,sequence_47700,65.0,284.25509999999997
sequence_47807,42.0,sequence_47689,52.0,432.10659999999996
sequence_47807,42.0,sequence_47683,75.0,405.9408
sequence_47807,42.0,sequence_47697,55.5,341.35630000000003
sequence_47807,42.0,sequence_47678,37.0,327.6267
sequence_47807,42.0,sequence_47682,53.0,256.9696
sequence_47807,42.0,sequence_47724,48.0,290.5296
sequence_47807,42.0,sequence_47806,73.0,154.7206
sequence_47807,42.0,sequence_47804,23.0,174.1996
sequence_47807,42.0,sequence_47800,20.0,174.3914
sequence_47807,42.0,sequence_47799,24.0,180.3326
sequence_47807,42.0,sequence_47664,32.0,411.7703
sequence_47807,42.0,sequence_47666,69.0,248.3678
sequence_47807,42.0,sequence_47671,36.0,428.5086
sequence_47807,42.0,sequence_47727,45.0,485.05370000000005
sequence_47807,42.0,sequence_47756,37.0,501.9467
sequence_47807,42.0,sequence_47775,23.0,575.4563
sequence_47807,42.0,sequence_47730,35.0,357.0648
sequence_47807,42.0,sequence_47758,22.0,373.9578
sequence_47807,42.0,sequence_47797,27.0,441.30000000000007
sequence_47807,42.0,sequence_47798,23.0,292.7468
sequence_47807,42.0,sequence_47751,34.0,342.5561
sequence_47807,42.0,sequence_47741,102.0,263.4089
sequence_47807,42.0,sequence_47743,63.0,400.4977
sequence_47807,42.0,sequence_47752,67.0,335.48109999999997
sequence_47807,42.0,sequence_47745,83.0,410.15139999999997
sequence_47807,42.0,sequence_47747,72.0,512.2629
sequence_47807,42.0,sequence_47748,79.0,528.6784
sequence_47807,42.0,sequence_47749,81.0,437.60849999999994
sequence_47807,42.0,sequence_47744,69.0,478.7029
sequence_47807,42.0,sequence_47721,40.0,287.4258
sequence_47807,42.0,sequence_47759,36.0,286.53229999999996
sequence_47807,42.0,sequence_47774,21.0,160.47
sequence_47807,42.0,sequence_47770,25.0,381.897
sequence_47807,42.0,sequence_47713,51.0,272.8708
sequence_47807,42.0,sequence_47738,55.0,251.5265
sequence_47807,42.0,sequence_47769,25.0,154.7206
sequence_47807,42.0,sequence_47702,69.0,290.0045
sequence_47807,42.0,sequence_47672,76.0,310.5688
sequence_47807,42.0,sequence_47705,71.0,161.5976
sequence_47807,42.0,sequence_47694,51.0,554.1543
sequence_47807,42.0,sequence_47691,40.0,321.3659
sequence_47807,42.0,sequence_47701,63.0,402.0365
sequence_47807,42.0,sequence_47706,77.0,556.7571
sequence_47807,42.0,sequence_47675,57.0,475.7974
sequence_47807,42.0,sequence_47698,56.0,309.4835
sequence_47807,42.0,sequence_47688,90.0,427.1372
sequence_47807,42.0,sequence_47704,98.0,391.3177
sequence_47807,42.0,sequence_47708,111.0,546.0382999999999
sequence_47807,42.0,sequence_47709,119.0,391.3177
sequence_47807,42.0,sequence_47677,103.0,391.3177
sequence_47807,42.0,sequence_47692,87.5,273.7079
sequence_47807,42.0,sequence_47703,95.0,242.3465
sequence_47807,42.0,sequence_47707,79.0,397.0671
sequence_47807,42.0,sequence_47762,127.0,183.30419999999998
sequence_47807,42.0,sequence_47765,118.0,326.3342
sequence_47807,42.0,sequence_47767,105.0,237.9022
sequence_47807,42.0,sequence_47812,121.0,171.6136
sequence_47807,42.0,sequence_47761,120.0,177.363
sequence_47807,42.0,sequence_47764,118.0,192.9579
sequence_47807,42.0,sequence_47763,122.0,210.09609999999998
sequence_47807,42.0,sequence_47699,62.0,261.8255
sequence_47807,42.0,sequence_47687,92.0,345.9764
sequence_47807,42.0,sequence_47693,64.0,405.0473
sequence_47807,42.0,sequence_47690,63.0,390.198
sequence_47807,42.0,sequence_47712,49.0,267.57939999999996
sequence_47807,42.0,sequence_47714,51.0,250.4412
sequence_47807,42.0,sequence_47725,57.0,295.3855
sequence_47807,42.0,sequence_47669,32.0,522.642
sequence_47807,42.0,sequence_47668,48.0,508.9124
sequence_47807,42.0,sequence_47670,97.0,408.8378
sequence_47807,42.0,sequence_47665,50.0,387.4935
sequence_47807,42.0,sequence_47661,52.0,397.1472
sequence_47807,42.0,sequence_47667,86.0,222.0541
sequence_47807,42.0,sequence_47726,120.0,470.4306
sequence_47807,42.0,sequence_47734,110.0,460.7769
sequence_47807,42.0,sequence_47811,24.0,463.9424
sequence_47807,42.0,sequence_47662,28.0,507.69610000000006
sequence_47807,42.0,sequence_47731,32.0,462.88880000000006
sequence_47807,42.0,sequence_47733,25.0,362.8142
sequence_47807,42.0,sequence_47732,30.0,479.3043
sequence_47807,42.0,sequence_47755,100.0,274.7159
sequence_47807,42.0,sequence_47746,94.0,415.9008
sequence_47807,42.0,sequence_47754,70.0,374.79049999999995
sequence_47807,42.0,sequence_47753,74.0,272.679
sequence_47807,42.0,sequence_47740,158.0,334.7794
sequence_47807,42.0,sequence_47742,108.0,221.50029999999998
sequence_47807,42.0,sequence_47715,101.0,214.02800000000002
sequence_47807,42.0,sequence_47718,81.0,219.7774
sequence_47807,42.0,sequence_47717,66.0,351.1168
sequence_47807,42.0,sequence_47720,80.0,479.2975
sequence_47807,42.0,sequence_47716,84.0,292.0459
sequence_47807,42.0,sequence_47719,66.0,462.882
sequence_47807,42.0,sequence_47723,69.0,281.6559
sequence_47807,42.0,sequence_47722,75.0,207.895
sequence_47807,42.0,sequence_47674,38.0,290.0045
sequence_47807,42.0,sequence_47676,56.0,242.3465
sequence_47807,42.0,sequence_47711,57.0,248.10039999999998
sequence_47807,42.0,sequence_47739,35.0,209.6179
sequence_47807,42.0,sequence_47735,55.0,292.322
sequence_47807,42.0,sequence_47793,16.0,314.6468
sequence_47807,42.0,sequence_47801,4.0,295.639
sequence_47807,42.0,sequence_47805,22.0,313.75329999999997
sequence_47807,42.0,sequence_47802,4.0,301.3884
sequence_47807,42.0,sequence_47794,18.0,319.5027
sequence_47807,42.0,sequence_47728,12.0,334.5368
sequence_47807,42.0,sequence_47808,4.0,396.12960000000004
sequence_47807,42.0,sequence_47792,12.0,348.56690000000003
sequence_47807,42.0,sequence_47791,4.0,262.6124
sequence_47807,42.0,sequence_47788,5.0,302.2819
sequence_47807,42.0,sequence_47729,34.0,386.57120000000003
sequence_47807,42.0,sequence_47809,10.0,448.16400000000004
sequence_47807,42.0,sequence_47737,27.0,486.16830000000004
sequence_47807,42.0,sequence_47810,5.57,313.5596
sequence_47807,42.0,sequence_47766,4.19,308.34360000000004
sequence_47807,42.0,sequence_47736,19.0,434.13390000000004
sequence_47804,23.0,sequence_47787,5.0,122.33290000000001
sequence_47804,23.0,sequence_47684,23.0,209.9588
sequence_47804,23.0,sequence_47789,10.0,80.4243
sequence_47804,23.0,sequence_47790,9.0,127.1888
sequence_47804,23.0,sequence_47781,12.0,54.4927
sequence_47804,23.0,sequence_47777,11.0,48.551500000000004
sequence_47804,23.0,sequence_47779,11.0,60.43390000000001
sequence_47804,23.0,sequence_47784,21.0,182.6734
sequence_47804,23.0,sequence_47786,18.0,115.0706
sequence_47804,23.0,sequence_47782,17.0,138.4518
sequence_47804,23.0,sequence_47772,12.0,158.55020000000002
sequence_47804,23.0,sequence_47795,7.0,212.5093
sequence_47804,23.0,sequence_47776,9.0,301.5802
sequence_47804,23.0,sequence_47685,24.0,215.70819999999998
sequence_47804,23.0,sequence_47679,44.0,136.1774
sequence_47804,23.0,sequence_47695,52.0,209.0653
sequence_47804,23.0,sequence_47710,43.0,246.17610000000002
sequence_47804,23.0,sequence_47686,22.0,168.05020000000002
sequence_47804,23.0,sequence_47778,26.0,6.642899999999999
sequence_47804,23.0,sequence_47780,23.0,18.525300000000005
sequence_47804,23.0,sequence_47785,25.0,49.694900000000004
sequence_47804,23.0,sequence_47803,12.0,79.5308
sequence_47804,23.0,sequence_47663,36.0,243.3201
sequence_47804,23.0,sequence_47757,36.0,237.5707
sequence_47804,23.0,sequence_47783,24.5,284.34860000000003
sequence_47804,23.0,sequence_47796,20.0,207.2001
sequence_47804,23.0,sequence_47750,25.0,213.4475
sequence_47804,23.0,sequence_47760,26.0,439.1816
sequence_47804,23.0,sequence_47773,19.0,116.6416
sequence_47804,23.0,sequence_47768,17.0,84.7688
sequence_47804,23.0,sequence_47771,18.0,142.44389999999999
sequence_47804,23.0,sequence_47681,44.0,141.92680000000001
sequence_47804,23.0,sequence_47696,47.0,214.8147
sequence_47804,23.0,sequence_47680,73.0,253.9588
sequence_47804,23.0,sequence_47673,65.5,172.3947
sequence_47804,23.0,sequence_47700,65.0,458.4547
sequence_47804,23.0,sequence_47689,52.0,269.4058
sequence_47804,23.0,sequence_47683,75.0,243.24
sequence_47804,23.0,sequence_47697,55.5,167.1567
sequence_47804,23.0,sequence_47678,37.0,204.26749999999998
sequence_47804,23.0,sequence_47682,53.0,94.2688
sequence_47804,23.0,sequence_47724,48.0,127.8288
sequence_47804,23.0,sequence_47806,73.0,328.92019999999997
sequence_47804,23.0,sequence_47807,42.0,174.1996
sequence_47804,23.0,sequence_47800,20.0,11.690600000000002
sequence_47804,23.0,sequence_47799,24.0,17.631800000000005
sequence_47804,23.0,sequence_47664,32.0,249.0695
sequence_47804,23.0,sequence_47666,69.0,422.5674
sequence_47804,23.0,sequence_47671,36.0,316.6482
sequence_47804,23.0,sequence_47727,45.0,322.35290000000003
sequence_47804,23.0,sequence_47756,37.0,339.2459
sequence_47804,23.0,sequence_47775,23.0,463.59590000000003
sequence_47804,23.0,sequence_47730,35.0,245.2044
sequence_47804,23.0,sequence_47758,22.0,262.0974
sequence_47804,23.0,sequence_47797,27.0,329.43960000000004
sequence_47804,23.0,sequence_47798,23.0,180.88639999999998
sequence_47804,23.0,sequence_47751,34.0,219.19689999999997
sequence_47804,23.0,sequence_47741,102.0,151.5485
sequence_47804,23.0,sequence_47743,63.0,288.6373
sequence_47804,23.0,sequence_47752,67.0,212.12189999999998
sequence_47804,23.0,sequence_47745,83.0,298.291
sequence_47804,23.0,sequence_47747,72.0,400.4025
sequence_47804,23.0,sequence_47748,79.0,416.818
sequence_47804,23.0,sequence_47749,81.0,325.74809999999997
sequence_47804,23.0,sequence_47744,69.0,366.8425
sequence_47804,23.0,sequence_47721,40.0,164.0666
sequence_47804,23.0,sequence_47759,36.0,163.1731
sequence_47804,23.0,sequence_47774,21.0,37.1108
sequence_47804,23.0,sequence_47770,25.0,270.03659999999996
sequence_47804,23.0,sequence_47713,51.0,161.0104
sequence_47804,23.0,sequence_47738,55.0,139.6661
sequence_47804,23.0,sequence_47769,25.0,42.8602
sequence_47804,23.0,sequence_47702,69.0,464.2041
sequence_47804,23.0,sequence_47672,76.0,147.868
sequence_47804,23.0,sequence_47705,71.0,284.9568
sequence_47804,23.0,sequence_47694,51.0,379.9547
sequence_47804,23.0,sequence_47691,40.0,158.6651
sequence_47804,23.0,sequence_47701,63.0,576.2361
sequence_47804,23.0,sequence_47706,77.0,444.89669999999995
sequence_47804,23.0,sequence_47675,57.0,363.93699999999995
sequence_47804,23.0,sequence_47698,56.0,135.2839
sequence_47804,23.0,sequence_47688,90.0,264.4364
sequence_47804,23.0,sequence_47704,98.0,565.5173
sequence_47804,23.0,sequence_47708,111.0,434.17789999999997
sequence_47804,23.0,sequence_47709,119.0,279.45730000000003
sequence_47804,23.0,sequence_47677,103.0,279.4573
sequence_47804,23.0,sequence_47692,87.5,111.00710000000001
sequence_47804,23.0,sequence_47703,95.0,416.54609999999997
sequence_47804,23.0,sequence_47707,79.0,285.20669999999996
sequence_47804,23.0,sequence_47762,127.0,357.50379999999996
sequence_47804,23.0,sequence_47765,118.0,500.5338
sequence_47804,23.0,sequence_47767,105.0,412.10179999999997
sequence_47804,23.0,sequence_47812,121.0,345.8132
sequence_47804,23.0,sequence_47761,120.0,351.5626
sequence_47804,23.0,sequence_47764,118.0,367.15749999999997
sequence_47804,23.0,sequence_47763,122.0,384.29569999999995
sequence_47804,23.0,sequence_47699,62.0,87.6259
sequence_47804,23.0,sequence_47687,92.0,183.2756
sequence_47804,23.0,sequence_47693,64.0,242.3465
sequence_47804,23.0,sequence_47690,63.0,227.4972
sequence_47804,23.0,sequence_47712,49.0,93.37979999999999
sequence_47804,23.0,sequence_47714,51.0,76.2416
sequence_47804,23.0,sequence_47725,57.0,121.1859
sequence_47804,23.0,sequence_47669,32.0,359.9412
sequence_47804,23.0,sequence_47668,48.0,397.052
sequence_47804,23.0,sequence_47670,97.0,296.9774
sequence_47804,23.0,sequence_47665,50.0,294.9405
sequence_47804,23.0,sequence_47661,52.0,285.28679999999997
sequence_47804,23.0,sequence_47667,86.0,396.2537
sequence_47804,23.0,sequence_47726,120.0,358.5702
sequence_47804,23.0,sequence_47734,110.0,368.2239
sequence_47804,23.0,sequence_47811,24.0,301.2416
sequence_47804,23.0,sequence_47662,28.0,344.99530000000004
sequence_47804,23.0,sequence_47731,32.0,351.02840000000003
sequence_47804,23.0,sequence_47733,25.0,250.9538
sequence_47804,23.0,sequence_47732,30.0,367.44390000000004
sequence_47804,23.0,sequence_47755,100.0,151.3567
sequence_47804,23.0,sequence_47746,94.0,304.0404
sequence_47804,23.0,sequence_47754,70.0,251.43130000000002
sequence_47804,23.0,sequence_47753,74.0,149.3198
sequence_47804,23.0,sequence_47740,158.0,222.91899999999998
sequence_47804,23.0,sequence_47742,108.0,109.63990000000001
sequence_47804,23.0,sequence_47715,101.0,102.1676
sequence_47804,23.0,sequence_47718,81.0,107.917
sequence_47804,23.0,sequence_47717,66.0,239.25639999999999
sequence_47804,23.0,sequence_47720,80.0,367.4371
sequence_47804,23.0,sequence_47716,84.0,180.1855
sequence_47804,23.0,sequence_47719,66.0,351.0216
sequence_47804,23.0,sequence_47723,69.0,158.2967
sequence_47804,23.0,sequence_47722,75.0,84.5358
sequence_47804,23.0,sequence_47674,38.0,178.14409999999998
sequence_47804,23.0,sequence_47676,56.0,130.4861
sequence_47804,23.0,sequence_47711,57.0,136.24
sequence_47804,23.0,sequence_47739,35.0,97.7575
sequence_47804,23.0,sequence_47735,55.0,180.4616
sequence_47804,23.0,sequence_47793,16.0,140.44719999999998
sequence_47804,23.0,sequence_47801,4.0,121.4394
sequence_47804,23.0,sequence_47805,22.0,139.5537
sequence_47804,23.0,sequence_47802,4.0,127.18879999999999
sequence_47804,23.0,sequence_47794,18.0,145.3031
sequence_47804,23.0,sequence_47728,12.0,160.3372
sequence_47804,23.0,sequence_47808,4.0,221.93
sequence_47804,23.0,sequence_47792,12.0,174.3673
sequence_47804,23.0,sequence_47791,4.0,88.41279999999999
sequence_47804,23.0,sequence_47788,5.0,128.08229999999998
sequence_47804,23.0,sequence_47729,34.0,212.3716
sequence_47804,23.0,sequence_47809,10.0,273.9644
sequence_47804,23.0,sequence_47737,27.0,311.9687
sequence_47804,23.0,sequence_47810,5.57,139.36
sequence_47804,23.0,sequence_47766,4.19,134.144
sequence_47804,23.0,sequence_47736,19.0,259.9343
sequence_47800,20.0,sequence_47787,5.0,134.02349999999998
sequence_47800,20.0,sequence_47684,23.0,221.6494
sequence_47800,20.0,sequence_47789,10.0,92.1149
sequence_47800,20.0,sequence_47790,9.0,138.8794
sequence_47800,20.0,sequence_47781,12.0,42.802099999999996
sequence_47800,20.0,sequence_47777,11.0,48.743300000000005
sequence_47800,20.0,sequence_47779,11.0,48.743300000000005
sequence_47800,20.0,sequence_47784,21.0,170.98279999999997
sequence_47800,20.0,sequence_47786,18.0,126.7612
sequence_47800,20.0,sequence_47782,17.0,126.7612
sequence_47800,20.0,sequence_47772,12.0,170.24079999999998
sequence_47800,20.0,sequence_47795,7.0,224.1999
sequence_47800,20.0,sequence_47776,9.0,313.2708
sequence_47800,20.0,sequence_47685,24.0,227.3988
sequence_47800,20.0,sequence_47679,44.0,136.3692
sequence_47800,20.0,sequence_47695,52.0,220.7559
sequence_47800,20.0,sequence_47710,43.0,257.8667
sequence_47800,20.0,sequence_47686,22.0,179.7408
sequence_47800,20.0,sequence_47778,26.0,6.8347000000000016
sequence_47800,20.0,sequence_47780,23.0,6.8347000000000016
sequence_47800,20.0,sequence_47785,25.0,38.0043
sequence_47800,20.0,sequence_47803,12.0,91.2214
sequence_47800,20.0,sequence_47663,36.0,231.62949999999998
sequence_47800,20.0,sequence_47757,36.0,225.88009999999997
sequence_47800,20.0,sequence_47783,24.5,272.658
sequence_47800,20.0,sequence_47796,20.0,195.50949999999997
sequence_47800,20.0,sequence_47750,25.0,225.1381
sequence_47800,20.0,sequence_47760,26.0,450.8722
sequence_47800,20.0,sequence_47773,19.0,128.3322
sequence_47800,20.0,sequence_47768,17.0,84.9606
sequence_47800,20.0,sequence_47771,18.0,154.1345
sequence_47800,20.0,sequence_47681,44.0,142.11860000000001
sequence_47800,20.0,sequence_47696,47.0,226.50529999999998
sequence_47800,20.0,sequence_47680,73.0,254.1506
sequence_47800,20.0,sequence_47673,65.5,172.5865
sequence_47800,20.0,sequence_47700,65.0,458.6465
sequence_47800,20.0,sequence_47689,52.0,257.7152
sequence_47800,20.0,sequence_47683,75.0,231.5494
sequence_47800,20.0,sequence_47697,55.5,178.84730000000002
sequence_47800,20.0,sequence_47678,37.0,215.9581
sequence_47800,20.0,sequence_47682,53.0,94.4606
sequence_47800,20.0,sequence_47724,48.0,128.0206
sequence_47800,20.0,sequence_47806,73.0,329.11199999999997
sequence_47800,20.0,sequence_47807,42.0,174.3914
sequence_47800,20.0,sequence_47804,23.0,11.690600000000002
sequence_47800,20.0,sequence_47799,24.0,5.941200000000002
sequence_47800,20.0,sequence_47664,32.0,237.37890000000002
sequence_47800,20.0,sequence_47666,69.0,410.8768
sequence_47800,20.0,sequence_47671,36.0,304.95759999999996
sequence_47800,20.0,sequence_47727,45.0,310.6623
sequence_47800,20.0,sequence_47756,37.0,327.5553
sequence_47800,20.0,sequence_47775,23.0,451.9053
sequence_47800,20.0,sequence_47730,35.0,233.51379999999997
sequence_47800,20.0,sequence_47758,22.0,250.40679999999998
sequence_47800,20.0,sequence_47797,27.0,317.749
sequence_47800,20.0,sequence_47798,23.0,169.1958
sequence_47800,20.0,sequence_47751,34.0,230.8875
sequence_47800,20.0,sequence_47741,102.0,139.8579
sequence_47800,20.0,sequence_47743,63.0,276.9467
sequence_47800,20.0,sequence_47752,67.0,223.8125
sequence_47800,20.0,sequence_47745,83.0,286.60040000000004
sequence_47800,20.0,sequence_47747,72.0,388.7119
sequence_47800,20.0,sequence_47748,79.0,405.1274
sequence_47800,20.0,sequence_47749,81.0,314.0575
sequence_47800,20.0,sequence_47744,69.0,355.1519
sequence_47800,20.0,sequence_47721,40.0,175.7572
sequence_47800,20.0,sequence_47759,36.0,174.8637
sequence_47800,20.0,sequence_47774,21.0,48.8014
sequence_47800,20.0,sequence_47770,25.0,258.346
sequence_47800,20.0,sequence_47713,51.0,161.2022
sequence_47800,20.0,sequence_47738,55.0,139.8579
sequence_47800,20.0,sequence_47769,25.0,43.052
sequence_47800,20.0,sequence_47702,69.0,464.3959
sequence_47800,20.0,sequence_47672,76.0,148.0598
sequence_47800,20.0,sequence_47705,71.0,285.1486
sequence_47800,20.0,sequence_47694,51.0,391.6453
sequence_47800,20.0,sequence_47691,40.0,146.9745
sequence_47800,20.0,sequence_47701,63.0,576.4278999999999
sequence_47800,20.0,sequence_47706,77.0,445.08849999999995
sequence_47800,20.0,sequence_47675,57.0,364.1288
sequence_47800,20.0,sequence_47698,56.0,146.9745
sequence_47800,20.0,sequence_47688,90.0,252.7458
sequence_47800,20.0,sequence_47704,98.0,553.8267
sequence_47800,20.0,sequence_47708,111.0,422.4873
sequence_47800,20.0,sequence_47709,119.0,267.7667
sequence_47800,20.0,sequence_47677,103.0,267.7667
sequence_47800,20.0,sequence_47692,87.5,99.3165
sequence_47800,20.0,sequence_47703,95.0,416.73789999999997
sequence_47800,20.0,sequence_47707,79.0,285.39849999999996
sequence_47800,20.0,sequence_47762,127.0,357.69559999999996
sequence_47800,20.0,sequence_47765,118.0,500.7256
sequence_47800,20.0,sequence_47767,105.0,412.29359999999997
sequence_47800,20.0,sequence_47812,121.0,346.005
sequence_47800,20.0,sequence_47761,120.0,351.7544
sequence_47800,20.0,sequence_47764,118.0,367.34929999999997
sequence_47800,20.0,sequence_47763,122.0,384.48749999999995
sequence_47800,20.0,sequence_47699,62.0,99.3165
sequence_47800,20.0,sequence_47687,92.0,171.585
sequence_47800,20.0,sequence_47693,64.0,230.6559
sequence_47800,20.0,sequence_47690,63.0,215.8066
sequence_47800,20.0,sequence_47712,49.0,105.07039999999999
sequence_47800,20.0,sequence_47714,51.0,87.93220000000001
sequence_47800,20.0,sequence_47725,57.0,132.8765
sequence_47800,20.0,sequence_47669,32.0,348.2506
sequence_47800,20.0,sequence_47668,48.0,385.3614
sequence_47800,20.0,sequence_47670,97.0,285.2868
sequence_47800,20.0,sequence_47665,50.0,283.2499
sequence_47800,20.0,sequence_47661,52.0,273.5962
sequence_47800,20.0,sequence_47667,86.0,384.5631
sequence_47800,20.0,sequence_47726,120.0,346.8796
sequence_47800,20.0,sequence_47734,110.0,356.5333
sequence_47800,20.0,sequence_47811,24.0,289.551
sequence_47800,20.0,sequence_47662,28.0,333.3047
sequence_47800,20.0,sequence_47731,32.0,339.3378
sequence_47800,20.0,sequence_47733,25.0,239.2632
sequence_47800,20.0,sequence_47732,30.0,355.7533
sequence_47800,20.0,sequence_47755,100.0,163.0473
sequence_47800,20.0,sequence_47746,94.0,292.3498
sequence_47800,20.0,sequence_47754,70.0,263.1219
sequence_47800,20.0,sequence_47753,74.0,161.0104
sequence_47800,20.0,sequence_47740,158.0,211.22840000000002
sequence_47800,20.0,sequence_47742,108.0,97.9493
sequence_47800,20.0,sequence_47715,101.0,90.477
sequence_47800,20.0,sequence_47718,81.0,96.2264
sequence_47800,20.0,sequence_47717,66.0,227.5658
sequence_47800,20.0,sequence_47720,80.0,355.74649999999997
sequence_47800,20.0,sequence_47716,84.0,168.4949
sequence_47800,20.0,sequence_47719,66.0,339.331
sequence_47800,20.0,sequence_47723,69.0,169.98729999999998
sequence_47800,20.0,sequence_47722,75.0,96.2264
sequence_47800,20.0,sequence_47674,38.0,178.33589999999998
sequence_47800,20.0,sequence_47676,56.0,130.6779
sequence_47800,20.0,sequence_47711,57.0,136.4318
sequence_47800,20.0,sequence_47739,35.0,97.9493
sequence_47800,20.0,sequence_47735,55.0,180.6534
sequence_47800,20.0,sequence_47793,16.0,152.1378
sequence_47800,20.0,sequence_47801,4.0,133.13
sequence_47800,20.0,sequence_47805,22.0,151.2443
sequence_47800,20.0,sequence_47802,4.0,138.87939999999998
sequence_47800,20.0,sequence_47794,18.0,156.9937
sequence_47800,20.0,sequence_47728,12.0,172.0278
sequence_47800,20.0,sequence_47808,4.0,233.62060000000002
sequence_47800,20.0,sequence_47792,12.0,186.0579
sequence_47800,20.0,sequence_47791,4.0,100.1034
sequence_47800,20.0,sequence_47788,5.0,139.77289999999996
sequence_47800,20.0,sequence_47729,34.0,224.06220000000002
sequence_47800,20.0,sequence_47809,10.0,285.65500000000003
sequence_47800,20.0,sequence_47737,27.0,323.65930000000003
sequence_47800,20.0,sequence_47810,5.57,151.0506
sequence_47800,20.0,sequence_47766,4.19,145.8346
sequence_47800,20.0,sequence_47736,19.0,271.6249
sequence_47799,24.0,sequence_47787,5.0,128.08229999999998
sequence_47799,24.0,sequence_47684,23.0,215.70819999999998
sequence_47799,24.0,sequence_47789,10.0,86.17370000000001
sequence_47799,24.0,sequence_47790,9.0,132.9382
sequence_47799,24.0,sequence_47781,12.0,48.743300000000005
sequence_47799,24.0,sequence_47777,11.0,54.6845
sequence_47799,24.0,sequence_47779,11.0,42.802099999999996
sequence_47799,24.0,sequence_47784,21.0,165.0416
sequence_47799,24.0,sequence_47786,18.0,132.70239999999998
sequence_47799,24.0,sequence_47782,17.0,120.82
sequence_47799,24.0,sequence_47772,12.0,164.2996
sequence_47799,24.0,sequence_47795,7.0,218.25869999999998
sequence_47799,24.0,sequence_47776,9.0,307.32959999999997
sequence_47799,24.0,sequence_47685,24.0,221.4576
sequence_47799,24.0,sequence_47679,44.0,142.31040000000002
sequence_47799,24.0,sequence_47695,52.0,214.8147
sequence_47799,24.0,sequence_47710,43.0,251.9255
sequence_47799,24.0,sequence_47686,22.0,173.7996
sequence_47799,24.0,sequence_47778,26.0,12.775900000000004
sequence_47799,24.0,sequence_47780,23.0,0.8934999999999995
sequence_47799,24.0,sequence_47785,25.0,32.0631
sequence_47799,24.0,sequence_47803,12.0,85.28020000000001
sequence_47799,24.0,sequence_47663,36.0,225.6883
sequence_47799,24.0,sequence_47757,36.0,219.9389
sequence_47799,24.0,sequence_47783,24.5,266.71680000000003
sequence_47799,24.0,sequence_47796,20.0,189.5683
sequence_47799,24.0,sequence_47750,25.0,219.19689999999997
sequence_47799,24.0,sequence_47760,26.0,444.93100000000004
sequence_47799,24.0,sequence_47773,19.0,122.391
sequence_47799,24.0,sequence_47768,17.0,90.9018
sequence_47799,24.0,sequence_47771,18.0,148.1933
sequence_47799,24.0,sequence_47681,44.0,148.0598
sequence_47799,24.0,sequence_47696,47.0,220.5641
sequence_47799,24.0,sequence_47680,73.0,260.0918
sequence_47799,24.0,sequence_47673,65.5,178.52769999999998
sequence_47799,24.0,sequence_47700,65.0,464.5877
sequence_47799,24.0,sequence_47689,52.0,251.774
sequence_47799,24.0,sequence_47683,75.0,237.49060000000003
sequence_47799,24.0,sequence_47697,55.5,172.9061
sequence_47799,24.0,sequence_47678,37.0,210.01690000000002
sequence_47799,24.0,sequence_47682,53.0,100.40180000000001
sequence_47799,24.0,sequence_47724,48.0,133.9618
sequence_47799,24.0,sequence_47806,73.0,335.0532
sequence_47799,24.0,sequence_47807,42.0,180.3326
sequence_47799,24.0,sequence_47804,23.0,17.631800000000005
sequence_47799,24.0,sequence_47800,20.0,5.941200000000002
sequence_47799,24.0,sequence_47664,32.0,231.43769999999998
sequence_47799,24.0,sequence_47666,69.0,404.9356
sequence_47799,24.0,sequence_47671,36.0,299.0164
sequence_47799,24.0,sequence_47727,45.0,304.72110000000004
sequence_47799,24.0,sequence_47756,37.0,321.6141
sequence_47799,24.0,sequence_47775,23.0,445.96410000000003
sequence_47799,24.0,sequence_47730,35.0,227.5726
sequence_47799,24.0,sequence_47758,22.0,244.4656
sequence_47799,24.0,sequence_47797,27.0,311.80780000000004
sequence_47799,24.0,sequence_47798,23.0,163.2546
sequence_47799,24.0,sequence_47751,34.0,224.9463
sequence_47799,24.0,sequence_47741,102.0,133.9167
sequence_47799,24.0,sequence_47743,63.0,282.8879
sequence_47799,24.0,sequence_47752,67.0,217.87130000000002
sequence_47799,24.0,sequence_47745,83.0,292.5416
sequence_47799,24.0,sequence_47747,72.0,382.77070000000003
sequence_47799,24.0,sequence_47748,79.0,399.18620000000004
sequence_47799,24.0,sequence_47749,81.0,308.1163
sequence_47799,24.0,sequence_47744,69.0,349.21070000000003
sequence_47799,24.0,sequence_47721,40.0,169.816
sequence_47799,24.0,sequence_47759,36.0,168.9225
sequence_47799,24.0,sequence_47774,21.0,54.7426
sequence_47799,24.0,sequence_47770,25.0,252.40480000000002
sequence_47799,24.0,sequence_47713,51.0,167.14339999999999
sequence_47799,24.0,sequence_47738,55.0,145.7991
sequence_47799,24.0,sequence_47769,25.0,48.9932
sequence_47799,24.0,sequence_47702,69.0,470.33709999999996
sequence_47799,24.0,sequence_47672,76.0,154.001
sequence_47799,24.0,sequence_47705,71.0,291.08979999999997
sequence_47799,24.0,sequence_47694,51.0,385.7041
sequence_47799,24.0,sequence_47691,40.0,141.0333
sequence_47799,24.0,sequence_47701,63.0,582.3691
sequence_47799,24.0,sequence_47706,77.0,451.02969999999993
sequence_47799,24.0,sequence_47675,57.0,370.07
sequence_47799,24.0,sequence_47698,56.0,152.91570000000002
sequence_47799,24.0,sequence_47688,90.0,246.80460000000002
sequence_47799,24.0,sequence_47704,98.0,559.7679
sequence_47799,24.0,sequence_47708,111.0,428.4285
sequence_47799,24.0,sequence_47709,119.0,273.7079
sequence_47799,24.0,sequence_47677,103.0,273.7079
sequence_47799,24.0,sequence_47692,87.5,93.3753
sequence_47799,24.0,sequence_47703,95.0,422.6791
sequence_47799,24.0,sequence_47707,79.0,291.3397
sequence_47799,24.0,sequence_47762,127.0,363.6368
sequence_47799,24.0,sequence_47765,118.0,506.6668
sequence_47799,24.0,sequence_47767,105.0,418.2348
sequence_47799,24.0,sequence_47812,121.0,351.94620000000003
sequence_47799,24.0,sequence_47761,120.0,357.6956
sequence_47799,24.0,sequence_47764,118.0,373.2905
sequence_47799,24.0,sequence_47763,122.0,390.4287
sequence_47799,24.0,sequence_47699,62.0,105.2577
sequence_47799,24.0,sequence_47687,92.0,165.6438
sequence_47799,24.0,sequence_47693,64.0,236.5971
sequence_47799,24.0,sequence_47690,63.0,209.86540000000002
sequence_47799,24.0,sequence_47712,49.0,111.01159999999999
sequence_47799,24.0,sequence_47714,51.0,93.8734
sequence_47799,24.0,sequence_47725,57.0,138.8177
sequence_47799,24.0,sequence_47669,32.0,342.3094
sequence_47799,24.0,sequence_47668,48.0,379.42019999999997
sequence_47799,24.0,sequence_47670,97.0,279.3456
sequence_47799,24.0,sequence_47665,50.0,277.3087
sequence_47799,24.0,sequence_47661,52.0,267.655
sequence_47799,24.0,sequence_47667,86.0,378.62190000000004
sequence_47799,24.0,sequence_47726,120.0,340.9384
sequence_47799,24.0,sequence_47734,110.0,350.5921
sequence_47799,24.0,sequence_47811,24.0,283.6098
sequence_47799,24.0,sequence_47662,28.0,327.36350000000004
sequence_47799,24.0,sequence_47731,32.0,333.39660000000003
sequence_47799,24.0,sequence_47733,25.0,233.32199999999997
sequence_47799,24.0,sequence_47732,30.0,349.81210000000004
sequence_47799,24.0,sequence_47755,100.0,157.1061
sequence_47799,24.0,sequence_47746,94.0,298.291
sequence_47799,24.0,sequence_47754,70.0,257.1807
sequence_47799,24.0,sequence_47753,74.0,166.95159999999998
sequence_47799,24.0,sequence_47740,158.0,205.28719999999998
sequence_47799,24.0,sequence_47742,108.0,92.0081
sequence_47799,24.0,sequence_47715,101.0,84.5358
sequence_47799,24.0,sequence_47718,81.0,90.28519999999999
sequence_47799,24.0,sequence_47717,66.0,233.507
sequence_47799,24.0,sequence_47720,80.0,349.8053
sequence_47799,24.0,sequence_47716,84.0,162.5537
sequence_47799,24.0,sequence_47719,66.0,333.3898
sequence_47799,24.0,sequence_47723,69.0,175.92849999999999
sequence_47799,24.0,sequence_47722,75.0,102.1676
sequence_47799,24.0,sequence_47674,38.0,184.2771
sequence_47799,24.0,sequence_47676,56.0,136.6191
sequence_47799,24.0,sequence_47711,57.0,142.373
sequence_47799,24.0,sequence_47739,35.0,103.8905
sequence_47799,24.0,sequence_47735,55.0,186.5946
sequence_47799,24.0,sequence_47793,16.0,146.1966
sequence_47799,24.0,sequence_47801,4.0,127.18879999999999
sequence_47799,24.0,sequence_47805,22.0,145.3031
sequence_47799,24.0,sequence_47802,4.0,132.9382
sequence_47799,24.0,sequence_47794,18.0,151.05249999999998
sequence_47799,24.0,sequence_47728,12.0,166.08659999999998
sequence_47799,24.0,sequence_47808,4.0,227.6794
sequence_47799,24.0,sequence_47792,12.0,180.1167
sequence_47799,24.0,sequence_47791,4.0,94.1622
sequence_47799,24.0,sequence_47788,5.0,133.83169999999998
sequence_47799,24.0,sequence_47729,34.0,218.12100000000004
sequence_47799,24.0,sequence_47809,10.0,279.71380000000005
sequence_47799,24.0,sequence_47737,27.0,317.71810000000005
sequence_47799,24.0,sequence_47810,5.57,145.1094
sequence_47799,24.0,sequence_47766,4.19,139.89339999999999
sequence_47799,24.0,sequence_47736,19.0,265.68370000000004
sequence_47664,32.0,sequence_47787,5.0,194.5768
sequence_47664,32.0,sequence_47684,23.0,206.19410000000002
sequence_47664,32.0,sequence_47789,10.0,236.48539999999997
sequence_47664,32.0,sequence_47790,9.0,240.56130000000002
sequence_47664,32.0,sequence_47781,12.0,194.5768
sequence_47664,32.0,sequence_47777,11.0,200.51800000000003
sequence_47664,32.0,sequence_47779,11.0,188.6356
sequence_47664,32.0,sequence_47784,21.0,66.39609999999999
sequence_47664,32.0,sequence_47786,18.0,278.5359
sequence_47664,32.0,sequence_47782,17.0,110.61770000000001
sequence_47664,32.0,sequence_47772,12.0,232.5811
sequence_47664,32.0,sequence_47795,7.0,284.7532
sequence_47664,32.0,sequence_47776,9.0,375.6111
sequence_47664,32.0,sequence_47685,24.0,200.4447
sequence_47664,32.0,sequence_47679,44.0,212.13530000000003
sequence_47664,32.0,sequence_47695,52.0,207.0876
sequence_47664,32.0,sequence_47710,43.0,244.19840000000002
sequence_47664,32.0,sequence_47686,22.0,248.1027
sequence_47664,32.0,sequence_47778,26.0,242.4266
sequence_47664,32.0,sequence_47780,23.0,230.5442
sequence_47664,32.0,sequence_47785,25.0,199.3746
sequence_47664,32.0,sequence_47803,12.0,237.3789
sequence_47664,32.0,sequence_47663,36.0,5.7494
sequence_47664,32.0,sequence_47757,36.0,11.4988
sequence_47664,32.0,sequence_47783,24.5,209.1999
sequence_47664,32.0,sequence_47796,20.0,92.70979999999999
sequence_47664,32.0,sequence_47750,25.0,177.68380000000002
sequence_47664,32.0,sequence_47760,26.0,437.2039000000001
sequence_47664,32.0,sequence_47773,19.0,274.48969999999997
sequence_47664,32.0,sequence_47768,17.0,238.52230000000003
sequence_47664,32.0,sequence_47771,18.0,233.4746
sequence_47664,32.0,sequence_47681,44.0,206.38590000000002
sequence_47664,32.0,sequence_47696,47.0,201.33820000000003
sequence_47664,32.0,sequence_47680,73.0,361.1065
sequence_47664,32.0,sequence_47673,65.5,250.13960000000003
sequence_47664,32.0,sequence_47700,65.0,536.1996
sequence_47664,32.0,sequence_47689,52.0,78.90690000000001
sequence_47664,32.0,sequence_47683,75.0,391.1327
sequence_47664,32.0,sequence_47697,55.5,248.9962
sequence_47664,32.0,sequence_47678,37.0,286.10699999999997
sequence_47664,32.0,sequence_47682,53.0,254.0439
sequence_47664,32.0,sequence_47724,48.0,287.6039
sequence_47664,32.0,sequence_47806,73.0,566.4909
sequence_47664,32.0,sequence_47807,42.0,411.7703
sequence_47664,32.0,sequence_47804,23.0,249.0695
sequence_47664,32.0,sequence_47800,20.0,237.37890000000002
sequence_47664,32.0,sequence_47799,24.0,231.43769999999998
sequence_47664,32.0,sequence_47666,69.0,186.7837
sequence_47664,32.0,sequence_47671,36.0,80.86449999999999
sequence_47664,32.0,sequence_47727,45.0,171.1956
sequence_47664,32.0,sequence_47756,37.0,154.3026
sequence_47664,32.0,sequence_47775,23.0,390.2342
sequence_47664,32.0,sequence_47730,35.0,54.705499999999994
sequence_47664,32.0,sequence_47758,22.0,37.8125
sequence_47664,32.0,sequence_47797,27.0,203.4505
sequence_47664,32.0,sequence_47798,23.0,119.02349999999998
sequence_47664,32.0,sequence_47751,34.0,171.9344
sequence_47664,32.0,sequence_47741,102.0,171.7426
sequence_47664,32.0,sequence_47743,63.0,320.71379999999994
sequence_47664,32.0,sequence_47752,67.0,111.16920000000002
sequence_47664,32.0,sequence_47745,83.0,330.3675
sequence_47664,32.0,sequence_47747,72.0,208.94860000000003
sequence_47664,32.0,sequence_47748,79.0,192.53310000000002
sequence_47664,32.0,sequence_47749,81.0,283.603
sequence_47664,32.0,sequence_47744,69.0,242.50860000000003
sequence_47664,32.0,sequence_47721,40.0,245.90609999999998
sequence_47664,32.0,sequence_47759,36.0,245.0126
sequence_47664,32.0,sequence_47774,21.0,286.1803
sequence_47664,32.0,sequence_47770,25.0,339.3145
sequence_47664,32.0,sequence_47713,51.0,193.47050000000002
sequence_47664,32.0,sequence_47738,55.0,183.62500000000003
sequence_47664,32.0,sequence_47769,25.0,280.4309
sequence_47664,32.0,sequence_47702,69.0,530.4502
sequence_47664,32.0,sequence_47672,76.0,212.32710000000003
sequence_47664,32.0,sequence_47705,71.0,349.4159
sequence_47664,32.0,sequence_47694,51.0,201.33820000000003
sequence_47664,32.0,sequence_47691,40.0,189.6476
sequence_47664,32.0,sequence_47701,63.0,685.1708
sequence_47664,32.0,sequence_47706,77.0,553.8314
sequence_47664,32.0,sequence_47675,57.0,472.8717
sequence_47664,32.0,sequence_47698,56.0,213.0288
sequence_47664,32.0,sequence_47688,90.0,126.56490000000002
sequence_47664,32.0,sequence_47704,98.0,715.197
sequence_47664,32.0,sequence_47708,111.0,583.8576
sequence_47664,32.0,sequence_47709,119.0,429.137
sequence_47664,32.0,sequence_47677,103.0,429.137
sequence_47664,32.0,sequence_47692,87.5,237.30560000000003
sequence_47664,32.0,sequence_47703,95.0,578.1082
sequence_47664,32.0,sequence_47707,79.0,446.7688
sequence_47664,32.0,sequence_47762,127.0,549.7897
sequence_47664,32.0,sequence_47765,118.0,692.8197
sequence_47664,32.0,sequence_47767,105.0,649.6724999999999
sequence_47664,32.0,sequence_47812,121.0,549.5979
sequence_47664,32.0,sequence_47761,120.0,543.8485000000001
sequence_47664,32.0,sequence_47764,118.0,559.4434
sequence_47664,32.0,sequence_47763,122.0,621.8664
sequence_47664,32.0,sequence_47699,62.0,260.6868
sequence_47664,32.0,sequence_47687,92.0,165.0371
sequence_47664,32.0,sequence_47693,64.0,392.0262
sequence_47664,32.0,sequence_47690,63.0,120.81550000000001
sequence_47664,32.0,sequence_47712,49.0,266.4407
sequence_47664,32.0,sequence_47714,51.0,204.0177
sequence_47664,32.0,sequence_47725,57.0,294.2468
sequence_47664,32.0,sequence_47669,32.0,112.6587
sequence_47664,32.0,sequence_47668,48.0,149.7695
sequence_47664,32.0,sequence_47670,97.0,49.694900000000004
sequence_47664,32.0,sequence_47665,50.0,47.658
sequence_47664,32.0,sequence_47661,52.0,38.0043
sequence_47664,32.0,sequence_47667,86.0,213.0974
sequence_47664,32.0,sequence_47726,120.0,209.1999
sequence_47664,32.0,sequence_47734,110.0,218.8536
sequence_47664,32.0,sequence_47811,24.0,192.3069
sequence_47664,32.0,sequence_47662,28.0,148.5532
sequence_47664,32.0,sequence_47731,32.0,149.0307
sequence_47664,32.0,sequence_47733,25.0,48.95609999999999
sequence_47664,32.0,sequence_47732,30.0,165.4462
sequence_47664,32.0,sequence_47755,100.0,171.9344
sequence_47664,32.0,sequence_47746,94.0,324.6181
sequence_47664,32.0,sequence_47754,70.0,71.8598
sequence_47664,32.0,sequence_47753,74.0,193.27870000000001
sequence_47664,32.0,sequence_47740,158.0,231.61430000000004
sequence_47664,32.0,sequence_47742,108.0,213.6512
sequence_47664,32.0,sequence_47715,101.0,239.96489999999997
sequence_47664,32.0,sequence_47718,81.0,234.2155
sequence_47664,32.0,sequence_47717,66.0,388.9360999999999
sequence_47664,32.0,sequence_47720,80.0,260.7554
sequence_47664,32.0,sequence_47716,84.0,161.947
sequence_47664,32.0,sequence_47719,66.0,277.1709
sequence_47664,32.0,sequence_47723,69.0,331.35760000000005
sequence_47664,32.0,sequence_47722,75.0,257.5967
sequence_47664,32.0,sequence_47674,38.0,244.39020000000002
sequence_47664,32.0,sequence_47676,56.0,292.0482
sequence_47664,32.0,sequence_47711,57.0,297.8021
sequence_47664,32.0,sequence_47739,35.0,225.5336
sequence_47664,32.0,sequence_47735,55.0,342.0237
sequence_47664,32.0,sequence_47793,16.0,280.53130000000004
sequence_47664,32.0,sequence_47801,4.0,195.4703
sequence_47664,32.0,sequence_47805,22.0,281.4248
sequence_47664,32.0,sequence_47802,4.0,189.7209
sequence_47664,32.0,sequence_47794,18.0,275.6754
sequence_47664,32.0,sequence_47728,12.0,156.57250000000002
sequence_47664,32.0,sequence_47808,4.0,294.1739
sequence_47664,32.0,sequence_47792,12.0,246.6112
sequence_47664,32.0,sequence_47791,4.0,228.49689999999998
sequence_47664,32.0,sequence_47788,5.0,188.8274
sequence_47664,32.0,sequence_47729,34.0,208.60690000000002
sequence_47664,32.0,sequence_47809,10.0,346.2083
sequence_47664,32.0,sequence_47737,27.0,308.204
sequence_47664,32.0,sequence_47810,5.57,211.6039
sequence_47664,32.0,sequence_47766,4.19,206.3879
sequence_47664,32.0,sequence_47736,19.0,256.1696
sequence_47666,69.0,sequence_47787,5.0,369.86170000000004
sequence_47666,69.0,sequence_47684,23.0,381.47900000000004
sequence_47666,69.0,sequence_47789,10.0,411.7703
sequence_47666,69.0,sequence_47790,9.0,427.345
sequence_47666,69.0,sequence_47781,12.0,369.86170000000004
sequence_47666,69.0,sequence_47777,11.0,375.8029
sequence_47666,69.0,sequence_47779,11.0,363.9205
sequence_47666,69.0,sequence_47784,21.0,241.681
sequence_47666,69.0,sequence_47786,18.0,453.8208
sequence_47666,69.0,sequence_47782,17.0,285.9026
sequence_47666,69.0,sequence_47772,12.0,331.8574
sequence_47666,69.0,sequence_47795,7.0,460.03810000000004
sequence_47666,69.0,sequence_47776,9.0,474.8874
sequence_47666,69.0,sequence_47685,24.0,387.2284
sequence_47666,69.0,sequence_47679,44.0,387.4202
sequence_47666,69.0,sequence_47695,52.0,380.5855
sequence_47666,69.0,sequence_47710,43.0,417.6963
sequence_47666,69.0,sequence_47686,22.0,423.3876
sequence_47666,69.0,sequence_47778,26.0,417.7115
sequence_47666,69.0,sequence_47780,23.0,405.82910000000004
sequence_47666,69.0,sequence_47785,25.0,374.6595
sequence_47666,69.0,sequence_47803,12.0,410.8768
sequence_47666,69.0,sequence_47663,36.0,181.0343
sequence_47666,69.0,sequence_47757,36.0,186.7837
sequence_47666,69.0,sequence_47783,24.5,395.9836
sequence_47666,69.0,sequence_47796,20.0,215.3673
sequence_47666,69.0,sequence_47750,25.0,276.9601
sequence_47666,69.0,sequence_47760,26.0,536.4802
sequence_47666,69.0,sequence_47773,19.0,373.76599999999996
sequence_47666,69.0,sequence_47768,17.0,337.7986
sequence_47666,69.0,sequence_47771,18.0,332.7509
sequence_47666,69.0,sequence_47681,44.0,393.16960000000006
sequence_47666,69.0,sequence_47696,47.0,386.33490000000006
sequence_47666,69.0,sequence_47680,73.0,536.3914
sequence_47666,69.0,sequence_47673,65.5,349.4159
sequence_47666,69.0,sequence_47700,65.0,349.4159
sequence_47666,69.0,sequence_47689,52.0,252.40480000000002
sequence_47666,69.0,sequence_47683,75.0,566.4176
sequence_47666,69.0,sequence_47697,55.5,422.4941
sequence_47666,69.0,sequence_47678,37.0,385.38329999999996
sequence_47666,69.0,sequence_47682,53.0,429.3288
sequence_47666,69.0,sequence_47724,48.0,462.88879999999995
sequence_47666,69.0,sequence_47806,73.0,379.7072
sequence_47666,69.0,sequence_47807,42.0,248.3678
sequence_47666,69.0,sequence_47804,23.0,422.5674
sequence_47666,69.0,sequence_47800,20.0,410.8768
sequence_47666,69.0,sequence_47799,24.0,404.9356
sequence_47666,69.0,sequence_47664,32.0,186.7837
sequence_47666,69.0,sequence_47671,36.0,180.14079999999998
sequence_47666,69.0,sequence_47727,45.0,357.9793
sequence_47666,69.0,sequence_47756,37.0,341.08630000000005
sequence_47666,69.0,sequence_47775,23.0,501.00930000000005
sequence_47666,69.0,sequence_47730,35.0,177.363
sequence_47666,69.0,sequence_47758,22.0,160.47
sequence_47666,69.0,sequence_47797,27.0,337.6068
sequence_47666,69.0,sequence_47798,23.0,241.68099999999998
sequence_47666,69.0,sequence_47751,34.0,282.70950000000005
sequence_47666,69.0,sequence_47741,102.0,271.01890000000003
sequence_47666,69.0,sequence_47743,63.0,419.9901
sequence_47666,69.0,sequence_47752,67.0,210.4455
sequence_47666,69.0,sequence_47745,83.0,429.64380000000006
sequence_47666,69.0,sequence_47747,72.0,308.22490000000005
sequence_47666,69.0,sequence_47748,79.0,291.8094
sequence_47666,69.0,sequence_47749,81.0,382.8793
sequence_47666,69.0,sequence_47744,69.0,341.7849
sequence_47666,69.0,sequence_47721,40.0,345.1824
sequence_47666,69.0,sequence_47759,36.0,344.2889
sequence_47666,69.0,sequence_47774,21.0,385.4566
sequence_47666,69.0,sequence_47770,25.0,438.59080000000006
sequence_47666,69.0,sequence_47713,51.0,292.7468
sequence_47666,69.0,sequence_47738,55.0,282.9013
sequence_47666,69.0,sequence_47769,25.0,379.7072
sequence_47666,69.0,sequence_47702,69.0,355.1653
sequence_47666,69.0,sequence_47672,76.0,399.11080000000004
sequence_47666,69.0,sequence_47705,71.0,250.13960000000003
sequence_47666,69.0,sequence_47694,51.0,386.33490000000006
sequence_47666,69.0,sequence_47691,40.0,374.64430000000004
sequence_47666,69.0,sequence_47701,63.0,498.38710000000003
sequence_47666,69.0,sequence_47706,77.0,653.1077
sequence_47666,69.0,sequence_47675,57.0,572.148
sequence_47666,69.0,sequence_47698,56.0,398.0255
sequence_47666,69.0,sequence_47688,90.0,300.06280000000004
sequence_47666,69.0,sequence_47704,98.0,528.4133
sequence_47666,69.0,sequence_47708,111.0,683.1339
sequence_47666,69.0,sequence_47709,119.0,551.7945
sequence_47666,69.0,sequence_47677,103.0,528.4133
sequence_47666,69.0,sequence_47692,87.5,410.80350000000004
sequence_47666,69.0,sequence_47703,95.0,391.3245
sequence_47666,69.0,sequence_47707,79.0,546.0450999999999
sequence_47666,69.0,sequence_47762,127.0,363.006
sequence_47666,69.0,sequence_47765,118.0,506.03600000000006
sequence_47666,69.0,sequence_47767,105.0,462.88879999999995
sequence_47666,69.0,sequence_47812,121.0,362.8142
sequence_47666,69.0,sequence_47761,120.0,357.0648
sequence_47666,69.0,sequence_47764,118.0,372.6597
sequence_47666,69.0,sequence_47763,122.0,435.08269999999993
sequence_47666,69.0,sequence_47699,62.0,434.1847
sequence_47666,69.0,sequence_47687,92.0,338.535
sequence_47666,69.0,sequence_47693,64.0,565.5241000000001
sequence_47666,69.0,sequence_47690,63.0,294.3134
sequence_47666,69.0,sequence_47712,49.0,439.9386
sequence_47666,69.0,sequence_47714,51.0,377.5156
sequence_47666,69.0,sequence_47725,57.0,467.74469999999997
sequence_47666,69.0,sequence_47669,32.0,297.6554
sequence_47666,69.0,sequence_47668,48.0,260.5446
sequence_47666,69.0,sequence_47670,97.0,160.47
sequence_47666,69.0,sequence_47665,50.0,139.1257
sequence_47666,69.0,sequence_47661,52.0,148.7794
sequence_47666,69.0,sequence_47667,86.0,26.313699999999997
sequence_47666,69.0,sequence_47726,120.0,319.975
sequence_47666,69.0,sequence_47734,110.0,310.3213
sequence_47666,69.0,sequence_47811,24.0,379.0906
sequence_47666,69.0,sequence_47662,28.0,335.3369
sequence_47666,69.0,sequence_47731,32.0,283.187
sequence_47666,69.0,sequence_47733,25.0,183.1124
sequence_47666,69.0,sequence_47732,30.0,299.6025
sequence_47666,69.0,sequence_47755,100.0,282.70950000000005
sequence_47666,69.0,sequence_47746,94.0,435.39320000000004
sequence_47666,69.0,sequence_47754,70.0,182.63490000000002
sequence_47666,69.0,sequence_47753,74.0,304.0538
sequence_47666,69.0,sequence_47740,158.0,342.3894
sequence_47666,69.0,sequence_47742,108.0,312.9275
sequence_47666,69.0,sequence_47715,101.0,339.2412
sequence_47666,69.0,sequence_47718,81.0,333.4918
sequence_47666,69.0,sequence_47717,66.0,488.21239999999995
sequence_47666,69.0,sequence_47720,80.0,360.0317
sequence_47666,69.0,sequence_47716,84.0,261.2233
sequence_47666,69.0,sequence_47719,66.0,376.4472
sequence_47666,69.0,sequence_47723,69.0,430.6339
sequence_47666,69.0,sequence_47722,75.0,356.873
sequence_47666,69.0,sequence_47674,38.0,355.1653
sequence_47666,69.0,sequence_47676,56.0,391.3245
sequence_47666,69.0,sequence_47711,57.0,397.0784
sequence_47666,69.0,sequence_47739,35.0,324.80989999999997
sequence_47666,69.0,sequence_47735,55.0,441.29999999999995
sequence_47666,69.0,sequence_47793,16.0,455.81620000000004
sequence_47666,69.0,sequence_47801,4.0,368.9682
sequence_47666,69.0,sequence_47805,22.0,454.9227000000001
sequence_47666,69.0,sequence_47802,4.0,374.71760000000006
sequence_47666,69.0,sequence_47794,18.0,462.45910000000003
sequence_47666,69.0,sequence_47728,12.0,331.8574
sequence_47666,69.0,sequence_47808,4.0,469.4588
sequence_47666,69.0,sequence_47792,12.0,421.89610000000005
sequence_47666,69.0,sequence_47791,4.0,403.78180000000003
sequence_47666,69.0,sequence_47788,5.0,375.6111
sequence_47666,69.0,sequence_47729,34.0,383.8918
sequence_47666,69.0,sequence_47809,10.0,521.4932
sequence_47666,69.0,sequence_47737,27.0,483.4889
sequence_47666,69.0,sequence_47810,5.57,386.8888
sequence_47666,69.0,sequence_47766,4.19,381.6728
sequence_47666,69.0,sequence_47736,19.0,431.4545
sequence_47671,36.0,sequence_47787,5.0,263.9425
sequence_47671,36.0,sequence_47684,23.0,275.5598
sequence_47671,36.0,sequence_47789,10.0,305.8511
sequence_47671,36.0,sequence_47790,9.0,321.4258
sequence_47671,36.0,sequence_47781,12.0,263.9425
sequence_47671,36.0,sequence_47777,11.0,269.8837
sequence_47671,36.0,sequence_47779,11.0,258.0013
sequence_47671,36.0,sequence_47784,21.0,135.7618
sequence_47671,36.0,sequence_47786,18.0,347.90160000000003
sequence_47671,36.0,sequence_47782,17.0,179.98340000000002
sequence_47671,36.0,sequence_47772,12.0,225.9382
sequence_47671,36.0,sequence_47795,7.0,354.1189
sequence_47671,36.0,sequence_47776,9.0,368.9682
sequence_47671,36.0,sequence_47685,24.0,281.30920000000003
sequence_47671,36.0,sequence_47679,44.0,281.501
sequence_47671,36.0,sequence_47695,52.0,274.6663
sequence_47671,36.0,sequence_47710,43.0,237.5555
sequence_47671,36.0,sequence_47686,22.0,317.4684
sequence_47671,36.0,sequence_47778,26.0,311.79229999999995
sequence_47671,36.0,sequence_47780,23.0,299.9099
sequence_47671,36.0,sequence_47785,25.0,268.7403
sequence_47671,36.0,sequence_47803,12.0,304.95759999999996
sequence_47671,36.0,sequence_47663,36.0,75.1151
sequence_47671,36.0,sequence_47757,36.0,80.86449999999999
sequence_47671,36.0,sequence_47783,24.5,290.0644
sequence_47671,36.0,sequence_47796,20.0,109.4481
sequence_47671,36.0,sequence_47750,25.0,171.0409
sequence_47671,36.0,sequence_47760,26.0,430.56100000000004
sequence_47671,36.0,sequence_47773,19.0,267.8468
sequence_47671,36.0,sequence_47768,17.0,231.8794
sequence_47671,36.0,sequence_47771,18.0,226.8317
sequence_47671,36.0,sequence_47681,44.0,287.2504
sequence_47671,36.0,sequence_47696,47.0,280.4157
sequence_47671,36.0,sequence_47680,73.0,430.4722
sequence_47671,36.0,sequence_47673,65.5,243.49670000000003
sequence_47671,36.0,sequence_47700,65.0,529.5567
sequence_47671,36.0,sequence_47689,52.0,146.4856
sequence_47671,36.0,sequence_47683,75.0,460.4984
sequence_47671,36.0,sequence_47697,55.5,316.57489999999996
sequence_47671,36.0,sequence_47678,37.0,279.4641
sequence_47671,36.0,sequence_47682,53.0,323.40959999999995
sequence_47671,36.0,sequence_47724,48.0,356.9696
sequence_47671,36.0,sequence_47806,73.0,559.848
sequence_47671,36.0,sequence_47807,42.0,428.5086
sequence_47671,36.0,sequence_47804,23.0,316.6482
sequence_47671,36.0,sequence_47800,20.0,304.95759999999996
sequence_47671,36.0,sequence_47799,24.0,299.0164
sequence_47671,36.0,sequence_47664,32.0,80.86449999999999
sequence_47671,36.0,sequence_47666,69.0,180.14079999999998
sequence_47671,36.0,sequence_47727,45.0,252.0601
sequence_47671,36.0,sequence_47756,37.0,235.1671
sequence_47671,36.0,sequence_47775,23.0,395.0901
sequence_47671,36.0,sequence_47730,35.0,71.4438
sequence_47671,36.0,sequence_47758,22.0,54.5508
sequence_47671,36.0,sequence_47797,27.0,231.6876
sequence_47671,36.0,sequence_47798,23.0,135.7618
sequence_47671,36.0,sequence_47751,34.0,176.7903
sequence_47671,36.0,sequence_47741,102.0,165.0997
sequence_47671,36.0,sequence_47743,63.0,314.0709
sequence_47671,36.0,sequence_47752,67.0,104.5263
sequence_47671,36.0,sequence_47745,83.0,323.72460000000007
sequence_47671,36.0,sequence_47747,72.0,202.3057
sequence_47671,36.0,sequence_47748,79.0,185.8902
sequence_47671,36.0,sequence_47749,81.0,276.9601
sequence_47671,36.0,sequence_47744,69.0,235.8657
sequence_47671,36.0,sequence_47721,40.0,239.26319999999998
sequence_47671,36.0,sequence_47759,36.0,238.36969999999997
sequence_47671,36.0,sequence_47774,21.0,279.5374
sequence_47671,36.0,sequence_47770,25.0,332.6716
sequence_47671,36.0,sequence_47713,51.0,186.82760000000002
sequence_47671,36.0,sequence_47738,55.0,176.9821
sequence_47671,36.0,sequence_47769,25.0,273.788
sequence_47671,36.0,sequence_47702,69.0,535.3061
sequence_47671,36.0,sequence_47672,76.0,281.30920000000003
sequence_47671,36.0,sequence_47705,71.0,430.2804
sequence_47671,36.0,sequence_47694,51.0,280.4157
sequence_47671,36.0,sequence_47691,40.0,268.7251
sequence_47671,36.0,sequence_47701,63.0,678.5279
sequence_47671,36.0,sequence_47706,77.0,523.8072999999999
sequence_47671,36.0,sequence_47675,57.0,466.22880000000004
sequence_47671,36.0,sequence_47698,56.0,292.10630000000003
sequence_47671,36.0,sequence_47688,90.0,194.1436
sequence_47671,36.0,sequence_47704,98.0,708.5541000000001
sequence_47671,36.0,sequence_47708,111.0,553.8335
sequence_47671,36.0,sequence_47709,119.0,422.4941
sequence_47671,36.0,sequence_47677,103.0,422.4941
sequence_47671,36.0,sequence_47692,87.5,304.88430000000005
sequence_47671,36.0,sequence_47703,95.0,571.4653
sequence_47671,36.0,sequence_47707,79.0,416.74469999999997
sequence_47671,36.0,sequence_47762,127.0,543.1468
sequence_47671,36.0,sequence_47765,118.0,686.1768
sequence_47671,36.0,sequence_47767,105.0,643.0296
sequence_47671,36.0,sequence_47812,121.0,542.955
sequence_47671,36.0,sequence_47761,120.0,537.2056
sequence_47671,36.0,sequence_47764,118.0,552.8004999999999
sequence_47671,36.0,sequence_47763,122.0,615.2235
sequence_47671,36.0,sequence_47699,62.0,328.2655
sequence_47671,36.0,sequence_47687,92.0,232.6158
sequence_47671,36.0,sequence_47693,64.0,459.60490000000004
sequence_47671,36.0,sequence_47690,63.0,188.3942
sequence_47671,36.0,sequence_47712,49.0,334.0194
sequence_47671,36.0,sequence_47714,51.0,271.5964
sequence_47671,36.0,sequence_47725,57.0,361.8255
sequence_47671,36.0,sequence_47669,32.0,117.51459999999999
sequence_47671,36.0,sequence_47668,48.0,80.40379999999999
sequence_47671,36.0,sequence_47670,97.0,31.169600000000003
sequence_47671,36.0,sequence_47665,50.0,52.5139
sequence_47671,36.0,sequence_47661,52.0,42.8602
sequence_47671,36.0,sequence_47667,86.0,206.4545
sequence_47671,36.0,sequence_47726,120.0,214.0558
sequence_47671,36.0,sequence_47734,110.0,223.7095
sequence_47671,36.0,sequence_47811,24.0,273.1714
sequence_47671,36.0,sequence_47662,28.0,229.41770000000002
sequence_47671,36.0,sequence_47731,32.0,177.2678
sequence_47671,36.0,sequence_47733,25.0,77.19319999999999
sequence_47671,36.0,sequence_47732,30.0,193.6833
sequence_47671,36.0,sequence_47755,100.0,176.7903
sequence_47671,36.0,sequence_47746,94.0,329.47400000000005
sequence_47671,36.0,sequence_47754,70.0,76.71570000000001
sequence_47671,36.0,sequence_47753,74.0,198.1346
sequence_47671,36.0,sequence_47740,158.0,236.4702
sequence_47671,36.0,sequence_47742,108.0,207.0083
sequence_47671,36.0,sequence_47715,101.0,233.322
sequence_47671,36.0,sequence_47718,81.0,227.57260000000002
sequence_47671,36.0,sequence_47717,66.0,382.29319999999996
sequence_47671,36.0,sequence_47720,80.0,254.1125
sequence_47671,36.0,sequence_47716,84.0,155.3041
sequence_47671,36.0,sequence_47719,66.0,270.528
sequence_47671,36.0,sequence_47723,69.0,324.7147
sequence_47671,36.0,sequence_47722,75.0,250.9538
sequence_47671,36.0,sequence_47674,38.0,249.2461
sequence_47671,36.0,sequence_47676,56.0,285.4053
sequence_47671,36.0,sequence_47711,57.0,291.1592
sequence_47671,36.0,sequence_47739,35.0,218.89069999999998
sequence_47671,36.0,sequence_47735,55.0,335.3808
sequence_47671,36.0,sequence_47793,16.0,349.89700000000005
sequence_47671,36.0,sequence_47801,4.0,263.049
sequence_47671,36.0,sequence_47805,22.0,349.00350000000003
sequence_47671,36.0,sequence_47802,4.0,268.7984
sequence_47671,36.0,sequence_47794,18.0,356.5399
sequence_47671,36.0,sequence_47728,12.0,225.9382
sequence_47671,36.0,sequence_47808,4.0,363.5396
sequence_47671,36.0,sequence_47792,12.0,315.9769
sequence_47671,36.0,sequence_47791,4.0,297.86260000000004
sequence_47671,36.0,sequence_47788,5.0,269.69190000000003
sequence_47671,36.0,sequence_47729,34.0,277.9726
sequence_47671,36.0,sequence_47809,10.0,415.574
sequence_47671,36.0,sequence_47737,27.0,377.5697
sequence_47671,36.0,sequence_47810,5.57,280.9696
sequence_47671,36.0,sequence_47766,4.19,275.7536
sequence_47671,36.0,sequence_47736,19.0,325.5353
sequence_47727,45.0,sequence_47787,5.0,320.4876
sequence_47727,45.0,sequence_47684,23.0,332.1049
sequence_47727,45.0,sequence_47789,10.0,309.7688
sequence_47727,45.0,sequence_47790,9.0,263.0043
sequence_47727,45.0,sequence_47781,12.0,320.48760000000004
sequence_47727,45.0,sequence_47777,11.0,326.4288
sequence_47727,45.0,sequence_47779,11.0,314.5464
sequence_47727,45.0,sequence_47784,21.0,192.3069
sequence_47727,45.0,sequence_47786,18.0,404.4467
sequence_47727,45.0,sequence_47782,17.0,236.5285
sequence_47727,45.0,sequence_47772,12.0,358.4919
sequence_47727,45.0,sequence_47795,7.0,410.664
sequence_47727,45.0,sequence_47776,9.0,501.52189999999996
sequence_47727,45.0,sequence_47685,24.0,326.35550000000006
sequence_47727,45.0,sequence_47679,44.0,338.0461
sequence_47727,45.0,sequence_47695,52.0,332.9984
sequence_47727,45.0,sequence_47710,43.0,370.1092
sequence_47727,45.0,sequence_47686,22.0,321.3861
sequence_47727,45.0,sequence_47778,26.0,315.71000000000004
sequence_47727,45.0,sequence_47780,23.0,303.8276
sequence_47727,45.0,sequence_47785,25.0,272.658
sequence_47727,45.0,sequence_47803,12.0,310.6623
sequence_47727,45.0,sequence_47663,36.0,176.94500000000002
sequence_47727,45.0,sequence_47757,36.0,171.1956
sequence_47727,45.0,sequence_47783,24.5,38.0043
sequence_47727,45.0,sequence_47796,20.0,218.62060000000002
sequence_47727,45.0,sequence_47750,25.0,337.38059999999996
sequence_47727,45.0,sequence_47760,26.0,563.1147
sequence_47727,45.0,sequence_47773,19.0,347.7731
sequence_47727,45.0,sequence_47768,17.0,364.4331
sequence_47727,45.0,sequence_47771,18.0,359.3854
sequence_47727,45.0,sequence_47681,44.0,332.29670000000004
sequence_47727,45.0,sequence_47696,47.0,327.2490000000001
sequence_47727,45.0,sequence_47680,73.0,487.0173
sequence_47727,45.0,sequence_47673,65.5,376.0504
sequence_47727,45.0,sequence_47700,65.0,662.1104
sequence_47727,45.0,sequence_47689,52.0,204.8177
sequence_47727,45.0,sequence_47683,75.0,464.41610000000003
sequence_47727,45.0,sequence_47697,55.5,322.2796
sequence_47727,45.0,sequence_47678,37.0,359.3904
sequence_47727,45.0,sequence_47682,53.0,327.32730000000004
sequence_47727,45.0,sequence_47724,48.0,360.88730000000004
sequence_47727,45.0,sequence_47806,73.0,639.7743
sequence_47727,45.0,sequence_47807,42.0,485.05370000000005
sequence_47727,45.0,sequence_47804,23.0,322.35290000000003
sequence_47727,45.0,sequence_47800,20.0,310.6623
sequence_47727,45.0,sequence_47799,24.0,304.72110000000004
sequence_47727,45.0,sequence_47664,32.0,171.1956
sequence_47727,45.0,sequence_47666,69.0,357.9793
sequence_47727,45.0,sequence_47671,36.0,252.0601
sequence_47727,45.0,sequence_47756,37.0,16.893
sequence_47727,45.0,sequence_47775,23.0,219.0386
sequence_47727,45.0,sequence_47730,35.0,180.61630000000002
sequence_47727,45.0,sequence_47758,22.0,197.5093
sequence_47727,45.0,sequence_47797,27.0,96.3811
sequence_47727,45.0,sequence_47798,23.0,192.30689999999998
sequence_47727,45.0,sequence_47751,34.0,331.63120000000004
sequence_47727,45.0,sequence_47741,102.0,331.4394
sequence_47727,45.0,sequence_47743,63.0,480.41060000000004
sequence_47727,45.0,sequence_47752,67.0,270.866
sequence_47727,45.0,sequence_47745,83.0,490.0643
sequence_47727,45.0,sequence_47747,72.0,368.6454
sequence_47727,45.0,sequence_47748,79.0,352.22990000000004
sequence_47727,45.0,sequence_47749,81.0,443.2998
sequence_47727,45.0,sequence_47744,69.0,402.20539999999994
sequence_47727,45.0,sequence_47721,40.0,319.1895
sequence_47727,45.0,sequence_47759,36.0,318.296
sequence_47727,45.0,sequence_47774,21.0,359.4637
sequence_47727,45.0,sequence_47770,25.0,412.59790000000004
sequence_47727,45.0,sequence_47713,51.0,364.66610000000003
sequence_47727,45.0,sequence_47738,55.0,343.32180000000005
sequence_47727,45.0,sequence_47769,25.0,353.71430000000004
sequence_47727,45.0,sequence_47702,69.0,656.3610000000001
sequence_47727,45.0,sequence_47672,76.0,338.2379
sequence_47727,45.0,sequence_47705,71.0,475.3267000000001
sequence_47727,45.0,sequence_47694,51.0,327.249
sequence_47727,45.0,sequence_47691,40.0,315.55840000000006
sequence_47727,45.0,sequence_47701,63.0,811.0816
sequence_47727,45.0,sequence_47706,77.0,679.7421999999999
sequence_47727,45.0,sequence_47675,57.0,598.7825
sequence_47727,45.0,sequence_47698,56.0,338.93960000000004
sequence_47727,45.0,sequence_47688,90.0,188.34950000000003
sequence_47727,45.0,sequence_47704,98.0,788.4804
sequence_47727,45.0,sequence_47708,111.0,657.1410000000001
sequence_47727,45.0,sequence_47709,119.0,502.42040000000003
sequence_47727,45.0,sequence_47677,103.0,502.42040000000003
sequence_47727,45.0,sequence_47692,87.5,310.58900000000006
sequence_47727,45.0,sequence_47703,95.0,651.3916
sequence_47727,45.0,sequence_47707,79.0,520.0522000000001
sequence_47727,45.0,sequence_47762,127.0,668.3579
sequence_47727,45.0,sequence_47765,118.0,811.3879
sequence_47727,45.0,sequence_47767,105.0,722.9559
sequence_47727,45.0,sequence_47812,121.0,656.6673000000001
sequence_47727,45.0,sequence_47761,120.0,662.4167
sequence_47727,45.0,sequence_47764,118.0,678.0116
sequence_47727,45.0,sequence_47763,122.0,695.1498
sequence_47727,45.0,sequence_47699,62.0,333.97020000000003
sequence_47727,45.0,sequence_47687,92.0,238.32050000000004
sequence_47727,45.0,sequence_47693,64.0,465.30960000000005
sequence_47727,45.0,sequence_47690,63.0,194.09890000000001
sequence_47727,45.0,sequence_47712,49.0,339.7241
sequence_47727,45.0,sequence_47714,51.0,322.58590000000004
sequence_47727,45.0,sequence_47725,57.0,367.53020000000004
sequence_47727,45.0,sequence_47669,32.0,283.85429999999997
sequence_47727,45.0,sequence_47668,48.0,320.9651
sequence_47727,45.0,sequence_47670,97.0,220.8905
sequence_47727,45.0,sequence_47665,50.0,218.8536
sequence_47727,45.0,sequence_47661,52.0,209.1999
sequence_47727,45.0,sequence_47667,86.0,331.66560000000004
sequence_47727,45.0,sequence_47726,120.0,38.0043
sequence_47727,45.0,sequence_47734,110.0,47.658
sequence_47727,45.0,sequence_47811,24.0,54.8973
sequence_47727,45.0,sequence_47662,28.0,22.6424
sequence_47727,45.0,sequence_47731,32.0,74.79230000000001
sequence_47727,45.0,sequence_47733,25.0,174.8669
sequence_47727,45.0,sequence_47732,30.0,58.376799999999996
sequence_47727,45.0,sequence_47755,100.0,331.63120000000004
sequence_47727,45.0,sequence_47746,94.0,484.31489999999997
sequence_47727,45.0,sequence_47754,70.0,231.55660000000003
sequence_47727,45.0,sequence_47753,74.0,352.9755
sequence_47727,45.0,sequence_47740,158.0,340.47069999999997
sequence_47727,45.0,sequence_47742,108.0,320.7206
sequence_47727,45.0,sequence_47715,101.0,313.24830000000003
sequence_47727,45.0,sequence_47718,81.0,307.49890000000005
sequence_47727,45.0,sequence_47717,66.0,462.2195
sequence_47727,45.0,sequence_47720,80.0,334.03880000000004
sequence_47727,45.0,sequence_47716,84.0,235.23040000000003
sequence_47727,45.0,sequence_47719,66.0,350.45430000000005
sequence_47727,45.0,sequence_47723,69.0,404.641
sequence_47727,45.0,sequence_47722,75.0,330.8801
sequence_47727,45.0,sequence_47674,38.0,370.30100000000004
sequence_47727,45.0,sequence_47676,56.0,365.33160000000004
sequence_47727,45.0,sequence_47711,57.0,371.0855
sequence_47727,45.0,sequence_47739,35.0,332.60300000000007
sequence_47727,45.0,sequence_47735,55.0,415.30710000000005
sequence_47727,45.0,sequence_47793,16.0,406.44210000000004
sequence_47727,45.0,sequence_47801,4.0,321.3811
sequence_47727,45.0,sequence_47805,22.0,407.33560000000006
sequence_47727,45.0,sequence_47802,4.0,315.6317000000001
sequence_47727,45.0,sequence_47794,18.0,399.79920000000004
sequence_47727,45.0,sequence_47728,12.0,282.4833
sequence_47727,45.0,sequence_47808,4.0,420.0847
sequence_47727,45.0,sequence_47792,12.0,372.522
sequence_47727,45.0,sequence_47791,4.0,354.40770000000003
sequence_47727,45.0,sequence_47788,5.0,314.73820000000006
sequence_47727,45.0,sequence_47729,34.0,334.5177
sequence_47727,45.0,sequence_47809,10.0,472.1191
sequence_47727,45.0,sequence_47737,27.0,434.1148
sequence_47727,45.0,sequence_47810,5.57,337.5147
sequence_47727,45.0,sequence_47766,4.19,332.2987
sequence_47727,45.0,sequence_47736,19.0,382.0804
sequence_47756,37.0,sequence_47787,5.0,337.38059999999996
sequence_47756,37.0,sequence_47684,23.0,348.99789999999996
sequence_47756,37.0,sequence_47789,10.0,326.66179999999997
sequence_47756,37.0,sequence_47790,9.0,279.8973
sequence_47756,37.0,sequence_47781,12.0,337.3806000000001
sequence_47756,37.0,sequence_47777,11.0,343.32180000000005
sequence_47756,37.0,sequence_47779,11.0,331.4394
sequence_47756,37.0,sequence_47784,21.0,209.1999
sequence_47756,37.0,sequence_47786,18.0,421.3397
sequence_47756,37.0,sequence_47782,17.0,253.4215
sequence_47756,37.0,sequence_47772,12.0,375.3849
sequence_47756,37.0,sequence_47795,7.0,427.557
sequence_47756,37.0,sequence_47776,9.0,518.4149
sequence_47756,37.0,sequence_47685,24.0,343.24850000000004
sequence_47756,37.0,sequence_47679,44.0,354.93910000000005
sequence_47756,37.0,sequence_47695,52.0,349.8914
sequence_47756,37.0,sequence_47710,43.0,387.0022
sequence_47756,37.0,sequence_47686,22.0,338.27909999999997
sequence_47756,37.0,sequence_47778,26.0,332.60300000000007
sequence_47756,37.0,sequence_47780,23.0,320.7206
sequence_47756,37.0,sequence_47785,25.0,289.55100000000004
sequence_47756,37.0,sequence_47803,12.0,327.5553
sequence_47756,37.0,sequence_47663,36.0,160.05200000000002
sequence_47756,37.0,sequence_47757,36.0,154.3026
sequence_47756,37.0,sequence_47783,24.5,54.8973
sequence_47756,37.0,sequence_47796,20.0,235.5136
sequence_47756,37.0,sequence_47750,25.0,320.4876
sequence_47756,37.0,sequence_47760,26.0,580.0077
sequence_47756,37.0,sequence_47773,19.0,364.66610000000003
sequence_47756,37.0,sequence_47768,17.0,381.3261
sequence_47756,37.0,sequence_47771,18.0,376.27840000000003
sequence_47756,37.0,sequence_47681,44.0,349.1897
sequence_47756,37.0,sequence_47696,47.0,344.14200000000005
sequence_47756,37.0,sequence_47680,73.0,503.9103
sequence_47756,37.0,sequence_47673,65.5,392.9434
sequence_47756,37.0,sequence_47700,65.0,679.0034
sequence_47756,37.0,sequence_47689,52.0,221.71070000000003
sequence_47756,37.0,sequence_47683,75.0,481.30910000000006
sequence_47756,37.0,sequence_47697,55.5,339.1726
sequence_47756,37.0,sequence_47678,37.0,376.28340000000003
sequence_47756,37.0,sequence_47682,53.0,344.22030000000007
sequence_47756,37.0,sequence_47724,48.0,377.7803
sequence_47756,37.0,sequence_47806,73.0,656.6673000000001
sequence_47756,37.0,sequence_47807,42.0,501.9467
sequence_47756,37.0,sequence_47804,23.0,339.2459
sequence_47756,37.0,sequence_47800,20.0,327.5553
sequence_47756,37.0,sequence_47799,24.0,321.6141
sequence_47756,37.0,sequence_47664,32.0,154.3026
sequence_47756,37.0,sequence_47666,69.0,341.08630000000005
sequence_47756,37.0,sequence_47671,36.0,235.1671
sequence_47756,37.0,sequence_47727,45.0,16.893
sequence_47756,37.0,sequence_47775,23.0,235.9316
sequence_47756,37.0,sequence_47730,35.0,197.5093
sequence_47756,37.0,sequence_47758,22.0,180.61630000000002
sequence_47756,37.0,sequence_47797,27.0,113.2741
sequence_47756,37.0,sequence_47798,23.0,209.1999
sequence_47756,37.0,sequence_47751,34.0,314.73820000000006
sequence_47756,37.0,sequence_47741,102.0,314.5464
sequence_47756,37.0,sequence_47743,63.0,463.5176
sequence_47756,37.0,sequence_47752,67.0,253.973
sequence_47756,37.0,sequence_47745,83.0,473.17130000000003
sequence_47756,37.0,sequence_47747,72.0,351.7524
sequence_47756,37.0,sequence_47748,79.0,335.3369
sequence_47756,37.0,sequence_47749,81.0,426.40680000000003
sequence_47756,37.0,sequence_47744,69.0,385.31239999999997
sequence_47756,37.0,sequence_47721,40.0,336.0825
sequence_47756,37.0,sequence_47759,36.0,335.189
sequence_47756,37.0,sequence_47774,21.0,376.35670000000005
sequence_47756,37.0,sequence_47770,25.0,429.4909
sequence_47756,37.0,sequence_47713,51.0,347.7731
sequence_47756,37.0,sequence_47738,55.0,326.4288
sequence_47756,37.0,sequence_47769,25.0,370.6073
sequence_47756,37.0,sequence_47702,69.0,673.254
sequence_47756,37.0,sequence_47672,76.0,355.13090000000005
sequence_47756,37.0,sequence_47705,71.0,492.21970000000005
sequence_47756,37.0,sequence_47694,51.0,344.142
sequence_47756,37.0,sequence_47691,40.0,332.45140000000004
sequence_47756,37.0,sequence_47701,63.0,827.9746
sequence_47756,37.0,sequence_47706,77.0,696.6351999999999
sequence_47756,37.0,sequence_47675,57.0,615.6754999999999
sequence_47756,37.0,sequence_47698,56.0,355.8326
sequence_47756,37.0,sequence_47688,90.0,205.2425
sequence_47756,37.0,sequence_47704,98.0,805.3734
sequence_47756,37.0,sequence_47708,111.0,674.0340000000001
sequence_47756,37.0,sequence_47709,119.0,519.3134
sequence_47756,37.0,sequence_47677,103.0,519.3134
sequence_47756,37.0,sequence_47692,87.5,327.482
sequence_47756,37.0,sequence_47703,95.0,668.2846
sequence_47756,37.0,sequence_47707,79.0,536.9452000000001
sequence_47756,37.0,sequence_47762,127.0,651.4649000000001
sequence_47756,37.0,sequence_47765,118.0,794.4948999999999
sequence_47756,37.0,sequence_47767,105.0,739.8489000000001
sequence_47756,37.0,sequence_47812,121.0,639.7743
sequence_47756,37.0,sequence_47761,120.0,645.5237000000001
sequence_47756,37.0,sequence_47764,118.0,661.1186
sequence_47756,37.0,sequence_47763,122.0,712.0428
sequence_47756,37.0,sequence_47699,62.0,350.8632
sequence_47756,37.0,sequence_47687,92.0,255.21350000000007
sequence_47756,37.0,sequence_47693,64.0,482.2026
sequence_47756,37.0,sequence_47690,63.0,210.99190000000004
sequence_47756,37.0,sequence_47712,49.0,356.61710000000005
sequence_47756,37.0,sequence_47714,51.0,305.6929
sequence_47756,37.0,sequence_47725,57.0,384.4232
sequence_47756,37.0,sequence_47669,32.0,266.9613
sequence_47756,37.0,sequence_47668,48.0,304.0721
sequence_47756,37.0,sequence_47670,97.0,203.9975
sequence_47756,37.0,sequence_47665,50.0,201.9606
sequence_47756,37.0,sequence_47661,52.0,192.3069
sequence_47756,37.0,sequence_47667,86.0,314.7726
sequence_47756,37.0,sequence_47726,120.0,54.8973
sequence_47756,37.0,sequence_47734,110.0,64.551
sequence_47756,37.0,sequence_47811,24.0,38.0043
sequence_47756,37.0,sequence_47662,28.0,5.7494
sequence_47756,37.0,sequence_47731,32.0,91.68530000000001
sequence_47756,37.0,sequence_47733,25.0,191.75990000000002
sequence_47756,37.0,sequence_47732,30.0,75.2698
sequence_47756,37.0,sequence_47755,100.0,314.7382
sequence_47756,37.0,sequence_47746,94.0,467.4219
sequence_47756,37.0,sequence_47754,70.0,214.66360000000003
sequence_47756,37.0,sequence_47753,74.0,336.08250000000004
sequence_47756,37.0,sequence_47740,158.0,323.5777
sequence_47756,37.0,sequence_47742,108.0,303.8276
sequence_47756,37.0,sequence_47715,101.0,330.1413
sequence_47756,37.0,sequence_47718,81.0,324.3919
sequence_47756,37.0,sequence_47717,66.0,479.11249999999995
sequence_47756,37.0,sequence_47720,80.0,350.9318
sequence_47756,37.0,sequence_47716,84.0,252.12340000000006
sequence_47756,37.0,sequence_47719,66.0,367.3473
sequence_47756,37.0,sequence_47723,69.0,421.534
sequence_47756,37.0,sequence_47722,75.0,347.7731
sequence_47756,37.0,sequence_47674,38.0,387.1940000000001
sequence_47756,37.0,sequence_47676,56.0,382.2246
sequence_47756,37.0,sequence_47711,57.0,387.97850000000005
sequence_47756,37.0,sequence_47739,35.0,315.71000000000004
sequence_47756,37.0,sequence_47735,55.0,432.2001
sequence_47756,37.0,sequence_47793,16.0,423.3351
sequence_47756,37.0,sequence_47801,4.0,338.2741
sequence_47756,37.0,sequence_47805,22.0,424.22860000000003
sequence_47756,37.0,sequence_47802,4.0,332.52470000000005
sequence_47756,37.0,sequence_47794,18.0,416.69220000000007
sequence_47756,37.0,sequence_47728,12.0,299.3763
sequence_47756,37.0,sequence_47808,4.0,436.9777
sequence_47756,37.0,sequence_47792,12.0,389.41499999999996
sequence_47756,37.0,sequence_47791,4.0,371.3007
sequence_47756,37.0,sequence_47788,5.0,331.63120000000004
sequence_47756,37.0,sequence_47729,34.0,351.4107
sequence_47756,37.0,sequence_47809,10.0,489.01210000000003
sequence_47756,37.0,sequence_47737,27.0,451.0078
sequence_47756,37.0,sequence_47810,5.57,354.4077
sequence_47756,37.0,sequence_47766,4.19,349.19169999999997
sequence_47756,37.0,sequence_47736,19.0,398.97339999999997
sequence_47775,23.0,sequence_47787,5.0,463.5176
sequence_47775,23.0,sequence_47684,23.0,551.1435
sequence_47775,23.0,sequence_47789,10.0,452.7988
sequence_47775,23.0,sequence_47790,9.0,406.03430000000003
sequence_47775,23.0,sequence_47781,12.0,463.5176
sequence_47775,23.0,sequence_47777,11.0,469.4588
sequence_47775,23.0,sequence_47779,11.0,457.57640000000004
sequence_47775,23.0,sequence_47784,21.0,335.3369
sequence_47775,23.0,sequence_47786,18.0,547.4767
sequence_47775,23.0,sequence_47782,17.0,379.5585
sequence_47775,23.0,sequence_47772,12.0,425.51329999999996
sequence_47775,23.0,sequence_47795,7.0,553.694
sequence_47775,23.0,sequence_47776,9.0,282.4833
sequence_47775,23.0,sequence_47685,24.0,545.3941000000001
sequence_47775,23.0,sequence_47679,44.0,557.0847000000001
sequence_47775,23.0,sequence_47695,52.0,550.25
sequence_47775,23.0,sequence_47710,43.0,587.3607999999999
sequence_47775,23.0,sequence_47686,22.0,540.4247
sequence_47775,23.0,sequence_47778,26.0,458.74
sequence_47775,23.0,sequence_47780,23.0,446.85760000000005
sequence_47775,23.0,sequence_47785,25.0,415.68800000000005
sequence_47775,23.0,sequence_47803,12.0,451.9053
sequence_47775,23.0,sequence_47663,36.0,395.9836
sequence_47775,23.0,sequence_47757,36.0,390.2342
sequence_47775,23.0,sequence_47783,24.5,181.0343
sequence_47775,23.0,sequence_47796,20.0,309.0232
sequence_47775,23.0,sequence_47750,25.0,480.4106
sequence_47775,23.0,sequence_47760,26.0,706.1447000000001
sequence_47775,23.0,sequence_47773,19.0,414.79449999999997
sequence_47775,23.0,sequence_47768,17.0,431.45450000000005
sequence_47775,23.0,sequence_47771,18.0,426.4068
sequence_47775,23.0,sequence_47681,44.0,551.3353000000001
sequence_47775,23.0,sequence_47696,47.0,544.5006000000001
sequence_47775,23.0,sequence_47680,73.0,706.0559000000001
sequence_47775,23.0,sequence_47673,65.5,519.0804
sequence_47775,23.0,sequence_47700,65.0,519.0804
sequence_47775,23.0,sequence_47689,52.0,422.0693
sequence_47775,23.0,sequence_47683,75.0,683.4547
sequence_47775,23.0,sequence_47697,55.5,539.5312
sequence_47775,23.0,sequence_47678,37.0,502.4204
sequence_47775,23.0,sequence_47682,53.0,546.3659
sequence_47775,23.0,sequence_47724,48.0,579.9259000000001
sequence_47775,23.0,sequence_47806,73.0,420.73570000000007
sequence_47775,23.0,sequence_47807,42.0,575.4563
sequence_47775,23.0,sequence_47804,23.0,463.59590000000003
sequence_47775,23.0,sequence_47800,20.0,451.9053
sequence_47775,23.0,sequence_47799,24.0,445.96410000000003
sequence_47775,23.0,sequence_47664,32.0,390.2342
sequence_47775,23.0,sequence_47666,69.0,501.00930000000005
sequence_47775,23.0,sequence_47671,36.0,395.0901
sequence_47775,23.0,sequence_47727,45.0,219.0386
sequence_47775,23.0,sequence_47756,37.0,235.9316
sequence_47775,23.0,sequence_47730,35.0,347.02750000000003
sequence_47775,23.0,sequence_47758,22.0,363.9205
sequence_47775,23.0,sequence_47797,27.0,186.78369999999998
sequence_47775,23.0,sequence_47798,23.0,282.7095
sequence_47775,23.0,sequence_47751,34.0,474.66120000000006
sequence_47775,23.0,sequence_47741,102.0,474.4694
sequence_47775,23.0,sequence_47743,63.0,623.4406
sequence_47775,23.0,sequence_47752,67.0,413.896
sequence_47775,23.0,sequence_47745,83.0,633.0943
sequence_47775,23.0,sequence_47747,72.0,511.6754
sequence_47775,23.0,sequence_47748,79.0,495.2599
sequence_47775,23.0,sequence_47749,81.0,586.3298
sequence_47775,23.0,sequence_47744,69.0,545.2354
sequence_47775,23.0,sequence_47721,40.0,462.21950000000004
sequence_47775,23.0,sequence_47759,36.0,461.326
sequence_47775,23.0,sequence_47774,21.0,426.4851
sequence_47775,23.0,sequence_47770,25.0,479.61930000000007
sequence_47775,23.0,sequence_47713,51.0,507.6961
sequence_47775,23.0,sequence_47738,55.0,486.3518
sequence_47775,23.0,sequence_47769,25.0,420.73570000000007
sequence_47775,23.0,sequence_47702,69.0,513.331
sequence_47775,23.0,sequence_47672,76.0,557.2765
sequence_47775,23.0,sequence_47705,71.0,694.3653
sequence_47775,23.0,sequence_47694,51.0,544.5006000000001
sequence_47775,23.0,sequence_47691,40.0,532.8100000000001
sequence_47775,23.0,sequence_47701,63.0,668.0516
sequence_47775,23.0,sequence_47706,77.0,536.7121999999999
sequence_47775,23.0,sequence_47675,57.0,741.8125
sequence_47775,23.0,sequence_47698,56.0,556.1912
sequence_47775,23.0,sequence_47688,90.0,405.60110000000003
sequence_47775,23.0,sequence_47704,98.0,645.4504000000001
sequence_47775,23.0,sequence_47708,111.0,514.111
sequence_47775,23.0,sequence_47709,119.0,668.8316
sequence_47775,23.0,sequence_47677,103.0,645.4504000000001
sequence_47775,23.0,sequence_47692,87.5,527.8406
sequence_47775,23.0,sequence_47703,95.0,508.36160000000007
sequence_47775,23.0,sequence_47707,79.0,377.02220000000005
sequence_47775,23.0,sequence_47762,127.0,449.3193
sequence_47775,23.0,sequence_47765,118.0,592.3493000000001
sequence_47775,23.0,sequence_47767,105.0,503.91730000000007
sequence_47775,23.0,sequence_47812,121.0,437.62870000000004
sequence_47775,23.0,sequence_47761,120.0,443.3781
sequence_47775,23.0,sequence_47764,118.0,458.97300000000007
sequence_47775,23.0,sequence_47763,122.0,476.11120000000005
sequence_47775,23.0,sequence_47699,62.0,551.2218
sequence_47775,23.0,sequence_47687,92.0,455.5721000000001
sequence_47775,23.0,sequence_47693,64.0,682.5612000000001
sequence_47775,23.0,sequence_47690,63.0,411.3505
sequence_47775,23.0,sequence_47712,49.0,556.9757
sequence_47775,23.0,sequence_47714,51.0,539.8375
sequence_47775,23.0,sequence_47725,57.0,584.7818
sequence_47775,23.0,sequence_47669,32.0,501.1059
sequence_47775,23.0,sequence_47668,48.0,463.9951
sequence_47775,23.0,sequence_47670,97.0,363.9205
sequence_47775,23.0,sequence_47665,50.0,361.8836
sequence_47775,23.0,sequence_47661,52.0,352.22990000000004
sequence_47775,23.0,sequence_47667,86.0,474.6956
sequence_47775,23.0,sequence_47726,120.0,181.0343
sequence_47775,23.0,sequence_47734,110.0,190.688
sequence_47775,23.0,sequence_47811,24.0,197.9273
sequence_47775,23.0,sequence_47662,28.0,241.681
sequence_47775,23.0,sequence_47731,32.0,241.2035
sequence_47775,23.0,sequence_47733,25.0,341.2781
sequence_47775,23.0,sequence_47732,30.0,224.78799999999998
sequence_47775,23.0,sequence_47755,100.0,474.6612
sequence_47775,23.0,sequence_47746,94.0,627.3449
sequence_47775,23.0,sequence_47754,70.0,374.58660000000003
sequence_47775,23.0,sequence_47753,74.0,496.00550000000004
sequence_47775,23.0,sequence_47740,158.0,483.5007
sequence_47775,23.0,sequence_47742,108.0,463.7506
sequence_47775,23.0,sequence_47715,101.0,456.27830000000006
sequence_47775,23.0,sequence_47718,81.0,450.5289
sequence_47775,23.0,sequence_47717,66.0,605.2495
sequence_47775,23.0,sequence_47720,80.0,477.0688
sequence_47775,23.0,sequence_47716,84.0,378.26040000000006
sequence_47775,23.0,sequence_47719,66.0,493.4843000000001
sequence_47775,23.0,sequence_47723,69.0,547.671
sequence_47775,23.0,sequence_47722,75.0,473.91010000000006
sequence_47775,23.0,sequence_47674,38.0,513.331
sequence_47775,23.0,sequence_47676,56.0,508.36160000000007
sequence_47775,23.0,sequence_47711,57.0,514.1155
sequence_47775,23.0,sequence_47739,35.0,475.63300000000004
sequence_47775,23.0,sequence_47735,55.0,558.3371
sequence_47775,23.0,sequence_47793,16.0,549.4721000000001
sequence_47775,23.0,sequence_47801,4.0,462.6241
sequence_47775,23.0,sequence_47805,22.0,548.5786
sequence_47775,23.0,sequence_47802,4.0,456.8747000000001
sequence_47775,23.0,sequence_47794,18.0,542.8292
sequence_47775,23.0,sequence_47728,12.0,501.52189999999996
sequence_47775,23.0,sequence_47808,4.0,563.1147
sequence_47775,23.0,sequence_47792,12.0,515.552
sequence_47775,23.0,sequence_47791,4.0,497.43770000000006
sequence_47775,23.0,sequence_47788,5.0,457.7682000000001
sequence_47775,23.0,sequence_47729,34.0,553.5563
sequence_47775,23.0,sequence_47809,10.0,615.1491
sequence_47775,23.0,sequence_47737,27.0,653.1533999999999
sequence_47775,23.0,sequence_47810,5.57,480.5447
sequence_47775,23.0,sequence_47766,4.19,475.3287
sequence_47775,23.0,sequence_47736,19.0,601.1189999999999
sequence_47730,35.0,sequence_47787,5.0,192.49869999999999
sequence_47730,35.0,sequence_47684,23.0,204.11599999999999
sequence_47730,35.0,sequence_47789,10.0,234.40729999999996
sequence_47730,35.0,sequence_47790,9.0,249.98199999999997
sequence_47730,35.0,sequence_47781,12.0,192.49869999999999
sequence_47730,35.0,sequence_47777,11.0,198.43990000000002
sequence_47730,35.0,sequence_47779,11.0,186.5575
sequence_47730,35.0,sequence_47784,21.0,64.318
sequence_47730,35.0,sequence_47786,18.0,276.4578
sequence_47730,35.0,sequence_47782,17.0,108.53960000000001
sequence_47730,35.0,sequence_47772,12.0,177.87560000000002
sequence_47730,35.0,sequence_47795,7.0,282.67510000000004
sequence_47730,35.0,sequence_47776,9.0,320.9056
sequence_47730,35.0,sequence_47685,24.0,209.86540000000002
sequence_47730,35.0,sequence_47679,44.0,210.05720000000002
sequence_47730,35.0,sequence_47695,52.0,203.2225
sequence_47730,35.0,sequence_47710,43.0,240.3333
sequence_47730,35.0,sequence_47686,22.0,246.02459999999996
sequence_47730,35.0,sequence_47778,26.0,240.3485
sequence_47730,35.0,sequence_47780,23.0,228.46609999999998
sequence_47730,35.0,sequence_47785,25.0,197.29649999999998
sequence_47730,35.0,sequence_47803,12.0,233.51379999999997
sequence_47730,35.0,sequence_47663,36.0,48.95609999999999
sequence_47730,35.0,sequence_47757,36.0,43.2067
sequence_47730,35.0,sequence_47783,24.5,218.62060000000002
sequence_47730,35.0,sequence_47796,20.0,38.0043
sequence_47730,35.0,sequence_47750,25.0,156.7643
sequence_47730,35.0,sequence_47760,26.0,382.4984
sequence_47730,35.0,sequence_47773,19.0,219.7842
sequence_47730,35.0,sequence_47768,17.0,183.8168
sequence_47730,35.0,sequence_47771,18.0,178.76910000000004
sequence_47730,35.0,sequence_47681,44.0,215.8066
sequence_47730,35.0,sequence_47696,47.0,208.9719
sequence_47730,35.0,sequence_47680,73.0,359.0284
sequence_47730,35.0,sequence_47673,65.5,195.4341
sequence_47730,35.0,sequence_47700,65.0,481.4941
sequence_47730,35.0,sequence_47689,52.0,75.0418
sequence_47730,35.0,sequence_47683,75.0,389.0546
sequence_47730,35.0,sequence_47697,55.5,245.13109999999998
sequence_47730,35.0,sequence_47678,37.0,231.4015
sequence_47730,35.0,sequence_47682,53.0,251.9658
sequence_47730,35.0,sequence_47724,48.0,285.5258
sequence_47730,35.0,sequence_47806,73.0,511.7854
sequence_47730,35.0,sequence_47807,42.0,357.0648
sequence_47730,35.0,sequence_47804,23.0,245.2044
sequence_47730,35.0,sequence_47800,20.0,233.51379999999997
sequence_47730,35.0,sequence_47799,24.0,227.5726
sequence_47730,35.0,sequence_47664,32.0,54.705499999999994
sequence_47730,35.0,sequence_47666,69.0,177.363
sequence_47730,35.0,sequence_47671,36.0,71.4438
sequence_47730,35.0,sequence_47727,45.0,180.61630000000002
sequence_47730,35.0,sequence_47756,37.0,197.5093
sequence_47730,35.0,sequence_47775,23.0,347.02750000000003
sequence_47730,35.0,sequence_47758,22.0,16.893
sequence_47730,35.0,sequence_47797,27.0,160.24380000000002
sequence_47730,35.0,sequence_47798,23.0,64.318
sequence_47730,35.0,sequence_47751,34.0,162.51370000000003
sequence_47730,35.0,sequence_47741,102.0,150.8231
sequence_47730,35.0,sequence_47743,63.0,299.79429999999996
sequence_47730,35.0,sequence_47752,67.0,90.24970000000002
sequence_47730,35.0,sequence_47745,83.0,309.44800000000004
sequence_47730,35.0,sequence_47747,72.0,188.02910000000003
sequence_47730,35.0,sequence_47748,79.0,171.61360000000002
sequence_47730,35.0,sequence_47749,81.0,262.6835
sequence_47730,35.0,sequence_47744,69.0,221.58910000000003
sequence_47730,35.0,sequence_47721,40.0,191.20059999999998
sequence_47730,35.0,sequence_47759,36.0,190.3071
sequence_47730,35.0,sequence_47774,21.0,231.47480000000002
sequence_47730,35.0,sequence_47770,25.0,284.60900000000004
sequence_47730,35.0,sequence_47713,51.0,184.0498
sequence_47730,35.0,sequence_47738,55.0,162.70550000000003
sequence_47730,35.0,sequence_47769,25.0,225.72539999999998
sequence_47730,35.0,sequence_47702,69.0,487.24350000000004
sequence_47730,35.0,sequence_47672,76.0,221.7478
sequence_47730,35.0,sequence_47705,71.0,358.83660000000003
sequence_47730,35.0,sequence_47694,51.0,208.9719
sequence_47730,35.0,sequence_47691,40.0,197.2813
sequence_47730,35.0,sequence_47701,63.0,630.4653000000001
sequence_47730,35.0,sequence_47706,77.0,499.1259
sequence_47730,35.0,sequence_47675,57.0,418.16620000000006
sequence_47730,35.0,sequence_47698,56.0,220.6625
sequence_47730,35.0,sequence_47688,90.0,122.6998
sequence_47730,35.0,sequence_47704,98.0,660.4915000000001
sequence_47730,35.0,sequence_47708,111.0,529.1521
sequence_47730,35.0,sequence_47709,119.0,374.4315
sequence_47730,35.0,sequence_47677,103.0,374.4315
sequence_47730,35.0,sequence_47692,87.5,233.44050000000001
sequence_47730,35.0,sequence_47703,95.0,523.4027
sequence_47730,35.0,sequence_47707,79.0,392.0633
sequence_47730,35.0,sequence_47762,127.0,540.369
sequence_47730,35.0,sequence_47765,118.0,683.399
sequence_47730,35.0,sequence_47767,105.0,594.967
sequence_47730,35.0,sequence_47812,121.0,528.6784
sequence_47730,35.0,sequence_47761,120.0,534.4278
sequence_47730,35.0,sequence_47764,118.0,550.0227
sequence_47730,35.0,sequence_47763,122.0,567.1609
sequence_47730,35.0,sequence_47699,62.0,256.82169999999996
sequence_47730,35.0,sequence_47687,92.0,161.172
sequence_47730,35.0,sequence_47693,64.0,388.16110000000003
sequence_47730,35.0,sequence_47690,63.0,116.95039999999999
sequence_47730,35.0,sequence_47712,49.0,262.5756
sequence_47730,35.0,sequence_47714,51.0,245.4374
sequence_47730,35.0,sequence_47725,57.0,290.3817
sequence_47730,35.0,sequence_47669,32.0,165.5772
sequence_47730,35.0,sequence_47668,48.0,151.8476
sequence_47730,35.0,sequence_47670,97.0,51.773
sequence_47730,35.0,sequence_47665,50.0,49.7361
sequence_47730,35.0,sequence_47661,52.0,40.0824
sequence_47730,35.0,sequence_47667,86.0,203.67669999999998
sequence_47730,35.0,sequence_47726,120.0,165.9932
sequence_47730,35.0,sequence_47734,110.0,175.64690000000002
sequence_47730,35.0,sequence_47811,24.0,235.5136
sequence_47730,35.0,sequence_47662,28.0,203.2587
sequence_47730,35.0,sequence_47731,32.0,105.824
sequence_47730,35.0,sequence_47733,25.0,5.7494
sequence_47730,35.0,sequence_47732,30.0,122.2395
sequence_47730,35.0,sequence_47755,100.0,162.51370000000003
sequence_47730,35.0,sequence_47746,94.0,315.1974
sequence_47730,35.0,sequence_47754,70.0,62.43910000000002
sequence_47730,35.0,sequence_47753,74.0,183.858
sequence_47730,35.0,sequence_47740,158.0,222.1936
sequence_47730,35.0,sequence_47742,108.0,192.7317
sequence_47730,35.0,sequence_47715,101.0,185.2594
sequence_47730,35.0,sequence_47718,81.0,179.51000000000002
sequence_47730,35.0,sequence_47717,66.0,334.2306
sequence_47730,35.0,sequence_47720,80.0,206.0499
sequence_47730,35.0,sequence_47716,84.0,107.2415
sequence_47730,35.0,sequence_47719,66.0,222.46540000000002
sequence_47730,35.0,sequence_47723,69.0,276.6521
sequence_47730,35.0,sequence_47722,75.0,202.8912
sequence_47730,35.0,sequence_47674,38.0,201.18350000000004
sequence_47730,35.0,sequence_47676,56.0,237.34269999999998
sequence_47730,35.0,sequence_47711,57.0,243.09659999999997
sequence_47730,35.0,sequence_47739,35.0,204.6141
sequence_47730,35.0,sequence_47735,55.0,287.3182
sequence_47730,35.0,sequence_47793,16.0,278.45320000000004
sequence_47730,35.0,sequence_47801,4.0,191.6052
sequence_47730,35.0,sequence_47805,22.0,277.5597
sequence_47730,35.0,sequence_47802,4.0,197.3546
sequence_47730,35.0,sequence_47794,18.0,285.09610000000004
sequence_47730,35.0,sequence_47728,12.0,154.49439999999998
sequence_47730,35.0,sequence_47808,4.0,292.0958
sequence_47730,35.0,sequence_47792,12.0,244.5331
sequence_47730,35.0,sequence_47791,4.0,226.41880000000003
sequence_47730,35.0,sequence_47788,5.0,198.24810000000002
sequence_47730,35.0,sequence_47729,34.0,206.5288
sequence_47730,35.0,sequence_47809,10.0,344.1302
sequence_47730,35.0,sequence_47737,27.0,306.1259
sequence_47730,35.0,sequence_47810,5.57,209.5258
sequence_47730,35.0,sequence_47766,4.19,204.3098
sequence_47730,35.0,sequence_47736,19.0,254.0915
sequence_47758,22.0,sequence_47787,5.0,209.39170000000001
sequence_47758,22.0,sequence_47684,23.0,221.00900000000001
sequence_47758,22.0,sequence_47789,10.0,251.3003
sequence_47758,22.0,sequence_47790,9.0,266.875
sequence_47758,22.0,sequence_47781,12.0,209.39170000000001
sequence_47758,22.0,sequence_47777,11.0,215.3329
sequence_47758,22.0,sequence_47779,11.0,203.4505
sequence_47758,22.0,sequence_47784,21.0,81.211
sequence_47758,22.0,sequence_47786,18.0,293.3508
sequence_47758,22.0,sequence_47782,17.0,125.43260000000001
sequence_47758,22.0,sequence_47772,12.0,194.7686
sequence_47758,22.0,sequence_47795,7.0,299.5681
sequence_47758,22.0,sequence_47776,9.0,337.79859999999996
sequence_47758,22.0,sequence_47685,24.0,226.7584
sequence_47758,22.0,sequence_47679,44.0,226.9502
sequence_47758,22.0,sequence_47695,52.0,220.1155
sequence_47758,22.0,sequence_47710,43.0,257.22630000000004
sequence_47758,22.0,sequence_47686,22.0,262.9176
sequence_47758,22.0,sequence_47778,26.0,257.2415
sequence_47758,22.0,sequence_47780,23.0,245.3591
sequence_47758,22.0,sequence_47785,25.0,214.1895
sequence_47758,22.0,sequence_47803,12.0,250.40679999999998
sequence_47758,22.0,sequence_47663,36.0,32.0631
sequence_47758,22.0,sequence_47757,36.0,26.313699999999997
sequence_47758,22.0,sequence_47783,24.5,235.5136
sequence_47758,22.0,sequence_47796,20.0,54.8973
sequence_47758,22.0,sequence_47750,25.0,139.8713
sequence_47758,22.0,sequence_47760,26.0,399.3914
sequence_47758,22.0,sequence_47773,19.0,236.67719999999997
sequence_47758,22.0,sequence_47768,17.0,200.70980000000003
sequence_47758,22.0,sequence_47771,18.0,195.6621
sequence_47758,22.0,sequence_47681,44.0,232.69960000000003
sequence_47758,22.0,sequence_47696,47.0,225.8649
sequence_47758,22.0,sequence_47680,73.0,375.9214
sequence_47758,22.0,sequence_47673,65.5,212.32710000000003
sequence_47758,22.0,sequence_47700,65.0,498.38710000000003
sequence_47758,22.0,sequence_47689,52.0,91.9348
sequence_47758,22.0,sequence_47683,75.0,405.9476
sequence_47758,22.0,sequence_47697,55.5,262.0241
sequence_47758,22.0,sequence_47678,37.0,248.29449999999997
sequence_47758,22.0,sequence_47682,53.0,268.8588
sequence_47758,22.0,sequence_47724,48.0,302.4188
sequence_47758,22.0,sequence_47806,73.0,528.6784
sequence_47758,22.0,sequence_47807,42.0,373.9578
sequence_47758,22.0,sequence_47804,23.0,262.0974
sequence_47758,22.0,sequence_47800,20.0,250.40679999999998
sequence_47758,22.0,sequence_47799,24.0,244.4656
sequence_47758,22.0,sequence_47664,32.0,37.8125
sequence_47758,22.0,sequence_47666,69.0,160.47
sequence_47758,22.0,sequence_47671,36.0,54.5508
sequence_47758,22.0,sequence_47727,45.0,197.5093
sequence_47758,22.0,sequence_47756,37.0,180.61630000000002
sequence_47758,22.0,sequence_47775,23.0,363.9205
sequence_47758,22.0,sequence_47730,35.0,16.893
sequence_47758,22.0,sequence_47797,27.0,177.1368
sequence_47758,22.0,sequence_47798,23.0,81.211
sequence_47758,22.0,sequence_47751,34.0,145.6207
sequence_47758,22.0,sequence_47741,102.0,133.9301
sequence_47758,22.0,sequence_47743,63.0,282.9013
sequence_47758,22.0,sequence_47752,67.0,73.3567
sequence_47758,22.0,sequence_47745,83.0,292.55500000000006
sequence_47758,22.0,sequence_47747,72.0,171.1361
sequence_47758,22.0,sequence_47748,79.0,154.7206
sequence_47758,22.0,sequence_47749,81.0,245.79049999999998
sequence_47758,22.0,sequence_47744,69.0,204.6961
sequence_47758,22.0,sequence_47721,40.0,208.09359999999998
sequence_47758,22.0,sequence_47759,36.0,207.2001
sequence_47758,22.0,sequence_47774,21.0,248.3678
sequence_47758,22.0,sequence_47770,25.0,301.502
sequence_47758,22.0,sequence_47713,51.0,167.1568
sequence_47758,22.0,sequence_47738,55.0,145.8125
sequence_47758,22.0,sequence_47769,25.0,242.6184
sequence_47758,22.0,sequence_47702,69.0,504.1365
sequence_47758,22.0,sequence_47672,76.0,238.6408
sequence_47758,22.0,sequence_47705,71.0,375.7296
sequence_47758,22.0,sequence_47694,51.0,225.8649
sequence_47758,22.0,sequence_47691,40.0,214.17430000000002
sequence_47758,22.0,sequence_47701,63.0,647.3583
sequence_47758,22.0,sequence_47706,77.0,516.0189
sequence_47758,22.0,sequence_47675,57.0,435.05920000000003
sequence_47758,22.0,sequence_47698,56.0,237.5555
sequence_47758,22.0,sequence_47688,90.0,139.5928
sequence_47758,22.0,sequence_47704,98.0,677.3845
sequence_47758,22.0,sequence_47708,111.0,546.0451
sequence_47758,22.0,sequence_47709,119.0,391.3245
sequence_47758,22.0,sequence_47677,103.0,391.3245
sequence_47758,22.0,sequence_47692,87.5,250.33350000000002
sequence_47758,22.0,sequence_47703,95.0,540.2957
sequence_47758,22.0,sequence_47707,79.0,408.95629999999994
sequence_47758,22.0,sequence_47762,127.0,523.476
sequence_47758,22.0,sequence_47765,118.0,666.506
sequence_47758,22.0,sequence_47767,105.0,611.86
sequence_47758,22.0,sequence_47812,121.0,511.7854
sequence_47758,22.0,sequence_47761,120.0,517.5348
sequence_47758,22.0,sequence_47764,118.0,533.1297
sequence_47758,22.0,sequence_47763,122.0,584.0539
sequence_47758,22.0,sequence_47699,62.0,273.7147
sequence_47758,22.0,sequence_47687,92.0,178.065
sequence_47758,22.0,sequence_47693,64.0,405.0541
sequence_47758,22.0,sequence_47690,63.0,133.84339999999997
sequence_47758,22.0,sequence_47712,49.0,279.46860000000004
sequence_47758,22.0,sequence_47714,51.0,228.5444
sequence_47758,22.0,sequence_47725,57.0,307.2747
sequence_47758,22.0,sequence_47669,32.0,148.6842
sequence_47758,22.0,sequence_47668,48.0,134.9546
sequence_47758,22.0,sequence_47670,97.0,34.88
sequence_47758,22.0,sequence_47665,50.0,32.8431
sequence_47758,22.0,sequence_47661,52.0,23.1894
sequence_47758,22.0,sequence_47667,86.0,186.7837
sequence_47758,22.0,sequence_47726,120.0,182.88620000000003
sequence_47758,22.0,sequence_47734,110.0,192.53990000000002
sequence_47758,22.0,sequence_47811,24.0,218.62060000000002
sequence_47758,22.0,sequence_47662,28.0,186.3657
sequence_47758,22.0,sequence_47731,32.0,122.717
sequence_47758,22.0,sequence_47733,25.0,22.642400000000002
sequence_47758,22.0,sequence_47732,30.0,139.1325
sequence_47758,22.0,sequence_47755,100.0,145.6207
sequence_47758,22.0,sequence_47746,94.0,298.30440000000004
sequence_47758,22.0,sequence_47754,70.0,45.54610000000002
sequence_47758,22.0,sequence_47753,74.0,166.965
sequence_47758,22.0,sequence_47740,158.0,205.3006
sequence_47758,22.0,sequence_47742,108.0,175.8387
sequence_47758,22.0,sequence_47715,101.0,202.1524
sequence_47758,22.0,sequence_47718,81.0,196.40300000000002
sequence_47758,22.0,sequence_47717,66.0,351.12359999999995
sequence_47758,22.0,sequence_47720,80.0,222.9429
sequence_47758,22.0,sequence_47716,84.0,124.1345
sequence_47758,22.0,sequence_47719,66.0,239.35840000000002
sequence_47758,22.0,sequence_47723,69.0,293.5451
sequence_47758,22.0,sequence_47722,75.0,219.7842
sequence_47758,22.0,sequence_47674,38.0,218.0765
sequence_47758,22.0,sequence_47676,56.0,254.2357
sequence_47758,22.0,sequence_47711,57.0,259.9896
sequence_47758,22.0,sequence_47739,35.0,187.72109999999998
sequence_47758,22.0,sequence_47735,55.0,304.21119999999996
sequence_47758,22.0,sequence_47793,16.0,295.3462
sequence_47758,22.0,sequence_47801,4.0,208.4982
sequence_47758,22.0,sequence_47805,22.0,294.45270000000005
sequence_47758,22.0,sequence_47802,4.0,214.2476
sequence_47758,22.0,sequence_47794,18.0,301.9891
sequence_47758,22.0,sequence_47728,12.0,171.3874
sequence_47758,22.0,sequence_47808,4.0,308.9888
sequence_47758,22.0,sequence_47792,12.0,261.4261
sequence_47758,22.0,sequence_47791,4.0,243.3118
sequence_47758,22.0,sequence_47788,5.0,215.1411
sequence_47758,22.0,sequence_47729,34.0,223.42180000000002
sequence_47758,22.0,sequence_47809,10.0,361.02320000000003
sequence_47758,22.0,sequence_47737,27.0,323.01890000000003
sequence_47758,22.0,sequence_47810,5.57,226.4188
sequence_47758,22.0,sequence_47766,4.19,221.2028
sequence_47758,22.0,sequence_47736,19.0,270.9845
sequence_47797,27.0,sequence_47787,5.0,276.7339
sequence_47797,27.0,sequence_47684,23.0,364.3598
sequence_47797,27.0,sequence_47789,10.0,318.6425
sequence_47797,27.0,sequence_47790,9.0,271.878
sequence_47797,27.0,sequence_47781,12.0,276.7339
sequence_47797,27.0,sequence_47777,11.0,282.6751
sequence_47797,27.0,sequence_47779,11.0,270.7927
sequence_47797,27.0,sequence_47784,21.0,148.5532
sequence_47797,27.0,sequence_47786,18.0,360.69300000000004
sequence_47797,27.0,sequence_47782,17.0,192.77480000000003
sequence_47797,27.0,sequence_47772,12.0,262.11080000000004
sequence_47797,27.0,sequence_47795,7.0,366.9103
sequence_47797,27.0,sequence_47776,9.0,405.1408
sequence_47797,27.0,sequence_47685,24.0,358.6104
sequence_47797,27.0,sequence_47679,44.0,370.301
sequence_47797,27.0,sequence_47695,52.0,363.46630000000005
sequence_47797,27.0,sequence_47710,43.0,400.57710000000003
sequence_47797,27.0,sequence_47686,22.0,406.2684
sequence_47797,27.0,sequence_47778,26.0,324.5837
sequence_47797,27.0,sequence_47780,23.0,312.7013
sequence_47797,27.0,sequence_47785,25.0,281.5317
sequence_47797,27.0,sequence_47803,12.0,317.749
sequence_47797,27.0,sequence_47663,36.0,209.1999
sequence_47797,27.0,sequence_47757,36.0,203.4505
sequence_47797,27.0,sequence_47783,24.5,58.376799999999996
sequence_47797,27.0,sequence_47796,20.0,122.2395
sequence_47797,27.0,sequence_47750,25.0,317.0081
sequence_47797,27.0,sequence_47760,26.0,542.7422
sequence_47797,27.0,sequence_47773,19.0,304.0194
sequence_47797,27.0,sequence_47768,17.0,268.052
sequence_47797,27.0,sequence_47771,18.0,263.0043
sequence_47797,27.0,sequence_47681,44.0,364.5516
sequence_47797,27.0,sequence_47696,47.0,357.7169
sequence_47797,27.0,sequence_47680,73.0,519.2722
sequence_47797,27.0,sequence_47673,65.5,355.6779
sequence_47797,27.0,sequence_47700,65.0,641.7379000000001
sequence_47797,27.0,sequence_47689,52.0,235.2856
sequence_47797,27.0,sequence_47683,75.0,549.2984
sequence_47797,27.0,sequence_47697,55.5,405.3749
sequence_47797,27.0,sequence_47678,37.0,391.6453
sequence_47797,27.0,sequence_47682,53.0,412.2096
sequence_47797,27.0,sequence_47724,48.0,445.7696
sequence_47797,27.0,sequence_47806,73.0,596.0206000000001
sequence_47797,27.0,sequence_47807,42.0,441.30000000000007
sequence_47797,27.0,sequence_47804,23.0,329.43960000000004
sequence_47797,27.0,sequence_47800,20.0,317.749
sequence_47797,27.0,sequence_47799,24.0,311.80780000000004
sequence_47797,27.0,sequence_47664,32.0,203.4505
sequence_47797,27.0,sequence_47666,69.0,337.6068
sequence_47797,27.0,sequence_47671,36.0,231.6876
sequence_47797,27.0,sequence_47727,45.0,96.3811
sequence_47797,27.0,sequence_47756,37.0,113.2741
sequence_47797,27.0,sequence_47775,23.0,186.78369999999998
sequence_47797,27.0,sequence_47730,35.0,160.24380000000002
sequence_47797,27.0,sequence_47758,22.0,177.1368
sequence_47797,27.0,sequence_47798,23.0,148.5532
sequence_47797,27.0,sequence_47751,34.0,311.25870000000003
sequence_47797,27.0,sequence_47741,102.0,311.06690000000003
sequence_47797,27.0,sequence_47743,63.0,460.0381
sequence_47797,27.0,sequence_47752,67.0,250.49349999999998
sequence_47797,27.0,sequence_47745,83.0,469.69180000000006
sequence_47797,27.0,sequence_47747,72.0,348.27290000000005
sequence_47797,27.0,sequence_47748,79.0,331.8574
sequence_47797,27.0,sequence_47749,81.0,422.9273
sequence_47797,27.0,sequence_47744,69.0,381.8329
sequence_47797,27.0,sequence_47721,40.0,351.4444
sequence_47797,27.0,sequence_47759,36.0,350.5509
sequence_47797,27.0,sequence_47774,21.0,315.71000000000004
sequence_47797,27.0,sequence_47770,25.0,368.84420000000006
sequence_47797,27.0,sequence_47713,51.0,344.29359999999997
sequence_47797,27.0,sequence_47738,55.0,322.9493
sequence_47797,27.0,sequence_47769,25.0,309.96060000000006
sequence_47797,27.0,sequence_47702,69.0,635.9885
sequence_47797,27.0,sequence_47672,76.0,370.4928
sequence_47797,27.0,sequence_47705,71.0,507.58160000000004
sequence_47797,27.0,sequence_47694,51.0,357.7169
sequence_47797,27.0,sequence_47691,40.0,346.0263
sequence_47797,27.0,sequence_47701,63.0,790.7091
sequence_47797,27.0,sequence_47706,77.0,659.3697
sequence_47797,27.0,sequence_47675,57.0,578.41
sequence_47797,27.0,sequence_47698,56.0,369.4075
sequence_47797,27.0,sequence_47688,90.0,282.9436
sequence_47797,27.0,sequence_47704,98.0,820.7353
sequence_47797,27.0,sequence_47708,111.0,689.3959
sequence_47797,27.0,sequence_47709,119.0,534.6753
sequence_47797,27.0,sequence_47677,103.0,534.6753
sequence_47797,27.0,sequence_47692,87.5,393.6843
sequence_47797,27.0,sequence_47703,95.0,683.6465000000001
sequence_47797,27.0,sequence_47707,79.0,552.3071
sequence_47797,27.0,sequence_47762,127.0,624.6042
sequence_47797,27.0,sequence_47765,118.0,767.6342
sequence_47797,27.0,sequence_47767,105.0,679.2022
sequence_47797,27.0,sequence_47812,121.0,612.9136000000001
sequence_47797,27.0,sequence_47761,120.0,618.663
sequence_47797,27.0,sequence_47764,118.0,634.2579000000001
sequence_47797,27.0,sequence_47763,122.0,651.3960999999999
sequence_47797,27.0,sequence_47699,62.0,417.06550000000004
sequence_47797,27.0,sequence_47687,92.0,321.4158
sequence_47797,27.0,sequence_47693,64.0,548.4049
sequence_47797,27.0,sequence_47690,63.0,277.1942
sequence_47797,27.0,sequence_47712,49.0,422.81940000000003
sequence_47797,27.0,sequence_47714,51.0,405.6812
sequence_47797,27.0,sequence_47725,57.0,450.6255
sequence_47797,27.0,sequence_47669,32.0,314.3222
sequence_47797,27.0,sequence_47668,48.0,300.5926
sequence_47797,27.0,sequence_47670,97.0,200.51800000000003
sequence_47797,27.0,sequence_47665,50.0,198.48110000000003
sequence_47797,27.0,sequence_47661,52.0,188.8274
sequence_47797,27.0,sequence_47667,86.0,363.9205
sequence_47797,27.0,sequence_47726,120.0,81.75800000000001
sequence_47797,27.0,sequence_47734,110.0,91.4117
sequence_47797,27.0,sequence_47811,24.0,75.2698
sequence_47797,27.0,sequence_47662,28.0,119.02349999999998
sequence_47797,27.0,sequence_47731,32.0,54.41980000000001
sequence_47797,27.0,sequence_47733,25.0,154.4944
sequence_47797,27.0,sequence_47732,30.0,38.0043
sequence_47797,27.0,sequence_47755,100.0,311.25870000000003
sequence_47797,27.0,sequence_47746,94.0,463.9424
sequence_47797,27.0,sequence_47754,70.0,211.1841
sequence_47797,27.0,sequence_47753,74.0,332.603
sequence_47797,27.0,sequence_47740,158.0,320.0982
sequence_47797,27.0,sequence_47742,108.0,352.9755
sequence_47797,27.0,sequence_47715,101.0,345.5032
sequence_47797,27.0,sequence_47718,81.0,339.75380000000007
sequence_47797,27.0,sequence_47717,66.0,494.47439999999995
sequence_47797,27.0,sequence_47720,80.0,366.29370000000006
sequence_47797,27.0,sequence_47716,84.0,267.48530000000005
sequence_47797,27.0,sequence_47719,66.0,382.7092
sequence_47797,27.0,sequence_47723,69.0,436.89590000000004
sequence_47797,27.0,sequence_47722,75.0,363.135
sequence_47797,27.0,sequence_47674,38.0,349.92850000000004
sequence_47797,27.0,sequence_47676,56.0,397.58650000000006
sequence_47797,27.0,sequence_47711,57.0,403.34040000000005
sequence_47797,27.0,sequence_47739,35.0,364.85790000000003
sequence_47797,27.0,sequence_47735,55.0,447.56200000000007
sequence_47797,27.0,sequence_47793,16.0,362.6884
sequence_47797,27.0,sequence_47801,4.0,275.84040000000005
sequence_47797,27.0,sequence_47805,22.0,361.79490000000004
sequence_47797,27.0,sequence_47802,4.0,270.09100000000007
sequence_47797,27.0,sequence_47794,18.0,357.83250000000004
sequence_47797,27.0,sequence_47728,12.0,314.7382
sequence_47797,27.0,sequence_47808,4.0,376.331
sequence_47797,27.0,sequence_47792,12.0,328.7683
sequence_47797,27.0,sequence_47791,4.0,310.654
sequence_47797,27.0,sequence_47788,5.0,270.9845
sequence_47797,27.0,sequence_47729,34.0,366.7726
sequence_47797,27.0,sequence_47809,10.0,428.3654
sequence_47797,27.0,sequence_47737,27.0,466.3697
sequence_47797,27.0,sequence_47810,5.57,293.761
sequence_47797,27.0,sequence_47766,4.19,288.545
sequence_47797,27.0,sequence_47736,19.0,414.3353
sequence_47798,23.0,sequence_47787,5.0,180.80809999999997
sequence_47798,23.0,sequence_47684,23.0,268.43399999999997
sequence_47798,23.0,sequence_47789,10.0,170.08929999999998
sequence_47798,23.0,sequence_47790,9.0,185.664
sequence_47798,23.0,sequence_47781,12.0,180.80809999999997
sequence_47798,23.0,sequence_47777,11.0,186.7493
sequence_47798,23.0,sequence_47779,11.0,174.8669
sequence_47798,23.0,sequence_47784,21.0,52.627399999999994
sequence_47798,23.0,sequence_47786,18.0,264.7672
sequence_47798,23.0,sequence_47782,17.0,96.849
sequence_47798,23.0,sequence_47772,12.0,166.18499999999997
sequence_47798,23.0,sequence_47795,7.0,270.9845
sequence_47798,23.0,sequence_47776,9.0,309.215
sequence_47798,23.0,sequence_47685,24.0,274.1834
sequence_47798,23.0,sequence_47679,44.0,274.3752
sequence_47798,23.0,sequence_47695,52.0,267.54049999999995
sequence_47798,23.0,sequence_47710,43.0,304.6513
sequence_47798,23.0,sequence_47686,22.0,257.7152
sequence_47798,23.0,sequence_47778,26.0,176.03050000000002
sequence_47798,23.0,sequence_47780,23.0,164.1481
sequence_47798,23.0,sequence_47785,25.0,132.9785
sequence_47798,23.0,sequence_47803,12.0,169.1958
sequence_47798,23.0,sequence_47663,36.0,113.27409999999999
sequence_47798,23.0,sequence_47757,36.0,107.5247
sequence_47798,23.0,sequence_47783,24.5,154.30259999999998
sequence_47798,23.0,sequence_47796,20.0,26.313699999999997
sequence_47798,23.0,sequence_47750,25.0,221.08229999999998
sequence_47798,23.0,sequence_47760,26.0,446.8164
sequence_47798,23.0,sequence_47773,19.0,155.4662
sequence_47798,23.0,sequence_47768,17.0,172.12619999999998
sequence_47798,23.0,sequence_47771,18.0,167.0785
sequence_47798,23.0,sequence_47681,44.0,280.1246
sequence_47798,23.0,sequence_47696,47.0,273.2899
sequence_47798,23.0,sequence_47680,73.0,423.3464
sequence_47798,23.0,sequence_47673,65.5,259.7521
sequence_47798,23.0,sequence_47700,65.0,545.8121
sequence_47798,23.0,sequence_47689,52.0,139.3598
sequence_47798,23.0,sequence_47683,75.0,400.7452
sequence_47798,23.0,sequence_47697,55.5,256.82169999999996
sequence_47798,23.0,sequence_47678,37.0,243.09210000000002
sequence_47798,23.0,sequence_47682,53.0,263.6564
sequence_47798,23.0,sequence_47724,48.0,297.2164
sequence_47798,23.0,sequence_47806,73.0,447.4674
sequence_47798,23.0,sequence_47807,42.0,292.7468
sequence_47798,23.0,sequence_47804,23.0,180.88639999999998
sequence_47798,23.0,sequence_47800,20.0,169.1958
sequence_47798,23.0,sequence_47799,24.0,163.2546
sequence_47798,23.0,sequence_47664,32.0,119.02349999999998
sequence_47798,23.0,sequence_47666,69.0,241.68099999999998
sequence_47798,23.0,sequence_47671,36.0,135.7618
sequence_47798,23.0,sequence_47727,45.0,192.30689999999998
sequence_47798,23.0,sequence_47756,37.0,209.1999
sequence_47798,23.0,sequence_47775,23.0,282.7095
sequence_47798,23.0,sequence_47730,35.0,64.318
sequence_47798,23.0,sequence_47758,22.0,81.211
sequence_47798,23.0,sequence_47797,27.0,148.5532
sequence_47798,23.0,sequence_47751,34.0,226.8317
sequence_47798,23.0,sequence_47741,102.0,215.1411
sequence_47798,23.0,sequence_47743,63.0,364.11229999999995
sequence_47798,23.0,sequence_47752,67.0,154.5677
sequence_47798,23.0,sequence_47745,83.0,373.766
sequence_47798,23.0,sequence_47747,72.0,252.3471
sequence_47798,23.0,sequence_47748,79.0,235.9316
sequence_47798,23.0,sequence_47749,81.0,327.0015
sequence_47798,23.0,sequence_47744,69.0,285.9071
sequence_47798,23.0,sequence_47721,40.0,202.8912
sequence_47798,23.0,sequence_47759,36.0,201.9977
sequence_47798,23.0,sequence_47774,21.0,167.15679999999998
sequence_47798,23.0,sequence_47770,25.0,220.291
sequence_47798,23.0,sequence_47713,51.0,248.3678
sequence_47798,23.0,sequence_47738,55.0,227.0235
sequence_47798,23.0,sequence_47769,25.0,161.4074
sequence_47798,23.0,sequence_47702,69.0,551.5615
sequence_47798,23.0,sequence_47672,76.0,286.06579999999997
sequence_47798,23.0,sequence_47705,71.0,423.1546
sequence_47798,23.0,sequence_47694,51.0,273.2899
sequence_47798,23.0,sequence_47691,40.0,261.59929999999997
sequence_47798,23.0,sequence_47701,63.0,694.7833
sequence_47798,23.0,sequence_47706,77.0,563.4439
sequence_47798,23.0,sequence_47675,57.0,482.48420000000004
sequence_47798,23.0,sequence_47698,56.0,284.9805
sequence_47798,23.0,sequence_47688,90.0,134.3904
sequence_47798,23.0,sequence_47704,98.0,672.1821
sequence_47798,23.0,sequence_47708,111.0,540.8427
sequence_47798,23.0,sequence_47709,119.0,386.12210000000005
sequence_47798,23.0,sequence_47677,103.0,386.12210000000005
sequence_47798,23.0,sequence_47692,87.5,245.1311
sequence_47798,23.0,sequence_47703,95.0,535.0933
sequence_47798,23.0,sequence_47707,79.0,403.75390000000004
sequence_47798,23.0,sequence_47762,127.0,476.05100000000004
sequence_47798,23.0,sequence_47765,118.0,619.081
sequence_47798,23.0,sequence_47767,105.0,530.649
sequence_47798,23.0,sequence_47812,121.0,464.3604
sequence_47798,23.0,sequence_47761,120.0,470.10980000000006
sequence_47798,23.0,sequence_47764,118.0,485.7047
sequence_47798,23.0,sequence_47763,122.0,502.8429
sequence_47798,23.0,sequence_47699,62.0,268.5123
sequence_47798,23.0,sequence_47687,92.0,172.8626
sequence_47798,23.0,sequence_47693,64.0,399.85170000000005
sequence_47798,23.0,sequence_47690,63.0,128.641
sequence_47798,23.0,sequence_47712,49.0,274.26619999999997
sequence_47798,23.0,sequence_47714,51.0,257.128
sequence_47798,23.0,sequence_47725,57.0,302.0723
sequence_47798,23.0,sequence_47669,32.0,229.8952
sequence_47798,23.0,sequence_47668,48.0,216.16559999999998
sequence_47798,23.0,sequence_47670,97.0,116.09100000000001
sequence_47798,23.0,sequence_47665,50.0,114.0541
sequence_47798,23.0,sequence_47661,52.0,104.40039999999999
sequence_47798,23.0,sequence_47667,86.0,215.3673
sequence_47798,23.0,sequence_47726,120.0,177.68380000000002
sequence_47798,23.0,sequence_47734,110.0,187.3375
sequence_47798,23.0,sequence_47811,24.0,171.1956
sequence_47798,23.0,sequence_47662,28.0,214.9493
sequence_47798,23.0,sequence_47731,32.0,170.142
sequence_47798,23.0,sequence_47733,25.0,70.06739999999999
sequence_47798,23.0,sequence_47732,30.0,186.5575
sequence_47798,23.0,sequence_47755,100.0,226.8317
sequence_47798,23.0,sequence_47746,94.0,379.5154
sequence_47798,23.0,sequence_47754,70.0,126.75710000000001
sequence_47798,23.0,sequence_47753,74.0,248.17600000000004
sequence_47798,23.0,sequence_47740,158.0,286.5116
sequence_47798,23.0,sequence_47742,108.0,204.4223
sequence_47798,23.0,sequence_47715,101.0,196.95000000000002
sequence_47798,23.0,sequence_47718,81.0,191.2006
sequence_47798,23.0,sequence_47717,66.0,345.9212
sequence_47798,23.0,sequence_47720,80.0,217.7405
sequence_47798,23.0,sequence_47716,84.0,118.9321
sequence_47798,23.0,sequence_47719,66.0,234.156
sequence_47798,23.0,sequence_47723,69.0,288.34270000000004
sequence_47798,23.0,sequence_47722,75.0,214.5818
sequence_47798,23.0,sequence_47674,38.0,265.5015
sequence_47798,23.0,sequence_47676,56.0,249.0333
sequence_47798,23.0,sequence_47711,57.0,254.78719999999998
sequence_47798,23.0,sequence_47739,35.0,216.30470000000003
sequence_47798,23.0,sequence_47735,55.0,299.00880000000006
sequence_47798,23.0,sequence_47793,16.0,266.7626
sequence_47798,23.0,sequence_47801,4.0,179.91459999999998
sequence_47798,23.0,sequence_47805,22.0,265.86910000000006
sequence_47798,23.0,sequence_47802,4.0,185.664
sequence_47798,23.0,sequence_47794,18.0,271.6185
sequence_47798,23.0,sequence_47728,12.0,218.81239999999997
sequence_47798,23.0,sequence_47808,4.0,280.4052
sequence_47798,23.0,sequence_47792,12.0,232.84250000000003
sequence_47798,23.0,sequence_47791,4.0,214.72820000000002
sequence_47798,23.0,sequence_47788,5.0,186.5575
sequence_47798,23.0,sequence_47729,34.0,270.84680000000003
sequence_47798,23.0,sequence_47809,10.0,332.43960000000004
sequence_47798,23.0,sequence_47737,27.0,370.4439
sequence_47798,23.0,sequence_47810,5.57,197.8352
sequence_47798,23.0,sequence_47766,4.19,192.61919999999998
sequence_47798,23.0,sequence_47736,19.0,318.4095
sequence_47751,34.0,sequence_47787,5.0,98.651
sequence_47751,34.0,sequence_47684,23.0,110.2683
sequence_47751,34.0,sequence_47789,10.0,140.5596
sequence_47751,34.0,sequence_47790,9.0,144.6355
sequence_47751,34.0,sequence_47781,12.0,189.8724
sequence_47751,34.0,sequence_47777,11.0,183.9312
sequence_47751,34.0,sequence_47779,11.0,183.9312
sequence_47751,34.0,sequence_47784,21.0,226.8317
sequence_47751,34.0,sequence_47786,18.0,182.6101
sequence_47751,34.0,sequence_47782,17.0,182.6101
sequence_47751,34.0,sequence_47772,12.0,60.6467
sequence_47751,34.0,sequence_47795,7.0,188.8274
sequence_47751,34.0,sequence_47776,9.0,203.6767
sequence_47751,34.0,sequence_47685,24.0,104.5189
sequence_47751,34.0,sequence_47679,44.0,195.5485
sequence_47751,34.0,sequence_47695,52.0,109.3748
sequence_47751,34.0,sequence_47710,43.0,146.4856
sequence_47751,34.0,sequence_47686,22.0,152.1769
sequence_47751,34.0,sequence_47778,26.0,225.8398
sequence_47751,34.0,sequence_47780,23.0,225.8398
sequence_47751,34.0,sequence_47785,25.0,194.6702
sequence_47751,34.0,sequence_47803,12.0,139.6661
sequence_47751,34.0,sequence_47663,36.0,177.68380000000002
sequence_47751,34.0,sequence_47757,36.0,171.9344
sequence_47751,34.0,sequence_47783,24.5,369.6355000000001
sequence_47751,34.0,sequence_47796,20.0,200.51800000000003
sequence_47751,34.0,sequence_47750,25.0,5.7494
sequence_47751,34.0,sequence_47760,26.0,265.2695
sequence_47751,34.0,sequence_47773,19.0,102.55529999999999
sequence_47751,34.0,sequence_47768,17.0,145.9269
sequence_47751,34.0,sequence_47771,18.0,76.753
sequence_47751,34.0,sequence_47681,44.0,189.7991
sequence_47751,34.0,sequence_47696,47.0,103.6254
sequence_47751,34.0,sequence_47680,73.0,344.5197
sequence_47751,34.0,sequence_47673,65.5,157.5442
sequence_47751,34.0,sequence_47700,65.0,443.60420000000005
sequence_47751,34.0,sequence_47689,52.0,237.5555
sequence_47751,34.0,sequence_47683,75.0,386.4282999999999
sequence_47751,34.0,sequence_47697,55.5,151.2834
sequence_47751,34.0,sequence_47678,37.0,114.17259999999999
sequence_47751,34.0,sequence_47682,53.0,237.4571
sequence_47751,34.0,sequence_47724,48.0,271.0171
sequence_47751,34.0,sequence_47806,73.0,473.89549999999997
sequence_47751,34.0,sequence_47807,42.0,342.5561
sequence_47751,34.0,sequence_47804,23.0,219.19689999999997
sequence_47751,34.0,sequence_47800,20.0,230.8875
sequence_47751,34.0,sequence_47799,24.0,224.9463
sequence_47751,34.0,sequence_47664,32.0,171.9344
sequence_47751,34.0,sequence_47666,69.0,282.70950000000005
sequence_47751,34.0,sequence_47671,36.0,176.7903
sequence_47751,34.0,sequence_47727,45.0,331.63120000000004
sequence_47751,34.0,sequence_47756,37.0,314.73820000000006
sequence_47751,34.0,sequence_47775,23.0,474.66120000000006
sequence_47751,34.0,sequence_47730,35.0,162.51370000000003
sequence_47751,34.0,sequence_47758,22.0,145.6207
sequence_47751,34.0,sequence_47797,27.0,311.25870000000003
sequence_47751,34.0,sequence_47798,23.0,226.8317
sequence_47751,34.0,sequence_47741,102.0,91.0296
sequence_47751,34.0,sequence_47743,63.0,240.0008
sequence_47751,34.0,sequence_47752,67.0,72.26400000000001
sequence_47751,34.0,sequence_47745,83.0,249.65449999999998
sequence_47751,34.0,sequence_47747,72.0,260.54459999999995
sequence_47751,34.0,sequence_47748,79.0,276.9601
sequence_47751,34.0,sequence_47749,81.0,202.89
sequence_47751,34.0,sequence_47744,69.0,226.9846
sequence_47751,34.0,sequence_47721,40.0,73.9717
sequence_47751,34.0,sequence_47759,36.0,73.0782
sequence_47751,34.0,sequence_47774,21.0,182.0861
sequence_47751,34.0,sequence_47770,25.0,323.79049999999995
sequence_47751,34.0,sequence_47713,51.0,112.37389999999999
sequence_47751,34.0,sequence_47738,55.0,91.0296
sequence_47751,34.0,sequence_47769,25.0,187.8355
sequence_47751,34.0,sequence_47702,69.0,437.85480000000007
sequence_47751,34.0,sequence_47672,76.0,195.74030000000002
sequence_47751,34.0,sequence_47705,71.0,332.82910000000004
sequence_47751,34.0,sequence_47694,51.0,268.7654
sequence_47751,34.0,sequence_47691,40.0,183.1562
sequence_47751,34.0,sequence_47701,63.0,592.5754000000001
sequence_47751,34.0,sequence_47706,77.0,461.236
sequence_47751,34.0,sequence_47675,57.0,380.2763
sequence_47751,34.0,sequence_47698,56.0,183.1562
sequence_47751,34.0,sequence_47688,90.0,285.2135
sequence_47751,34.0,sequence_47704,98.0,634.4839999999999
sequence_47751,34.0,sequence_47708,111.0,503.14459999999997
sequence_47751,34.0,sequence_47709,119.0,371.80519999999996
sequence_47751,34.0,sequence_47677,103.0,348.424
sequence_47751,34.0,sequence_47692,87.5,230.81419999999997
sequence_47751,34.0,sequence_47703,95.0,485.5128
sequence_47751,34.0,sequence_47707,79.0,354.1734
sequence_47751,34.0,sequence_47762,127.0,468.69309999999996
sequence_47751,34.0,sequence_47765,118.0,611.7230999999999
sequence_47751,34.0,sequence_47767,105.0,557.0771
sequence_47751,34.0,sequence_47812,121.0,457.0025
sequence_47751,34.0,sequence_47761,120.0,462.7519
sequence_47751,34.0,sequence_47764,118.0,478.34680000000003
sequence_47751,34.0,sequence_47763,122.0,529.271
sequence_47751,34.0,sequence_47699,62.0,230.81419999999997
sequence_47751,34.0,sequence_47687,92.0,235.2425
sequence_47751,34.0,sequence_47693,64.0,385.53479999999996
sequence_47751,34.0,sequence_47690,63.0,279.4641
sequence_47751,34.0,sequence_47712,49.0,236.5681
sequence_47751,34.0,sequence_47714,51.0,185.64389999999997
sequence_47751,34.0,sequence_47725,57.0,264.3742
sequence_47751,34.0,sequence_47669,32.0,282.8061
sequence_47751,34.0,sequence_47668,48.0,245.69529999999997
sequence_47751,34.0,sequence_47670,97.0,145.6207
sequence_47751,34.0,sequence_47665,50.0,143.5838
sequence_47751,34.0,sequence_47661,52.0,133.9301
sequence_47751,34.0,sequence_47667,86.0,309.0232
sequence_47751,34.0,sequence_47726,120.0,293.6269000000001
sequence_47751,34.0,sequence_47734,110.0,303.28060000000005
sequence_47751,34.0,sequence_47811,24.0,352.74250000000006
sequence_47751,34.0,sequence_47662,28.0,320.48760000000004
sequence_47751,34.0,sequence_47731,32.0,256.8389
sequence_47751,34.0,sequence_47733,25.0,156.7643
sequence_47751,34.0,sequence_47732,30.0,273.25440000000003
sequence_47751,34.0,sequence_47755,100.0,67.8402
sequence_47751,34.0,sequence_47746,94.0,243.90509999999998
sequence_47751,34.0,sequence_47754,70.0,100.0746
sequence_47751,34.0,sequence_47753,74.0,89.18449999999999
sequence_47751,34.0,sequence_47740,158.0,150.9013
sequence_47751,34.0,sequence_47742,108.0,132.9382
sequence_47751,34.0,sequence_47715,101.0,159.25189999999998
sequence_47751,34.0,sequence_47718,81.0,153.5025
sequence_47751,34.0,sequence_47717,66.0,308.2231
sequence_47751,34.0,sequence_47720,80.0,345.1824
sequence_47751,34.0,sequence_47716,84.0,157.93079999999998
sequence_47751,34.0,sequence_47719,66.0,328.7668999999999
sequence_47751,34.0,sequence_47723,69.0,227.2634
sequence_47751,34.0,sequence_47722,75.0,153.5025
sequence_47751,34.0,sequence_47674,38.0,151.7948
sequence_47751,34.0,sequence_47676,56.0,199.4528
sequence_47751,34.0,sequence_47711,57.0,205.2067
sequence_47751,34.0,sequence_47739,35.0,132.9382
sequence_47751,34.0,sequence_47735,55.0,249.4283
sequence_47751,34.0,sequence_47793,16.0,184.6055
sequence_47751,34.0,sequence_47801,4.0,97.7575
sequence_47751,34.0,sequence_47805,22.0,183.712
sequence_47751,34.0,sequence_47802,4.0,92.0081
sequence_47751,34.0,sequence_47794,18.0,179.74960000000002
sequence_47751,34.0,sequence_47728,12.0,60.6467
sequence_47751,34.0,sequence_47808,4.0,198.24810000000002
sequence_47751,34.0,sequence_47792,12.0,150.68540000000002
sequence_47751,34.0,sequence_47791,4.0,132.5711
sequence_47751,34.0,sequence_47788,5.0,92.9016
sequence_47751,34.0,sequence_47729,34.0,112.68110000000001
sequence_47751,34.0,sequence_47809,10.0,250.28250000000003
sequence_47751,34.0,sequence_47737,27.0,212.27820000000003
sequence_47751,34.0,sequence_47810,5.57,115.67809999999999
sequence_47751,34.0,sequence_47766,4.19,110.46209999999999
sequence_47751,34.0,sequence_47736,19.0,160.24380000000002
sequence_47741,102.0,sequence_47787,5.0,178.1818
sequence_47741,102.0,sequence_47684,23.0,189.7991
sequence_47741,102.0,sequence_47789,10.0,220.0904
sequence_47741,102.0,sequence_47790,9.0,235.6651
sequence_47741,102.0,sequence_47781,12.0,98.84280000000001
sequence_47741,102.0,sequence_47777,11.0,104.784
sequence_47741,102.0,sequence_47779,11.0,92.9016
sequence_47741,102.0,sequence_47784,21.0,215.1411
sequence_47741,102.0,sequence_47786,18.0,182.80190000000002
sequence_47741,102.0,sequence_47782,17.0,170.9195
sequence_47741,102.0,sequence_47772,12.0,140.1775
sequence_47741,102.0,sequence_47795,7.0,268.3582
sequence_47741,102.0,sequence_47776,9.0,283.2075
sequence_47741,102.0,sequence_47685,24.0,195.5485
sequence_47741,102.0,sequence_47679,44.0,116.4013
sequence_47741,102.0,sequence_47695,52.0,188.9056
sequence_47741,102.0,sequence_47710,43.0,226.0164
sequence_47741,102.0,sequence_47686,22.0,231.7077
sequence_47741,102.0,sequence_47778,26.0,146.6926
sequence_47741,102.0,sequence_47780,23.0,134.8102
sequence_47741,102.0,sequence_47785,25.0,165.9798
sequence_47741,102.0,sequence_47803,12.0,219.19689999999997
sequence_47741,102.0,sequence_47663,36.0,165.9932
sequence_47741,102.0,sequence_47757,36.0,160.24380000000002
sequence_47741,102.0,sequence_47783,24.5,369.44370000000004
sequence_47741,102.0,sequence_47796,20.0,188.8274
sequence_47741,102.0,sequence_47750,25.0,85.28020000000001
sequence_47741,102.0,sequence_47760,26.0,344.8003
sequence_47741,102.0,sequence_47773,19.0,182.0861
sequence_47741,102.0,sequence_47768,17.0,66.7797
sequence_47741,102.0,sequence_47771,18.0,124.0712
sequence_47741,102.0,sequence_47681,44.0,122.1507
sequence_47741,102.0,sequence_47696,47.0,194.655
sequence_47741,102.0,sequence_47680,73.0,265.37250000000006
sequence_47741,102.0,sequence_47673,65.5,78.397
sequence_47741,102.0,sequence_47700,65.0,364.45700000000005
sequence_47741,102.0,sequence_47689,52.0,225.8649
sequence_47741,102.0,sequence_47683,75.0,295.3987
sequence_47741,102.0,sequence_47697,55.5,230.81419999999997
sequence_47741,102.0,sequence_47678,37.0,193.7034
sequence_47741,102.0,sequence_47682,53.0,158.3099
sequence_47741,102.0,sequence_47724,48.0,191.8699
sequence_47741,102.0,sequence_47806,73.0,394.7483
sequence_47741,102.0,sequence_47807,42.0,263.4089
sequence_47741,102.0,sequence_47804,23.0,151.5485
sequence_47741,102.0,sequence_47800,20.0,139.8579
sequence_47741,102.0,sequence_47799,24.0,133.9167
sequence_47741,102.0,sequence_47664,32.0,171.7426
sequence_47741,102.0,sequence_47666,69.0,271.01890000000003
sequence_47741,102.0,sequence_47671,36.0,165.0997
sequence_47741,102.0,sequence_47727,45.0,331.4394
sequence_47741,102.0,sequence_47756,37.0,314.5464
sequence_47741,102.0,sequence_47775,23.0,474.4694
sequence_47741,102.0,sequence_47730,35.0,150.8231
sequence_47741,102.0,sequence_47758,22.0,133.9301
sequence_47741,102.0,sequence_47797,27.0,311.06690000000003
sequence_47741,102.0,sequence_47798,23.0,215.1411
sequence_47741,102.0,sequence_47751,34.0,91.0296
sequence_47741,102.0,sequence_47743,63.0,148.9712
sequence_47741,102.0,sequence_47752,67.0,83.95460000000001
sequence_47741,102.0,sequence_47745,83.0,158.6249
sequence_47741,102.0,sequence_47747,72.0,248.85399999999998
sequence_47741,102.0,sequence_47748,79.0,265.2695
sequence_47741,102.0,sequence_47749,81.0,174.1996
sequence_47741,102.0,sequence_47744,69.0,215.294
sequence_47741,102.0,sequence_47721,40.0,153.5025
sequence_47741,102.0,sequence_47759,36.0,152.60899999999998
sequence_47741,102.0,sequence_47774,21.0,114.4377
sequence_47741,102.0,sequence_47770,25.0,312.09990000000005
sequence_47741,102.0,sequence_47713,51.0,33.2267
sequence_47741,102.0,sequence_47738,55.0,11.882400000000004
sequence_47741,102.0,sequence_47769,25.0,108.6883
sequence_47741,102.0,sequence_47702,69.0,370.20640000000003
sequence_47741,102.0,sequence_47672,76.0,128.0919
sequence_47741,102.0,sequence_47705,71.0,265.1807
sequence_47741,102.0,sequence_47694,51.0,359.795
sequence_47741,102.0,sequence_47691,40.0,115.1242
sequence_47741,102.0,sequence_47701,63.0,513.4282000000001
sequence_47741,102.0,sequence_47706,77.0,382.08880000000005
sequence_47741,102.0,sequence_47675,57.0,301.1291
sequence_47741,102.0,sequence_47698,56.0,127.0066
sequence_47741,102.0,sequence_47688,90.0,273.5229
sequence_47741,102.0,sequence_47704,98.0,543.4544000000001
sequence_47741,102.0,sequence_47708,111.0,412.115
sequence_47741,102.0,sequence_47709,119.0,280.77560000000005
sequence_47741,102.0,sequence_47677,103.0,257.3944
sequence_47741,102.0,sequence_47692,87.5,151.2834
sequence_47741,102.0,sequence_47703,95.0,406.36560000000003
sequence_47741,102.0,sequence_47707,79.0,275.0262
sequence_47741,102.0,sequence_47762,127.0,389.54589999999996
sequence_47741,102.0,sequence_47765,118.0,532.5758999999999
sequence_47741,102.0,sequence_47767,105.0,477.9299
sequence_47741,102.0,sequence_47812,121.0,377.8553
sequence_47741,102.0,sequence_47761,120.0,383.6047
sequence_47741,102.0,sequence_47764,118.0,399.19960000000003
sequence_47741,102.0,sequence_47763,122.0,450.12379999999996
sequence_47741,102.0,sequence_47699,62.0,163.1658
sequence_47741,102.0,sequence_47687,92.0,223.5519
sequence_47741,102.0,sequence_47693,64.0,294.5052
sequence_47741,102.0,sequence_47690,63.0,267.7735
sequence_47741,102.0,sequence_47712,49.0,168.9197
sequence_47741,102.0,sequence_47714,51.0,117.99549999999999
sequence_47741,102.0,sequence_47725,57.0,196.72580000000002
sequence_47741,102.0,sequence_47669,32.0,282.61429999999996
sequence_47741,102.0,sequence_47668,48.0,245.50349999999997
sequence_47741,102.0,sequence_47670,97.0,145.4289
sequence_47741,102.0,sequence_47665,50.0,143.392
sequence_47741,102.0,sequence_47661,52.0,133.7383
sequence_47741,102.0,sequence_47667,86.0,297.3326
sequence_47741,102.0,sequence_47726,120.0,293.43510000000003
sequence_47741,102.0,sequence_47734,110.0,303.0888
sequence_47741,102.0,sequence_47811,24.0,352.5507
sequence_47741,102.0,sequence_47662,28.0,320.2958
sequence_47741,102.0,sequence_47731,32.0,256.6471
sequence_47741,102.0,sequence_47733,25.0,156.5725
sequence_47741,102.0,sequence_47732,30.0,273.06260000000003
sequence_47741,102.0,sequence_47755,100.0,23.1894
sequence_47741,102.0,sequence_47746,94.0,164.3743
sequence_47741,102.0,sequence_47754,70.0,123.264
sequence_47741,102.0,sequence_47753,74.0,33.0349
sequence_47741,102.0,sequence_47740,158.0,71.3705
sequence_47741,102.0,sequence_47742,108.0,41.90859999999999
sequence_47741,102.0,sequence_47715,101.0,68.22229999999999
sequence_47741,102.0,sequence_47718,81.0,73.9717
sequence_47741,102.0,sequence_47717,66.0,217.19349999999997
sequence_47741,102.0,sequence_47720,80.0,333.4918
sequence_47741,102.0,sequence_47716,84.0,146.2402
sequence_47741,102.0,sequence_47719,66.0,317.0763
sequence_47741,102.0,sequence_47723,69.0,159.615
sequence_47741,102.0,sequence_47722,75.0,85.8541
sequence_47741,102.0,sequence_47674,38.0,84.1464
sequence_47741,102.0,sequence_47676,56.0,120.3056
sequence_47741,102.0,sequence_47711,57.0,126.0595
sequence_47741,102.0,sequence_47739,35.0,53.791
sequence_47741,102.0,sequence_47735,55.0,170.2811
sequence_47741,102.0,sequence_47793,16.0,196.29610000000002
sequence_47741,102.0,sequence_47801,4.0,177.2883
sequence_47741,102.0,sequence_47805,22.0,195.4026
sequence_47741,102.0,sequence_47802,4.0,183.0377
sequence_47741,102.0,sequence_47794,18.0,202.93900000000002
sequence_47741,102.0,sequence_47728,12.0,140.1775
sequence_47741,102.0,sequence_47808,4.0,277.7789
sequence_47741,102.0,sequence_47792,12.0,230.21620000000001
sequence_47741,102.0,sequence_47791,4.0,144.26170000000002
sequence_47741,102.0,sequence_47788,5.0,183.9312
sequence_47741,102.0,sequence_47729,34.0,192.2119
sequence_47741,102.0,sequence_47809,10.0,329.8133
sequence_47741,102.0,sequence_47737,27.0,291.809
sequence_47741,102.0,sequence_47810,5.57,195.2089
sequence_47741,102.0,sequence_47766,4.19,189.99290000000002
sequence_47741,102.0,sequence_47736,19.0,239.77460000000002
sequence_47743,63.0,sequence_47787,5.0,327.153
sequence_47743,63.0,sequence_47684,23.0,338.7703
sequence_47743,63.0,sequence_47789,10.0,369.0616
sequence_47743,63.0,sequence_47790,9.0,384.6363
sequence_47743,63.0,sequence_47781,12.0,235.9316
sequence_47743,63.0,sequence_47777,11.0,241.8728
sequence_47743,63.0,sequence_47779,11.0,241.8728
sequence_47743,63.0,sequence_47784,21.0,364.1123
sequence_47743,63.0,sequence_47786,18.0,319.89070000000004
sequence_47743,63.0,sequence_47782,17.0,319.89070000000004
sequence_47743,63.0,sequence_47772,12.0,289.14869999999996
sequence_47743,63.0,sequence_47795,7.0,417.32939999999996
sequence_47743,63.0,sequence_47776,9.0,432.1787
sequence_47743,63.0,sequence_47685,24.0,344.5197
sequence_47743,63.0,sequence_47679,44.0,253.4901
sequence_47743,63.0,sequence_47695,52.0,337.8768
sequence_47743,63.0,sequence_47710,43.0,374.9876
sequence_47743,63.0,sequence_47686,22.0,380.6789
sequence_47743,63.0,sequence_47778,26.0,283.78139999999996
sequence_47743,63.0,sequence_47780,23.0,283.78139999999996
sequence_47743,63.0,sequence_47785,25.0,314.951
sequence_47743,63.0,sequence_47803,12.0,368.1681
sequence_47743,63.0,sequence_47663,36.0,314.96439999999996
sequence_47743,63.0,sequence_47757,36.0,309.215
sequence_47743,63.0,sequence_47783,24.5,518.4149
sequence_47743,63.0,sequence_47796,20.0,337.79859999999996
sequence_47743,63.0,sequence_47750,25.0,234.2514
sequence_47743,63.0,sequence_47760,26.0,493.7715
sequence_47743,63.0,sequence_47773,19.0,331.05729999999994
sequence_47743,63.0,sequence_47768,17.0,203.8685
sequence_47743,63.0,sequence_47771,18.0,273.0424
sequence_47743,63.0,sequence_47681,44.0,259.2395
sequence_47743,63.0,sequence_47696,47.0,343.6262
sequence_47743,63.0,sequence_47680,73.0,402.46130000000005
sequence_47743,63.0,sequence_47673,65.5,215.4858
sequence_47743,63.0,sequence_47700,65.0,501.54580000000004
sequence_47743,63.0,sequence_47689,52.0,374.8361
sequence_47743,63.0,sequence_47683,75.0,432.48750000000007
sequence_47743,63.0,sequence_47697,55.5,379.7854
sequence_47743,63.0,sequence_47678,37.0,342.67459999999994
sequence_47743,63.0,sequence_47682,53.0,295.39869999999996
sequence_47743,63.0,sequence_47724,48.0,328.9587
sequence_47743,63.0,sequence_47806,73.0,531.8371
sequence_47743,63.0,sequence_47807,42.0,400.4977
sequence_47743,63.0,sequence_47804,23.0,288.6373
sequence_47743,63.0,sequence_47800,20.0,276.9467
sequence_47743,63.0,sequence_47799,24.0,282.8879
sequence_47743,63.0,sequence_47664,32.0,320.71379999999994
sequence_47743,63.0,sequence_47666,69.0,419.9901
sequence_47743,63.0,sequence_47671,36.0,314.0709
sequence_47743,63.0,sequence_47727,45.0,480.41060000000004
sequence_47743,63.0,sequence_47756,37.0,463.5176
sequence_47743,63.0,sequence_47775,23.0,623.4406
sequence_47743,63.0,sequence_47730,35.0,299.79429999999996
sequence_47743,63.0,sequence_47758,22.0,282.9013
sequence_47743,63.0,sequence_47797,27.0,460.0381
sequence_47743,63.0,sequence_47798,23.0,364.11229999999995
sequence_47743,63.0,sequence_47751,34.0,240.0008
sequence_47743,63.0,sequence_47741,102.0,148.9712
sequence_47743,63.0,sequence_47752,67.0,232.92579999999998
sequence_47743,63.0,sequence_47745,83.0,276.4063
sequence_47743,63.0,sequence_47747,72.0,397.8252
sequence_47743,63.0,sequence_47748,79.0,414.24069999999995
sequence_47743,63.0,sequence_47749,81.0,323.1708
sequence_47743,63.0,sequence_47744,69.0,364.2652
sequence_47743,63.0,sequence_47721,40.0,302.47369999999995
sequence_47743,63.0,sequence_47759,36.0,301.5802
sequence_47743,63.0,sequence_47774,21.0,251.5265
sequence_47743,63.0,sequence_47770,25.0,461.0711
sequence_47743,63.0,sequence_47713,51.0,170.31550000000001
sequence_47743,63.0,sequence_47738,55.0,148.9712
sequence_47743,63.0,sequence_47769,25.0,245.7771
sequence_47743,63.0,sequence_47702,69.0,507.2952
sequence_47743,63.0,sequence_47672,76.0,265.1807
sequence_47743,63.0,sequence_47705,71.0,402.2695
sequence_47743,63.0,sequence_47694,51.0,508.76619999999997
sequence_47743,63.0,sequence_47691,40.0,264.0954
sequence_47743,63.0,sequence_47701,63.0,650.517
sequence_47743,63.0,sequence_47706,77.0,519.1776
sequence_47743,63.0,sequence_47675,57.0,438.2179
sequence_47743,63.0,sequence_47698,56.0,264.0954
sequence_47743,63.0,sequence_47688,90.0,422.4941
sequence_47743,63.0,sequence_47704,98.0,680.5432000000001
sequence_47743,63.0,sequence_47708,111.0,549.2038
sequence_47743,63.0,sequence_47709,119.0,417.86440000000005
sequence_47743,63.0,sequence_47677,103.0,394.4832
sequence_47743,63.0,sequence_47692,87.5,300.2546
sequence_47743,63.0,sequence_47703,95.0,543.4544000000001
sequence_47743,63.0,sequence_47707,79.0,412.115
sequence_47743,63.0,sequence_47762,127.0,526.6347
sequence_47743,63.0,sequence_47765,118.0,669.6646999999999
sequence_47743,63.0,sequence_47767,105.0,615.0187
sequence_47743,63.0,sequence_47812,121.0,514.9440999999999
sequence_47743,63.0,sequence_47761,120.0,520.6935
sequence_47743,63.0,sequence_47764,118.0,536.2884
sequence_47743,63.0,sequence_47763,122.0,587.2126
sequence_47743,63.0,sequence_47699,62.0,300.2546
sequence_47743,63.0,sequence_47687,92.0,372.5231
sequence_47743,63.0,sequence_47693,64.0,431.59400000000005
sequence_47743,63.0,sequence_47690,63.0,416.74469999999997
sequence_47743,63.0,sequence_47712,49.0,306.0085
sequence_47743,63.0,sequence_47714,51.0,255.08429999999998
sequence_47743,63.0,sequence_47725,57.0,333.81460000000004
sequence_47743,63.0,sequence_47669,32.0,431.5854999999999
sequence_47743,63.0,sequence_47668,48.0,394.4746999999999
sequence_47743,63.0,sequence_47670,97.0,294.40009999999995
sequence_47743,63.0,sequence_47665,50.0,292.36319999999995
sequence_47743,63.0,sequence_47661,52.0,282.70949999999993
sequence_47743,63.0,sequence_47667,86.0,446.30379999999997
sequence_47743,63.0,sequence_47726,120.0,442.4063
sequence_47743,63.0,sequence_47734,110.0,452.06
sequence_47743,63.0,sequence_47811,24.0,501.5219
sequence_47743,63.0,sequence_47662,28.0,469.267
sequence_47743,63.0,sequence_47731,32.0,405.6183
sequence_47743,63.0,sequence_47733,25.0,305.54369999999994
sequence_47743,63.0,sequence_47732,30.0,422.0338
sequence_47743,63.0,sequence_47755,100.0,172.1606
sequence_47743,63.0,sequence_47746,94.0,282.1557
sequence_47743,63.0,sequence_47754,70.0,272.2352
sequence_47743,63.0,sequence_47753,74.0,150.81629999999998
sequence_47743,63.0,sequence_47740,158.0,220.3417
sequence_47743,63.0,sequence_47742,108.0,190.8798
sequence_47743,63.0,sequence_47715,101.0,217.19349999999997
sequence_47743,63.0,sequence_47718,81.0,222.94289999999995
sequence_47743,63.0,sequence_47717,66.0,68.22229999999999
sequence_47743,63.0,sequence_47720,80.0,482.46299999999997
sequence_47743,63.0,sequence_47716,84.0,295.21139999999997
sequence_47743,63.0,sequence_47719,66.0,466.0475
sequence_47743,63.0,sequence_47723,69.0,296.7038
sequence_47743,63.0,sequence_47722,75.0,222.9429
sequence_47743,63.0,sequence_47674,38.0,221.23520000000002
sequence_47743,63.0,sequence_47676,56.0,257.3944
sequence_47743,63.0,sequence_47711,57.0,263.1483
sequence_47743,63.0,sequence_47739,35.0,190.8798
sequence_47743,63.0,sequence_47735,55.0,307.36990000000003
sequence_47743,63.0,sequence_47793,16.0,345.2673
sequence_47743,63.0,sequence_47801,4.0,326.2595
sequence_47743,63.0,sequence_47805,22.0,344.3738
sequence_47743,63.0,sequence_47802,4.0,332.0089
sequence_47743,63.0,sequence_47794,18.0,351.91020000000003
sequence_47743,63.0,sequence_47728,12.0,289.14869999999996
sequence_47743,63.0,sequence_47808,4.0,426.7501
sequence_47743,63.0,sequence_47792,12.0,379.1874
sequence_47743,63.0,sequence_47791,4.0,293.2329
sequence_47743,63.0,sequence_47788,5.0,332.9024
sequence_47743,63.0,sequence_47729,34.0,341.18309999999997
sequence_47743,63.0,sequence_47809,10.0,478.7845
sequence_47743,63.0,sequence_47737,27.0,440.78020000000004
sequence_47743,63.0,sequence_47810,5.57,344.1801
sequence_47743,63.0,sequence_47766,4.19,338.9641
sequence_47743,63.0,sequence_47736,19.0,388.74580000000003
sequence_47752,67.0,sequence_47787,5.0,159.4162
sequence_47752,67.0,sequence_47684,23.0,171.0335
sequence_47752,67.0,sequence_47789,10.0,201.3248
sequence_47752,67.0,sequence_47790,9.0,216.8995
sequence_47752,67.0,sequence_47781,12.0,182.7974
sequence_47752,67.0,sequence_47777,11.0,176.8562
sequence_47752,67.0,sequence_47779,11.0,176.8562
sequence_47752,67.0,sequence_47784,21.0,154.5677
sequence_47752,67.0,sequence_47786,18.0,243.3753
sequence_47752,67.0,sequence_47782,17.0,110.3461
sequence_47752,67.0,sequence_47772,12.0,121.4119
sequence_47752,67.0,sequence_47795,7.0,249.5926
sequence_47752,67.0,sequence_47776,9.0,264.44190000000003
sequence_47752,67.0,sequence_47685,24.0,176.7829
sequence_47752,67.0,sequence_47679,44.0,188.4735
sequence_47752,67.0,sequence_47695,52.0,170.14
sequence_47752,67.0,sequence_47710,43.0,207.2508
sequence_47752,67.0,sequence_47686,22.0,212.9421
sequence_47752,67.0,sequence_47778,26.0,218.7648
sequence_47752,67.0,sequence_47780,23.0,218.7648
sequence_47752,67.0,sequence_47785,25.0,187.5952
sequence_47752,67.0,sequence_47803,12.0,200.43130000000002
sequence_47752,67.0,sequence_47663,36.0,105.41980000000001
sequence_47752,67.0,sequence_47757,36.0,99.6704
sequence_47752,67.0,sequence_47783,24.5,308.87030000000004
sequence_47752,67.0,sequence_47796,20.0,128.25400000000002
sequence_47752,67.0,sequence_47750,25.0,66.5146
sequence_47752,67.0,sequence_47760,26.0,326.03470000000004
sequence_47752,67.0,sequence_47773,19.0,163.3205
sequence_47752,67.0,sequence_47768,17.0,138.8519
sequence_47752,67.0,sequence_47771,18.0,122.3054
sequence_47752,67.0,sequence_47681,44.0,194.22289999999998
sequence_47752,67.0,sequence_47696,47.0,175.88940000000002
sequence_47752,67.0,sequence_47680,73.0,337.4447
sequence_47752,67.0,sequence_47673,65.5,150.4692
sequence_47752,67.0,sequence_47700,65.0,436.52920000000006
sequence_47752,67.0,sequence_47689,52.0,165.2915
sequence_47752,67.0,sequence_47683,75.0,379.3533
sequence_47752,67.0,sequence_47697,55.5,212.04860000000002
sequence_47752,67.0,sequence_47678,37.0,174.9378
sequence_47752,67.0,sequence_47682,53.0,230.3821
sequence_47752,67.0,sequence_47724,48.0,263.9421
sequence_47752,67.0,sequence_47806,73.0,466.8205
sequence_47752,67.0,sequence_47807,42.0,335.48109999999997
sequence_47752,67.0,sequence_47804,23.0,212.12189999999998
sequence_47752,67.0,sequence_47800,20.0,223.8125
sequence_47752,67.0,sequence_47799,24.0,217.87130000000002
sequence_47752,67.0,sequence_47664,32.0,111.16920000000002
sequence_47752,67.0,sequence_47666,69.0,210.4455
sequence_47752,67.0,sequence_47671,36.0,104.5263
sequence_47752,67.0,sequence_47727,45.0,270.866
sequence_47752,67.0,sequence_47756,37.0,253.973
sequence_47752,67.0,sequence_47775,23.0,413.896
sequence_47752,67.0,sequence_47730,35.0,90.24970000000002
sequence_47752,67.0,sequence_47758,22.0,73.3567
sequence_47752,67.0,sequence_47797,27.0,250.49349999999998
sequence_47752,67.0,sequence_47798,23.0,154.5677
sequence_47752,67.0,sequence_47751,34.0,72.26400000000001
sequence_47752,67.0,sequence_47741,102.0,83.95460000000001
sequence_47752,67.0,sequence_47743,63.0,232.92579999999998
sequence_47752,67.0,sequence_47745,83.0,242.5795
sequence_47752,67.0,sequence_47747,72.0,188.2806
sequence_47752,67.0,sequence_47748,79.0,204.6961
sequence_47752,67.0,sequence_47749,81.0,195.815
sequence_47752,67.0,sequence_47744,69.0,154.7206
sequence_47752,67.0,sequence_47721,40.0,134.7369
sequence_47752,67.0,sequence_47759,36.0,133.8434
sequence_47752,67.0,sequence_47774,21.0,175.0111
sequence_47752,67.0,sequence_47770,25.0,251.52649999999997
sequence_47752,67.0,sequence_47713,51.0,105.2989
sequence_47752,67.0,sequence_47738,55.0,83.9546
sequence_47752,67.0,sequence_47769,25.0,180.7605
sequence_47752,67.0,sequence_47702,69.0,442.27860000000004
sequence_47752,67.0,sequence_47672,76.0,200.16410000000002
sequence_47752,67.0,sequence_47705,71.0,337.2529
sequence_47752,67.0,sequence_47694,51.0,275.84040000000005
sequence_47752,67.0,sequence_47691,40.0,187.57999999999998
sequence_47752,67.0,sequence_47701,63.0,585.5004
sequence_47752,67.0,sequence_47706,77.0,454.16100000000006
sequence_47752,67.0,sequence_47675,57.0,373.20129999999995
sequence_47752,67.0,sequence_47698,56.0,187.57999999999998
sequence_47752,67.0,sequence_47688,90.0,212.9495
sequence_47752,67.0,sequence_47704,98.0,627.409
sequence_47752,67.0,sequence_47708,111.0,496.0696
sequence_47752,67.0,sequence_47709,119.0,364.73019999999997
sequence_47752,67.0,sequence_47677,103.0,341.34899999999993
sequence_47752,67.0,sequence_47692,87.5,223.73919999999998
sequence_47752,67.0,sequence_47703,95.0,478.43780000000004
sequence_47752,67.0,sequence_47707,79.0,347.0984
sequence_47752,67.0,sequence_47762,127.0,461.61809999999997
sequence_47752,67.0,sequence_47765,118.0,604.6480999999999
sequence_47752,67.0,sequence_47767,105.0,550.0020999999999
sequence_47752,67.0,sequence_47812,121.0,449.9275
sequence_47752,67.0,sequence_47761,120.0,455.6769
sequence_47752,67.0,sequence_47764,118.0,471.27180000000004
sequence_47752,67.0,sequence_47763,122.0,522.1959999999999
sequence_47752,67.0,sequence_47699,62.0,223.73919999999998
sequence_47752,67.0,sequence_47687,92.0,162.9785
sequence_47752,67.0,sequence_47693,64.0,378.4598
sequence_47752,67.0,sequence_47690,63.0,207.20010000000002
sequence_47752,67.0,sequence_47712,49.0,229.4931
sequence_47752,67.0,sequence_47714,51.0,178.56889999999999
sequence_47752,67.0,sequence_47725,57.0,257.29920000000004
sequence_47752,67.0,sequence_47669,32.0,222.0409
sequence_47752,67.0,sequence_47668,48.0,184.93009999999998
sequence_47752,67.0,sequence_47670,97.0,84.8555
sequence_47752,67.0,sequence_47665,50.0,82.8186
sequence_47752,67.0,sequence_47661,52.0,73.1649
sequence_47752,67.0,sequence_47667,86.0,236.75920000000002
sequence_47752,67.0,sequence_47726,120.0,232.8617
sequence_47752,67.0,sequence_47734,110.0,242.5154
sequence_47752,67.0,sequence_47811,24.0,291.9773
sequence_47752,67.0,sequence_47662,28.0,259.7224
sequence_47752,67.0,sequence_47731,32.0,196.07369999999997
sequence_47752,67.0,sequence_47733,25.0,95.99910000000001
sequence_47752,67.0,sequence_47732,30.0,212.48919999999998
sequence_47752,67.0,sequence_47755,100.0,72.264
sequence_47752,67.0,sequence_47746,94.0,248.32889999999998
sequence_47752,67.0,sequence_47754,70.0,39.3094
sequence_47752,67.0,sequence_47753,74.0,93.6083
sequence_47752,67.0,sequence_47740,158.0,155.32510000000002
sequence_47752,67.0,sequence_47742,108.0,125.8632
sequence_47752,67.0,sequence_47715,101.0,152.1769
sequence_47752,67.0,sequence_47718,81.0,146.4275
sequence_47752,67.0,sequence_47717,66.0,301.14809999999994
sequence_47752,67.0,sequence_47720,80.0,272.91839999999996
sequence_47752,67.0,sequence_47716,84.0,85.6668
sequence_47752,67.0,sequence_47719,66.0,256.50289999999995
sequence_47752,67.0,sequence_47723,69.0,220.1884
sequence_47752,67.0,sequence_47722,75.0,146.4275
sequence_47752,67.0,sequence_47674,38.0,156.21859999999998
sequence_47752,67.0,sequence_47676,56.0,192.3778
sequence_47752,67.0,sequence_47711,57.0,198.13170000000002
sequence_47752,67.0,sequence_47739,35.0,125.8632
sequence_47752,67.0,sequence_47735,55.0,242.35330000000002
sequence_47752,67.0,sequence_47793,16.0,245.37070000000003
sequence_47752,67.0,sequence_47801,4.0,158.5227
sequence_47752,67.0,sequence_47805,22.0,244.47720000000004
sequence_47752,67.0,sequence_47802,4.0,164.27210000000002
sequence_47752,67.0,sequence_47794,18.0,252.01360000000003
sequence_47752,67.0,sequence_47728,12.0,121.4119
sequence_47752,67.0,sequence_47808,4.0,259.0133
sequence_47752,67.0,sequence_47792,12.0,211.4506
sequence_47752,67.0,sequence_47791,4.0,193.3363
sequence_47752,67.0,sequence_47788,5.0,165.1656
sequence_47752,67.0,sequence_47729,34.0,173.4463
sequence_47752,67.0,sequence_47809,10.0,311.0477
sequence_47752,67.0,sequence_47737,27.0,273.0434
sequence_47752,67.0,sequence_47810,5.57,176.4433
sequence_47752,67.0,sequence_47766,4.19,171.2273
sequence_47752,67.0,sequence_47736,19.0,221.00900000000001
sequence_47745,83.0,sequence_47787,5.0,336.8067
sequence_47745,83.0,sequence_47684,23.0,348.424
sequence_47745,83.0,sequence_47789,10.0,378.71529999999996
sequence_47745,83.0,sequence_47790,9.0,394.28999999999996
sequence_47745,83.0,sequence_47781,12.0,245.5853
sequence_47745,83.0,sequence_47777,11.0,251.5265
sequence_47745,83.0,sequence_47779,11.0,251.5265
sequence_47745,83.0,sequence_47784,21.0,373.7660000000001
sequence_47745,83.0,sequence_47786,18.0,329.5444
sequence_47745,83.0,sequence_47782,17.0,329.5444
sequence_47745,83.0,sequence_47772,12.0,298.8024
sequence_47745,83.0,sequence_47795,7.0,426.9831
sequence_47745,83.0,sequence_47776,9.0,441.8324
sequence_47745,83.0,sequence_47685,24.0,354.1734
sequence_47745,83.0,sequence_47679,44.0,263.1438
sequence_47745,83.0,sequence_47695,52.0,347.53049999999996
sequence_47745,83.0,sequence_47710,43.0,384.6413
sequence_47745,83.0,sequence_47686,22.0,390.33259999999996
sequence_47745,83.0,sequence_47778,26.0,293.43510000000003
sequence_47745,83.0,sequence_47780,23.0,293.43510000000003
sequence_47745,83.0,sequence_47785,25.0,324.6047
sequence_47745,83.0,sequence_47803,12.0,377.82179999999994
sequence_47745,83.0,sequence_47663,36.0,324.6181
sequence_47745,83.0,sequence_47757,36.0,318.86870000000005
sequence_47745,83.0,sequence_47783,24.5,528.0686000000001
sequence_47745,83.0,sequence_47796,20.0,347.45230000000004
sequence_47745,83.0,sequence_47750,25.0,243.90509999999998
sequence_47745,83.0,sequence_47760,26.0,503.4252
sequence_47745,83.0,sequence_47773,19.0,340.7109999999999
sequence_47745,83.0,sequence_47768,17.0,213.5222
sequence_47745,83.0,sequence_47771,18.0,282.6961
sequence_47745,83.0,sequence_47681,44.0,268.8932
sequence_47745,83.0,sequence_47696,47.0,353.2799
sequence_47745,83.0,sequence_47680,73.0,412.115
sequence_47745,83.0,sequence_47673,65.5,225.1395
sequence_47745,83.0,sequence_47700,65.0,511.19950000000006
sequence_47745,83.0,sequence_47689,52.0,384.48980000000006
sequence_47745,83.0,sequence_47683,75.0,156.0812
sequence_47745,83.0,sequence_47697,55.5,389.43909999999994
sequence_47745,83.0,sequence_47678,37.0,352.3282999999999
sequence_47745,83.0,sequence_47682,53.0,305.05240000000003
sequence_47745,83.0,sequence_47724,48.0,338.6124
sequence_47745,83.0,sequence_47806,73.0,541.4908
sequence_47745,83.0,sequence_47807,42.0,410.15139999999997
sequence_47745,83.0,sequence_47804,23.0,298.291
sequence_47745,83.0,sequence_47800,20.0,286.60040000000004
sequence_47745,83.0,sequence_47799,24.0,292.5416
sequence_47745,83.0,sequence_47664,32.0,330.3675
sequence_47745,83.0,sequence_47666,69.0,429.64380000000006
sequence_47745,83.0,sequence_47671,36.0,323.72460000000007
sequence_47745,83.0,sequence_47727,45.0,490.0643
sequence_47745,83.0,sequence_47756,37.0,473.17130000000003
sequence_47745,83.0,sequence_47775,23.0,633.0943
sequence_47745,83.0,sequence_47730,35.0,309.44800000000004
sequence_47745,83.0,sequence_47758,22.0,292.55500000000006
sequence_47745,83.0,sequence_47797,27.0,469.69180000000006
sequence_47745,83.0,sequence_47798,23.0,373.766
sequence_47745,83.0,sequence_47751,34.0,249.65449999999998
sequence_47745,83.0,sequence_47741,102.0,158.6249
sequence_47745,83.0,sequence_47743,63.0,276.4063
sequence_47745,83.0,sequence_47752,67.0,242.5795
sequence_47745,83.0,sequence_47747,72.0,121.4189
sequence_47745,83.0,sequence_47748,79.0,137.83440000000002
sequence_47745,83.0,sequence_47749,81.0,46.7645
sequence_47745,83.0,sequence_47744,69.0,87.8589
sequence_47745,83.0,sequence_47721,40.0,312.1273999999999
sequence_47745,83.0,sequence_47759,36.0,311.23389999999995
sequence_47745,83.0,sequence_47774,21.0,261.1802
sequence_47745,83.0,sequence_47770,25.0,184.66479999999999
sequence_47745,83.0,sequence_47713,51.0,179.9692
sequence_47745,83.0,sequence_47738,55.0,158.6249
sequence_47745,83.0,sequence_47769,25.0,255.4308
sequence_47745,83.0,sequence_47702,69.0,516.9489000000001
sequence_47745,83.0,sequence_47672,76.0,274.8344
sequence_47745,83.0,sequence_47705,71.0,411.9232
sequence_47745,83.0,sequence_47694,51.0,518.4199
sequence_47745,83.0,sequence_47691,40.0,273.7491
sequence_47745,83.0,sequence_47701,63.0,660.1707
sequence_47745,83.0,sequence_47706,77.0,528.8313
sequence_47745,83.0,sequence_47675,57.0,447.87159999999994
sequence_47745,83.0,sequence_47698,56.0,273.7491
sequence_47745,83.0,sequence_47688,90.0,432.1478
sequence_47745,83.0,sequence_47704,98.0,404.1369
sequence_47745,83.0,sequence_47708,111.0,272.7975
sequence_47745,83.0,sequence_47709,119.0,141.4581
sequence_47745,83.0,sequence_47677,103.0,118.0769
sequence_47745,83.0,sequence_47692,87.5,309.9083
sequence_47745,83.0,sequence_47703,95.0,553.1081
sequence_47745,83.0,sequence_47707,79.0,421.7687
sequence_47745,83.0,sequence_47762,127.0,536.2883999999999
sequence_47745,83.0,sequence_47765,118.0,679.3183999999999
sequence_47745,83.0,sequence_47767,105.0,624.6723999999999
sequence_47745,83.0,sequence_47812,121.0,524.5978
sequence_47745,83.0,sequence_47761,120.0,530.3471999999999
sequence_47745,83.0,sequence_47764,118.0,545.9421
sequence_47745,83.0,sequence_47763,122.0,596.8662999999999
sequence_47745,83.0,sequence_47699,62.0,309.9083
sequence_47745,83.0,sequence_47687,92.0,382.1768
sequence_47745,83.0,sequence_47693,64.0,155.1877
sequence_47745,83.0,sequence_47690,63.0,426.39840000000004
sequence_47745,83.0,sequence_47712,49.0,315.6622
sequence_47745,83.0,sequence_47714,51.0,264.738
sequence_47745,83.0,sequence_47725,57.0,343.4683
sequence_47745,83.0,sequence_47669,32.0,441.2392
sequence_47745,83.0,sequence_47668,48.0,404.1284
sequence_47745,83.0,sequence_47670,97.0,304.0538
sequence_47745,83.0,sequence_47665,50.0,302.0169
sequence_47745,83.0,sequence_47661,52.0,292.3632
sequence_47745,83.0,sequence_47667,86.0,455.95750000000004
sequence_47745,83.0,sequence_47726,120.0,452.06000000000006
sequence_47745,83.0,sequence_47734,110.0,461.7137
sequence_47745,83.0,sequence_47811,24.0,511.17560000000003
sequence_47745,83.0,sequence_47662,28.0,478.9207
sequence_47745,83.0,sequence_47731,32.0,415.272
sequence_47745,83.0,sequence_47733,25.0,315.1974
sequence_47745,83.0,sequence_47732,30.0,431.68750000000006
sequence_47745,83.0,sequence_47755,100.0,181.8143
sequence_47745,83.0,sequence_47746,94.0,5.7494
sequence_47745,83.0,sequence_47754,70.0,281.8889
sequence_47745,83.0,sequence_47753,74.0,160.47
sequence_47745,83.0,sequence_47740,158.0,229.99540000000002
sequence_47745,83.0,sequence_47742,108.0,200.5335
sequence_47745,83.0,sequence_47715,101.0,226.8472
sequence_47745,83.0,sequence_47718,81.0,232.59660000000002
sequence_47745,83.0,sequence_47717,66.0,344.62859999999995
sequence_47745,83.0,sequence_47720,80.0,206.05669999999998
sequence_47745,83.0,sequence_47716,84.0,304.8651
sequence_47745,83.0,sequence_47719,66.0,189.64119999999997
sequence_47745,83.0,sequence_47723,69.0,306.35749999999996
sequence_47745,83.0,sequence_47722,75.0,232.59659999999997
sequence_47745,83.0,sequence_47674,38.0,230.8889
sequence_47745,83.0,sequence_47676,56.0,267.0481
sequence_47745,83.0,sequence_47711,57.0,272.802
sequence_47745,83.0,sequence_47739,35.0,200.5335
sequence_47745,83.0,sequence_47735,55.0,317.0236
sequence_47745,83.0,sequence_47793,16.0,354.92099999999994
sequence_47745,83.0,sequence_47801,4.0,335.91319999999996
sequence_47745,83.0,sequence_47805,22.0,354.0275
sequence_47745,83.0,sequence_47802,4.0,341.6626
sequence_47745,83.0,sequence_47794,18.0,361.5639
sequence_47745,83.0,sequence_47728,12.0,298.8024
sequence_47745,83.0,sequence_47808,4.0,436.4038
sequence_47745,83.0,sequence_47792,12.0,388.8411
sequence_47745,83.0,sequence_47791,4.0,302.8866
sequence_47745,83.0,sequence_47788,5.0,342.5561
sequence_47745,83.0,sequence_47729,34.0,350.8367999999999
sequence_47745,83.0,sequence_47809,10.0,488.43819999999994
sequence_47745,83.0,sequence_47737,27.0,450.4339
sequence_47745,83.0,sequence_47810,5.57,353.8338
sequence_47745,83.0,sequence_47766,4.19,348.6178
sequence_47745,83.0,sequence_47736,19.0,398.3995
sequence_47747,72.0,sequence_47787,5.0,347.69679999999994
sequence_47747,72.0,sequence_47684,23.0,359.31409999999994
sequence_47747,72.0,sequence_47789,10.0,389.6053999999999
sequence_47747,72.0,sequence_47790,9.0,405.1800999999999
sequence_47747,72.0,sequence_47781,12.0,347.6968
sequence_47747,72.0,sequence_47777,11.0,353.63800000000003
sequence_47747,72.0,sequence_47779,11.0,341.75559999999996
sequence_47747,72.0,sequence_47784,21.0,252.3471
sequence_47747,72.0,sequence_47786,18.0,431.6559
sequence_47747,72.0,sequence_47782,17.0,263.7377
sequence_47747,72.0,sequence_47772,12.0,309.6925
sequence_47747,72.0,sequence_47795,7.0,437.8732
sequence_47747,72.0,sequence_47776,9.0,452.72249999999997
sequence_47747,72.0,sequence_47685,24.0,365.0635
sequence_47747,72.0,sequence_47679,44.0,365.25530000000003
sequence_47747,72.0,sequence_47695,52.0,358.4206
sequence_47747,72.0,sequence_47710,43.0,395.53139999999996
sequence_47747,72.0,sequence_47686,22.0,401.2226999999999
sequence_47747,72.0,sequence_47778,26.0,395.5466
sequence_47747,72.0,sequence_47780,23.0,383.66420000000005
sequence_47747,72.0,sequence_47785,25.0,352.4946
sequence_47747,72.0,sequence_47803,12.0,388.71189999999996
sequence_47747,72.0,sequence_47663,36.0,203.19920000000002
sequence_47747,72.0,sequence_47757,36.0,197.4498
sequence_47747,72.0,sequence_47783,24.5,406.64970000000005
sequence_47747,72.0,sequence_47796,20.0,226.03340000000003
sequence_47747,72.0,sequence_47750,25.0,254.79519999999997
sequence_47747,72.0,sequence_47760,26.0,514.3153
sequence_47747,72.0,sequence_47773,19.0,351.6011
sequence_47747,72.0,sequence_47768,17.0,315.6337
sequence_47747,72.0,sequence_47771,18.0,310.586
sequence_47747,72.0,sequence_47681,44.0,371.00469999999996
sequence_47747,72.0,sequence_47696,47.0,364.16999999999996
sequence_47747,72.0,sequence_47680,73.0,514.2265
sequence_47747,72.0,sequence_47673,65.5,327.251
sequence_47747,72.0,sequence_47700,65.0,613.311
sequence_47747,72.0,sequence_47689,52.0,263.0709
sequence_47747,72.0,sequence_47683,75.0,258.19269999999995
sequence_47747,72.0,sequence_47697,55.5,400.32919999999996
sequence_47747,72.0,sequence_47678,37.0,363.2184
sequence_47747,72.0,sequence_47682,53.0,407.1639
sequence_47747,72.0,sequence_47724,48.0,440.72389999999996
sequence_47747,72.0,sequence_47806,73.0,643.6023
sequence_47747,72.0,sequence_47807,42.0,512.2629
sequence_47747,72.0,sequence_47804,23.0,400.4025
sequence_47747,72.0,sequence_47800,20.0,388.7119
sequence_47747,72.0,sequence_47799,24.0,382.77070000000003
sequence_47747,72.0,sequence_47664,32.0,208.94860000000003
sequence_47747,72.0,sequence_47666,69.0,308.22490000000005
sequence_47747,72.0,sequence_47671,36.0,202.3057
sequence_47747,72.0,sequence_47727,45.0,368.6454
sequence_47747,72.0,sequence_47756,37.0,351.7524
sequence_47747,72.0,sequence_47775,23.0,511.6754
sequence_47747,72.0,sequence_47730,35.0,188.02910000000003
sequence_47747,72.0,sequence_47758,22.0,171.1361
sequence_47747,72.0,sequence_47797,27.0,348.27290000000005
sequence_47747,72.0,sequence_47798,23.0,252.3471
sequence_47747,72.0,sequence_47751,34.0,260.54459999999995
sequence_47747,72.0,sequence_47741,102.0,248.85399999999998
sequence_47747,72.0,sequence_47743,63.0,397.8252
sequence_47747,72.0,sequence_47752,67.0,188.2806
sequence_47747,72.0,sequence_47745,83.0,121.4189
sequence_47747,72.0,sequence_47748,79.0,16.41550000000001
sequence_47747,72.0,sequence_47749,81.0,74.6544
sequence_47747,72.0,sequence_47744,69.0,33.559999999999995
sequence_47747,72.0,sequence_47721,40.0,323.0174999999999
sequence_47747,72.0,sequence_47759,36.0,322.12399999999997
sequence_47747,72.0,sequence_47774,21.0,363.2917
sequence_47747,72.0,sequence_47770,25.0,130.3659
sequence_47747,72.0,sequence_47713,51.0,282.0807
sequence_47747,72.0,sequence_47738,55.0,260.7364
sequence_47747,72.0,sequence_47769,25.0,357.54229999999995
sequence_47747,72.0,sequence_47702,69.0,619.0604000000001
sequence_47747,72.0,sequence_47672,76.0,376.9459
sequence_47747,72.0,sequence_47705,71.0,514.0346999999999
sequence_47747,72.0,sequence_47694,51.0,397.001
sequence_47747,72.0,sequence_47691,40.0,352.4794
sequence_47747,72.0,sequence_47701,63.0,762.2822000000001
sequence_47747,72.0,sequence_47706,77.0,630.9428
sequence_47747,72.0,sequence_47675,57.0,549.9831
sequence_47747,72.0,sequence_47698,56.0,375.8606
sequence_47747,72.0,sequence_47688,90.0,310.7289
sequence_47747,72.0,sequence_47704,98.0,506.2484
sequence_47747,72.0,sequence_47708,111.0,374.909
sequence_47747,72.0,sequence_47709,119.0,243.56959999999998
sequence_47747,72.0,sequence_47677,103.0,220.18839999999997
sequence_47747,72.0,sequence_47692,87.5,388.6386
sequence_47747,72.0,sequence_47703,95.0,655.2196
sequence_47747,72.0,sequence_47707,79.0,523.8802000000001
sequence_47747,72.0,sequence_47762,127.0,638.3998999999999
sequence_47747,72.0,sequence_47765,118.0,781.4298999999999
sequence_47747,72.0,sequence_47767,105.0,726.7838999999999
sequence_47747,72.0,sequence_47812,121.0,626.7093
sequence_47747,72.0,sequence_47761,120.0,632.4586999999999
sequence_47747,72.0,sequence_47764,118.0,648.0536
sequence_47747,72.0,sequence_47763,122.0,698.9777999999999
sequence_47747,72.0,sequence_47699,62.0,412.0198
sequence_47747,72.0,sequence_47687,92.0,316.37010000000004
sequence_47747,72.0,sequence_47693,64.0,257.2992
sequence_47747,72.0,sequence_47690,63.0,304.97950000000003
sequence_47747,72.0,sequence_47712,49.0,417.77369999999996
sequence_47747,72.0,sequence_47714,51.0,366.8495
sequence_47747,72.0,sequence_47725,57.0,445.5798
sequence_47747,72.0,sequence_47669,32.0,319.8203
sequence_47747,72.0,sequence_47668,48.0,282.7095
sequence_47747,72.0,sequence_47670,97.0,182.63490000000002
sequence_47747,72.0,sequence_47665,50.0,180.598
sequence_47747,72.0,sequence_47661,52.0,170.94430000000003
sequence_47747,72.0,sequence_47667,86.0,334.53860000000003
sequence_47747,72.0,sequence_47726,120.0,330.64110000000005
sequence_47747,72.0,sequence_47734,110.0,340.2948
sequence_47747,72.0,sequence_47811,24.0,389.7567
sequence_47747,72.0,sequence_47662,28.0,357.5018
sequence_47747,72.0,sequence_47731,32.0,293.8531
sequence_47747,72.0,sequence_47733,25.0,193.7785
sequence_47747,72.0,sequence_47732,30.0,310.26860000000005
sequence_47747,72.0,sequence_47755,100.0,260.5446
sequence_47747,72.0,sequence_47746,94.0,127.16829999999999
sequence_47747,72.0,sequence_47754,70.0,160.47
sequence_47747,72.0,sequence_47753,74.0,281.8889
sequence_47747,72.0,sequence_47740,158.0,320.22450000000003
sequence_47747,72.0,sequence_47742,108.0,290.7626
sequence_47747,72.0,sequence_47715,101.0,317.0763
sequence_47747,72.0,sequence_47718,81.0,311.32689999999997
sequence_47747,72.0,sequence_47717,66.0,466.0475
sequence_47747,72.0,sequence_47720,80.0,84.6378
sequence_47747,72.0,sequence_47716,84.0,239.0584
sequence_47747,72.0,sequence_47719,66.0,68.22229999999999
sequence_47747,72.0,sequence_47723,69.0,408.46899999999994
sequence_47747,72.0,sequence_47722,75.0,334.70809999999994
sequence_47747,72.0,sequence_47674,38.0,333.0004
sequence_47747,72.0,sequence_47676,56.0,369.15959999999995
sequence_47747,72.0,sequence_47711,57.0,374.9135
sequence_47747,72.0,sequence_47739,35.0,302.645
sequence_47747,72.0,sequence_47735,55.0,419.13509999999997
sequence_47747,72.0,sequence_47793,16.0,433.6513
sequence_47747,72.0,sequence_47801,4.0,346.8033
sequence_47747,72.0,sequence_47805,22.0,432.7578
sequence_47747,72.0,sequence_47802,4.0,352.55269999999996
sequence_47747,72.0,sequence_47794,18.0,440.29419999999993
sequence_47747,72.0,sequence_47728,12.0,309.6925
sequence_47747,72.0,sequence_47808,4.0,447.2939
sequence_47747,72.0,sequence_47792,12.0,399.73119999999994
sequence_47747,72.0,sequence_47791,4.0,381.6169
sequence_47747,72.0,sequence_47788,5.0,353.4462
sequence_47747,72.0,sequence_47729,34.0,361.7269
sequence_47747,72.0,sequence_47809,10.0,499.3283
sequence_47747,72.0,sequence_47737,27.0,461.32399999999996
sequence_47747,72.0,sequence_47810,5.57,364.72389999999996
sequence_47747,72.0,sequence_47766,4.19,359.50789999999995
sequence_47747,72.0,sequence_47736,19.0,409.28959999999995
sequence_47748,79.0,sequence_47787,5.0,364.1123
sequence_47748,79.0,sequence_47684,23.0,375.7296
sequence_47748,79.0,sequence_47789,10.0,406.0209
sequence_47748,79.0,sequence_47790,9.0,421.5956
sequence_47748,79.0,sequence_47781,12.0,364.1123
sequence_47748,79.0,sequence_47777,11.0,370.0535
sequence_47748,79.0,sequence_47779,11.0,358.1711
sequence_47748,79.0,sequence_47784,21.0,235.9316
sequence_47748,79.0,sequence_47786,18.0,448.07140000000004
sequence_47748,79.0,sequence_47782,17.0,280.15319999999997
sequence_47748,79.0,sequence_47772,12.0,326.10799999999995
sequence_47748,79.0,sequence_47795,7.0,454.28869999999995
sequence_47748,79.0,sequence_47776,9.0,469.138
sequence_47748,79.0,sequence_47685,24.0,381.47900000000004
sequence_47748,79.0,sequence_47679,44.0,381.6708
sequence_47748,79.0,sequence_47695,52.0,374.8361
sequence_47748,79.0,sequence_47710,43.0,411.94689999999997
sequence_47748,79.0,sequence_47686,22.0,417.6382
sequence_47748,79.0,sequence_47778,26.0,411.96209999999996
sequence_47748,79.0,sequence_47780,23.0,400.0797
sequence_47748,79.0,sequence_47785,25.0,368.91010000000006
sequence_47748,79.0,sequence_47803,12.0,405.12739999999997
sequence_47748,79.0,sequence_47663,36.0,186.7837
sequence_47748,79.0,sequence_47757,36.0,181.0343
sequence_47748,79.0,sequence_47783,24.5,390.2342
sequence_47748,79.0,sequence_47796,20.0,209.61790000000002
sequence_47748,79.0,sequence_47750,25.0,271.2107
sequence_47748,79.0,sequence_47760,26.0,530.7308
sequence_47748,79.0,sequence_47773,19.0,368.0165999999999
sequence_47748,79.0,sequence_47768,17.0,332.04920000000004
sequence_47748,79.0,sequence_47771,18.0,327.00149999999996
sequence_47748,79.0,sequence_47681,44.0,387.4202
sequence_47748,79.0,sequence_47696,47.0,380.5855
sequence_47748,79.0,sequence_47680,73.0,530.642
sequence_47748,79.0,sequence_47673,65.5,343.66650000000004
sequence_47748,79.0,sequence_47700,65.0,629.7265
sequence_47748,79.0,sequence_47689,52.0,246.6554
sequence_47748,79.0,sequence_47683,75.0,274.6082
sequence_47748,79.0,sequence_47697,55.5,416.74469999999997
sequence_47748,79.0,sequence_47678,37.0,379.6338999999999
sequence_47748,79.0,sequence_47682,53.0,423.57939999999996
sequence_47748,79.0,sequence_47724,48.0,457.1394
sequence_47748,79.0,sequence_47806,73.0,660.0178
sequence_47748,79.0,sequence_47807,42.0,528.6784
sequence_47748,79.0,sequence_47804,23.0,416.818
sequence_47748,79.0,sequence_47800,20.0,405.1274
sequence_47748,79.0,sequence_47799,24.0,399.18620000000004
sequence_47748,79.0,sequence_47664,32.0,192.53310000000002
sequence_47748,79.0,sequence_47666,69.0,291.8094
sequence_47748,79.0,sequence_47671,36.0,185.8902
sequence_47748,79.0,sequence_47727,45.0,352.22990000000004
sequence_47748,79.0,sequence_47756,37.0,335.3369
sequence_47748,79.0,sequence_47775,23.0,495.2599
sequence_47748,79.0,sequence_47730,35.0,171.61360000000002
sequence_47748,79.0,sequence_47758,22.0,154.7206
sequence_47748,79.0,sequence_47797,27.0,331.8574
sequence_47748,79.0,sequence_47798,23.0,235.9316
sequence_47748,79.0,sequence_47751,34.0,276.9601
sequence_47748,79.0,sequence_47741,102.0,265.2695
sequence_47748,79.0,sequence_47743,63.0,414.24069999999995
sequence_47748,79.0,sequence_47752,67.0,204.6961
sequence_47748,79.0,sequence_47745,83.0,137.83440000000002
sequence_47748,79.0,sequence_47747,72.0,16.41550000000001
sequence_47748,79.0,sequence_47749,81.0,91.0699
sequence_47748,79.0,sequence_47744,69.0,49.975500000000004
sequence_47748,79.0,sequence_47721,40.0,339.43299999999994
sequence_47748,79.0,sequence_47759,36.0,338.5395
sequence_47748,79.0,sequence_47774,21.0,379.70719999999994
sequence_47748,79.0,sequence_47770,25.0,146.78140000000002
sequence_47748,79.0,sequence_47713,51.0,298.4962
sequence_47748,79.0,sequence_47738,55.0,277.1519
sequence_47748,79.0,sequence_47769,25.0,373.9578
sequence_47748,79.0,sequence_47702,69.0,635.4759
sequence_47748,79.0,sequence_47672,76.0,393.3614
sequence_47748,79.0,sequence_47705,71.0,530.4502
sequence_47748,79.0,sequence_47694,51.0,380.58549999999997
sequence_47748,79.0,sequence_47691,40.0,368.8949
sequence_47748,79.0,sequence_47701,63.0,778.6977
sequence_47748,79.0,sequence_47706,77.0,647.3583000000001
sequence_47748,79.0,sequence_47675,57.0,566.3986
sequence_47748,79.0,sequence_47698,56.0,392.27610000000004
sequence_47748,79.0,sequence_47688,90.0,294.3134
sequence_47748,79.0,sequence_47704,98.0,522.6639
sequence_47748,79.0,sequence_47708,111.0,391.3245
sequence_47748,79.0,sequence_47709,119.0,259.9851
sequence_47748,79.0,sequence_47677,103.0,236.60389999999998
sequence_47748,79.0,sequence_47692,87.5,405.05410000000006
sequence_47748,79.0,sequence_47703,95.0,671.6351
sequence_47748,79.0,sequence_47707,79.0,540.2957
sequence_47748,79.0,sequence_47762,127.0,654.8154
sequence_47748,79.0,sequence_47765,118.0,797.8453999999999
sequence_47748,79.0,sequence_47767,105.0,743.1994
sequence_47748,79.0,sequence_47812,121.0,643.1248
sequence_47748,79.0,sequence_47761,120.0,648.8742
sequence_47748,79.0,sequence_47764,118.0,664.4691
sequence_47748,79.0,sequence_47763,122.0,715.3933
sequence_47748,79.0,sequence_47699,62.0,428.4353
sequence_47748,79.0,sequence_47687,92.0,332.78560000000004
sequence_47748,79.0,sequence_47693,64.0,273.7147
sequence_47748,79.0,sequence_47690,63.0,288.564
sequence_47748,79.0,sequence_47712,49.0,434.18919999999997
sequence_47748,79.0,sequence_47714,51.0,383.265
sequence_47748,79.0,sequence_47725,57.0,461.9953
sequence_47748,79.0,sequence_47669,32.0,303.4048
sequence_47748,79.0,sequence_47668,48.0,266.294
sequence_47748,79.0,sequence_47670,97.0,166.2194
sequence_47748,79.0,sequence_47665,50.0,164.1825
sequence_47748,79.0,sequence_47661,52.0,154.52880000000002
sequence_47748,79.0,sequence_47667,86.0,318.1231
sequence_47748,79.0,sequence_47726,120.0,314.2256
sequence_47748,79.0,sequence_47734,110.0,323.8793
sequence_47748,79.0,sequence_47811,24.0,373.3412
sequence_47748,79.0,sequence_47662,28.0,341.0863
sequence_47748,79.0,sequence_47731,32.0,277.4376
sequence_47748,79.0,sequence_47733,25.0,177.363
sequence_47748,79.0,sequence_47732,30.0,293.8531
sequence_47748,79.0,sequence_47755,100.0,276.9601
sequence_47748,79.0,sequence_47746,94.0,143.58380000000002
sequence_47748,79.0,sequence_47754,70.0,176.8855
sequence_47748,79.0,sequence_47753,74.0,298.3044
sequence_47748,79.0,sequence_47740,158.0,336.64
sequence_47748,79.0,sequence_47742,108.0,307.17810000000003
sequence_47748,79.0,sequence_47715,101.0,333.4918
sequence_47748,79.0,sequence_47718,81.0,327.74240000000003
sequence_47748,79.0,sequence_47717,66.0,482.46299999999997
sequence_47748,79.0,sequence_47720,80.0,68.22229999999999
sequence_47748,79.0,sequence_47716,84.0,255.47390000000001
sequence_47748,79.0,sequence_47719,66.0,84.6378
sequence_47748,79.0,sequence_47723,69.0,424.8845
sequence_47748,79.0,sequence_47722,75.0,351.12359999999995
sequence_47748,79.0,sequence_47674,38.0,349.41589999999997
sequence_47748,79.0,sequence_47676,56.0,385.5751
sequence_47748,79.0,sequence_47711,57.0,391.329
sequence_47748,79.0,sequence_47739,35.0,319.0605
sequence_47748,79.0,sequence_47735,55.0,435.55060000000003
sequence_47748,79.0,sequence_47793,16.0,450.06680000000006
sequence_47748,79.0,sequence_47801,4.0,363.2188
sequence_47748,79.0,sequence_47805,22.0,449.17330000000004
sequence_47748,79.0,sequence_47802,4.0,368.9682
sequence_47748,79.0,sequence_47794,18.0,456.7097
sequence_47748,79.0,sequence_47728,12.0,326.10799999999995
sequence_47748,79.0,sequence_47808,4.0,463.70939999999996
sequence_47748,79.0,sequence_47792,12.0,416.1467
sequence_47748,79.0,sequence_47791,4.0,398.03240000000005
sequence_47748,79.0,sequence_47788,5.0,369.86170000000004
sequence_47748,79.0,sequence_47729,34.0,378.14239999999995
sequence_47748,79.0,sequence_47809,10.0,515.7438
sequence_47748,79.0,sequence_47737,27.0,477.7395
sequence_47748,79.0,sequence_47810,5.57,381.13939999999997
sequence_47748,79.0,sequence_47766,4.19,375.92339999999996
sequence_47748,79.0,sequence_47736,19.0,425.7051
sequence_47749,81.0,sequence_47787,5.0,290.0422
sequence_47749,81.0,sequence_47684,23.0,301.6595
sequence_47749,81.0,sequence_47789,10.0,331.95079999999996
sequence_47749,81.0,sequence_47790,9.0,347.52549999999997
sequence_47749,81.0,sequence_47781,12.0,273.04240000000004
sequence_47749,81.0,sequence_47777,11.0,278.9836
sequence_47749,81.0,sequence_47779,11.0,267.1012
sequence_47749,81.0,sequence_47784,21.0,327.00149999999996
sequence_47749,81.0,sequence_47786,18.0,357.00149999999996
sequence_47749,81.0,sequence_47782,17.0,282.7799
sequence_47749,81.0,sequence_47772,12.0,252.03789999999998
sequence_47749,81.0,sequence_47795,7.0,380.2186
sequence_47749,81.0,sequence_47776,9.0,395.0679
sequence_47749,81.0,sequence_47685,24.0,307.4089
sequence_47749,81.0,sequence_47679,44.0,290.6009
sequence_47749,81.0,sequence_47695,52.0,300.76599999999996
sequence_47749,81.0,sequence_47710,43.0,337.8768
sequence_47749,81.0,sequence_47686,22.0,343.56809999999996
sequence_47749,81.0,sequence_47778,26.0,320.8922
sequence_47749,81.0,sequence_47780,23.0,309.00980000000004
sequence_47749,81.0,sequence_47785,25.0,277.8402
sequence_47749,81.0,sequence_47803,12.0,331.05729999999994
sequence_47749,81.0,sequence_47663,36.0,277.8536
sequence_47749,81.0,sequence_47757,36.0,272.1042
sequence_47749,81.0,sequence_47783,24.5,481.30410000000006
sequence_47749,81.0,sequence_47796,20.0,300.6878
sequence_47749,81.0,sequence_47750,25.0,197.14059999999998
sequence_47749,81.0,sequence_47760,26.0,456.6607
sequence_47749,81.0,sequence_47773,19.0,293.94649999999996
sequence_47749,81.0,sequence_47768,17.0,240.9793
sequence_47749,81.0,sequence_47771,18.0,235.9316
sequence_47749,81.0,sequence_47681,44.0,296.3503
sequence_47749,81.0,sequence_47696,47.0,306.5154
sequence_47749,81.0,sequence_47680,73.0,439.5721
sequence_47749,81.0,sequence_47673,65.5,252.5966
sequence_47749,81.0,sequence_47700,65.0,538.6566
sequence_47749,81.0,sequence_47689,52.0,337.7253
sequence_47749,81.0,sequence_47683,75.0,183.5383
sequence_47749,81.0,sequence_47697,55.5,342.67459999999994
sequence_47749,81.0,sequence_47678,37.0,305.56379999999996
sequence_47749,81.0,sequence_47682,53.0,332.5095
sequence_47749,81.0,sequence_47724,48.0,366.06949999999995
sequence_47749,81.0,sequence_47806,73.0,568.9478999999999
sequence_47749,81.0,sequence_47807,42.0,437.60849999999994
sequence_47749,81.0,sequence_47804,23.0,325.74809999999997
sequence_47749,81.0,sequence_47800,20.0,314.0575
sequence_47749,81.0,sequence_47799,24.0,308.1163
sequence_47749,81.0,sequence_47664,32.0,283.603
sequence_47749,81.0,sequence_47666,69.0,382.8793
sequence_47749,81.0,sequence_47671,36.0,276.9601
sequence_47749,81.0,sequence_47727,45.0,443.2998
sequence_47749,81.0,sequence_47756,37.0,426.40680000000003
sequence_47749,81.0,sequence_47775,23.0,586.3298
sequence_47749,81.0,sequence_47730,35.0,262.6835
sequence_47749,81.0,sequence_47758,22.0,245.79049999999998
sequence_47749,81.0,sequence_47797,27.0,422.9273
sequence_47749,81.0,sequence_47798,23.0,327.0015
sequence_47749,81.0,sequence_47751,34.0,202.89
sequence_47749,81.0,sequence_47741,102.0,174.1996
sequence_47749,81.0,sequence_47743,63.0,323.1708
sequence_47749,81.0,sequence_47752,67.0,195.815
sequence_47749,81.0,sequence_47745,83.0,46.7645
sequence_47749,81.0,sequence_47747,72.0,74.6544
sequence_47749,81.0,sequence_47748,79.0,91.0699
sequence_47749,81.0,sequence_47744,69.0,41.09440000000001
sequence_47749,81.0,sequence_47721,40.0,265.36289999999997
sequence_47749,81.0,sequence_47759,36.0,264.46939999999995
sequence_47749,81.0,sequence_47774,21.0,288.6373
sequence_47749,81.0,sequence_47770,25.0,137.90030000000002
sequence_47749,81.0,sequence_47713,51.0,207.4263
sequence_47749,81.0,sequence_47738,55.0,186.082
sequence_47749,81.0,sequence_47769,25.0,282.88789999999995
sequence_47749,81.0,sequence_47702,69.0,544.4060000000001
sequence_47749,81.0,sequence_47672,76.0,302.29150000000004
sequence_47749,81.0,sequence_47705,71.0,439.38030000000003
sequence_47749,81.0,sequence_47694,51.0,471.6554
sequence_47749,81.0,sequence_47691,40.0,277.825
sequence_47749,81.0,sequence_47701,63.0,687.6278
sequence_47749,81.0,sequence_47706,77.0,556.2884
sequence_47749,81.0,sequence_47675,57.0,475.3287
sequence_47749,81.0,sequence_47698,56.0,301.20619999999997
sequence_47749,81.0,sequence_47688,90.0,385.3833
sequence_47749,81.0,sequence_47704,98.0,431.59400000000005
sequence_47749,81.0,sequence_47708,111.0,300.2546
sequence_47749,81.0,sequence_47709,119.0,168.9152
sequence_47749,81.0,sequence_47677,103.0,145.534
sequence_47749,81.0,sequence_47692,87.5,313.98420000000004
sequence_47749,81.0,sequence_47703,95.0,580.5652
sequence_47749,81.0,sequence_47707,79.0,449.2258
sequence_47749,81.0,sequence_47762,127.0,563.7455
sequence_47749,81.0,sequence_47765,118.0,706.7755
sequence_47749,81.0,sequence_47767,105.0,652.1295
sequence_47749,81.0,sequence_47812,121.0,552.0549
sequence_47749,81.0,sequence_47761,120.0,557.8043
sequence_47749,81.0,sequence_47764,118.0,573.3992000000001
sequence_47749,81.0,sequence_47763,122.0,624.3234
sequence_47749,81.0,sequence_47699,62.0,337.36539999999997
sequence_47749,81.0,sequence_47687,92.0,335.4123
sequence_47749,81.0,sequence_47693,64.0,182.64479999999998
sequence_47749,81.0,sequence_47690,63.0,379.63390000000004
sequence_47749,81.0,sequence_47712,49.0,343.11929999999995
sequence_47749,81.0,sequence_47714,51.0,292.19509999999997
sequence_47749,81.0,sequence_47725,57.0,370.92539999999997
sequence_47749,81.0,sequence_47669,32.0,394.4747
sequence_47749,81.0,sequence_47668,48.0,357.3639
sequence_47749,81.0,sequence_47670,97.0,257.2893
sequence_47749,81.0,sequence_47665,50.0,255.2524
sequence_47749,81.0,sequence_47661,52.0,245.5987
sequence_47749,81.0,sequence_47667,86.0,409.19300000000004
sequence_47749,81.0,sequence_47726,120.0,405.29550000000006
sequence_47749,81.0,sequence_47734,110.0,414.9492
sequence_47749,81.0,sequence_47811,24.0,464.41110000000003
sequence_47749,81.0,sequence_47662,28.0,432.1562
sequence_47749,81.0,sequence_47731,32.0,368.5075
sequence_47749,81.0,sequence_47733,25.0,268.4329
sequence_47749,81.0,sequence_47732,30.0,384.923
sequence_47749,81.0,sequence_47755,100.0,185.8902
sequence_47749,81.0,sequence_47746,94.0,52.5139
sequence_47749,81.0,sequence_47754,70.0,235.12439999999998
sequence_47749,81.0,sequence_47753,74.0,207.2345
sequence_47749,81.0,sequence_47740,158.0,245.57010000000002
sequence_47749,81.0,sequence_47742,108.0,216.1082
sequence_47749,81.0,sequence_47715,101.0,242.4219
sequence_47749,81.0,sequence_47718,81.0,236.6725
sequence_47749,81.0,sequence_47717,66.0,391.39309999999995
sequence_47749,81.0,sequence_47720,80.0,159.29219999999998
sequence_47749,81.0,sequence_47716,84.0,258.1006
sequence_47749,81.0,sequence_47719,66.0,142.87669999999997
sequence_47749,81.0,sequence_47723,69.0,333.8145999999999
sequence_47749,81.0,sequence_47722,75.0,260.05369999999994
sequence_47749,81.0,sequence_47674,38.0,258.346
sequence_47749,81.0,sequence_47676,56.0,294.50519999999995
sequence_47749,81.0,sequence_47711,57.0,300.2591
sequence_47749,81.0,sequence_47739,35.0,227.99059999999997
sequence_47749,81.0,sequence_47735,55.0,344.48069999999996
sequence_47749,81.0,sequence_47793,16.0,358.9969
sequence_47749,81.0,sequence_47801,4.0,289.14869999999996
sequence_47749,81.0,sequence_47805,22.0,358.1034
sequence_47749,81.0,sequence_47802,4.0,294.8981
sequence_47749,81.0,sequence_47794,18.0,365.63980000000004
sequence_47749,81.0,sequence_47728,12.0,252.03789999999998
sequence_47749,81.0,sequence_47808,4.0,389.6393
sequence_47749,81.0,sequence_47792,12.0,342.0766
sequence_47749,81.0,sequence_47791,4.0,306.9625
sequence_47749,81.0,sequence_47788,5.0,295.7916
sequence_47749,81.0,sequence_47729,34.0,304.0723
sequence_47749,81.0,sequence_47809,10.0,441.6737
sequence_47749,81.0,sequence_47737,27.0,403.6694
sequence_47749,81.0,sequence_47810,5.57,307.0693
sequence_47749,81.0,sequence_47766,4.19,301.8533
sequence_47749,81.0,sequence_47736,19.0,351.635
sequence_47744,69.0,sequence_47787,5.0,314.1368
sequence_47744,69.0,sequence_47684,23.0,325.7541
sequence_47744,69.0,sequence_47789,10.0,356.0454
sequence_47744,69.0,sequence_47790,9.0,371.6201
sequence_47744,69.0,sequence_47781,12.0,314.1368
sequence_47744,69.0,sequence_47777,11.0,320.078
sequence_47744,69.0,sequence_47779,11.0,308.1956
sequence_47744,69.0,sequence_47784,21.0,285.9071
sequence_47744,69.0,sequence_47786,18.0,398.09590000000003
sequence_47744,69.0,sequence_47782,17.0,241.6855
sequence_47744,69.0,sequence_47772,12.0,276.1325
sequence_47744,69.0,sequence_47795,7.0,404.3132
sequence_47744,69.0,sequence_47776,9.0,419.1625
sequence_47744,69.0,sequence_47685,24.0,331.50350000000003
sequence_47744,69.0,sequence_47679,44.0,331.6953
sequence_47744,69.0,sequence_47695,52.0,324.8606
sequence_47744,69.0,sequence_47710,43.0,361.9714
sequence_47744,69.0,sequence_47686,22.0,367.6627
sequence_47744,69.0,sequence_47778,26.0,361.98659999999995
sequence_47744,69.0,sequence_47780,23.0,350.1042
sequence_47744,69.0,sequence_47785,25.0,318.93460000000005
sequence_47744,69.0,sequence_47803,12.0,355.15189999999996
sequence_47744,69.0,sequence_47663,36.0,236.75920000000002
sequence_47744,69.0,sequence_47757,36.0,231.0098
sequence_47744,69.0,sequence_47783,24.5,440.2097
sequence_47744,69.0,sequence_47796,20.0,259.59340000000003
sequence_47744,69.0,sequence_47750,25.0,221.2352
sequence_47744,69.0,sequence_47760,26.0,480.75530000000003
sequence_47744,69.0,sequence_47773,19.0,318.0410999999999
sequence_47744,69.0,sequence_47768,17.0,282.07370000000003
sequence_47744,69.0,sequence_47771,18.0,277.026
sequence_47744,69.0,sequence_47681,44.0,337.4447
sequence_47744,69.0,sequence_47696,47.0,330.61
sequence_47744,69.0,sequence_47680,73.0,480.66650000000004
sequence_47744,69.0,sequence_47673,65.5,293.69100000000003
sequence_47744,69.0,sequence_47700,65.0,579.751
sequence_47744,69.0,sequence_47689,52.0,296.6309
sequence_47744,69.0,sequence_47683,75.0,224.6327
sequence_47744,69.0,sequence_47697,55.5,366.76919999999996
sequence_47744,69.0,sequence_47678,37.0,329.6583999999999
sequence_47744,69.0,sequence_47682,53.0,373.60389999999995
sequence_47744,69.0,sequence_47724,48.0,407.1639
sequence_47744,69.0,sequence_47806,73.0,610.0423
sequence_47744,69.0,sequence_47807,42.0,478.7029
sequence_47744,69.0,sequence_47804,23.0,366.8425
sequence_47744,69.0,sequence_47800,20.0,355.1519
sequence_47744,69.0,sequence_47799,24.0,349.21070000000003
sequence_47744,69.0,sequence_47664,32.0,242.50860000000003
sequence_47744,69.0,sequence_47666,69.0,341.7849
sequence_47744,69.0,sequence_47671,36.0,235.8657
sequence_47744,69.0,sequence_47727,45.0,402.20539999999994
sequence_47744,69.0,sequence_47756,37.0,385.31239999999997
sequence_47744,69.0,sequence_47775,23.0,545.2354
sequence_47744,69.0,sequence_47730,35.0,221.58910000000003
sequence_47744,69.0,sequence_47758,22.0,204.6961
sequence_47744,69.0,sequence_47797,27.0,381.8329
sequence_47744,69.0,sequence_47798,23.0,285.9071
sequence_47744,69.0,sequence_47751,34.0,226.9846
sequence_47744,69.0,sequence_47741,102.0,215.294
sequence_47744,69.0,sequence_47743,63.0,364.2652
sequence_47744,69.0,sequence_47752,67.0,154.7206
sequence_47744,69.0,sequence_47745,83.0,87.8589
sequence_47744,69.0,sequence_47747,72.0,33.559999999999995
sequence_47744,69.0,sequence_47748,79.0,49.975500000000004
sequence_47744,69.0,sequence_47749,81.0,41.09440000000001
sequence_47744,69.0,sequence_47721,40.0,289.4574999999999
sequence_47744,69.0,sequence_47759,36.0,288.56399999999996
sequence_47744,69.0,sequence_47774,21.0,329.73169999999993
sequence_47744,69.0,sequence_47770,25.0,96.8059
sequence_47744,69.0,sequence_47713,51.0,248.5207
sequence_47744,69.0,sequence_47738,55.0,227.1764
sequence_47744,69.0,sequence_47769,25.0,323.9823
sequence_47744,69.0,sequence_47702,69.0,585.5004
sequence_47744,69.0,sequence_47672,76.0,343.3859
sequence_47744,69.0,sequence_47705,71.0,480.4747
sequence_47744,69.0,sequence_47694,51.0,430.561
sequence_47744,69.0,sequence_47691,40.0,318.9194
sequence_47744,69.0,sequence_47701,63.0,728.7222
sequence_47744,69.0,sequence_47706,77.0,597.3828000000001
sequence_47744,69.0,sequence_47675,57.0,516.4231
sequence_47744,69.0,sequence_47698,56.0,342.3006
sequence_47744,69.0,sequence_47688,90.0,344.2889
sequence_47744,69.0,sequence_47704,98.0,472.6884
sequence_47744,69.0,sequence_47708,111.0,341.34900000000005
sequence_47744,69.0,sequence_47709,119.0,210.0096
sequence_47744,69.0,sequence_47677,103.0,186.6284
sequence_47744,69.0,sequence_47692,87.5,355.0786
sequence_47744,69.0,sequence_47703,95.0,621.6596
sequence_47744,69.0,sequence_47707,79.0,490.3202
sequence_47744,69.0,sequence_47762,127.0,604.8399
sequence_47744,69.0,sequence_47765,118.0,747.8698999999999
sequence_47744,69.0,sequence_47767,105.0,693.2239
sequence_47744,69.0,sequence_47812,121.0,593.1493
sequence_47744,69.0,sequence_47761,120.0,598.8987
sequence_47744,69.0,sequence_47764,118.0,614.4936
sequence_47744,69.0,sequence_47763,122.0,665.4177999999999
sequence_47744,69.0,sequence_47699,62.0,378.4598
sequence_47744,69.0,sequence_47687,92.0,294.3179
sequence_47744,69.0,sequence_47693,64.0,223.73919999999998
sequence_47744,69.0,sequence_47690,63.0,338.53950000000003
sequence_47744,69.0,sequence_47712,49.0,384.21369999999996
sequence_47744,69.0,sequence_47714,51.0,333.2895
sequence_47744,69.0,sequence_47725,57.0,412.0198
sequence_47744,69.0,sequence_47669,32.0,353.38030000000003
sequence_47744,69.0,sequence_47668,48.0,316.2695
sequence_47744,69.0,sequence_47670,97.0,216.19490000000002
sequence_47744,69.0,sequence_47665,50.0,214.15800000000002
sequence_47744,69.0,sequence_47661,52.0,204.50430000000003
sequence_47744,69.0,sequence_47667,86.0,368.09860000000003
sequence_47744,69.0,sequence_47726,120.0,364.2011
sequence_47744,69.0,sequence_47734,110.0,373.85479999999995
sequence_47744,69.0,sequence_47811,24.0,423.31669999999997
sequence_47744,69.0,sequence_47662,28.0,391.06179999999995
sequence_47744,69.0,sequence_47731,32.0,327.4131
sequence_47744,69.0,sequence_47733,25.0,227.3385
sequence_47744,69.0,sequence_47732,30.0,343.8286
sequence_47744,69.0,sequence_47755,100.0,226.9846
sequence_47744,69.0,sequence_47746,94.0,93.6083
sequence_47744,69.0,sequence_47754,70.0,194.02999999999997
sequence_47744,69.0,sequence_47753,74.0,248.32889999999998
sequence_47744,69.0,sequence_47740,158.0,286.66450000000003
sequence_47744,69.0,sequence_47742,108.0,257.2026
sequence_47744,69.0,sequence_47715,101.0,283.5163
sequence_47744,69.0,sequence_47718,81.0,277.7669
sequence_47744,69.0,sequence_47717,66.0,432.4875
sequence_47744,69.0,sequence_47720,80.0,118.1978
sequence_47744,69.0,sequence_47716,84.0,217.00619999999998
sequence_47744,69.0,sequence_47719,66.0,101.78229999999999
sequence_47744,69.0,sequence_47723,69.0,374.909
sequence_47744,69.0,sequence_47722,75.0,301.14809999999994
sequence_47744,69.0,sequence_47674,38.0,299.4404
sequence_47744,69.0,sequence_47676,56.0,335.5996
sequence_47744,69.0,sequence_47711,57.0,341.3535
sequence_47744,69.0,sequence_47739,35.0,269.085
sequence_47744,69.0,sequence_47735,55.0,385.5751
sequence_47744,69.0,sequence_47793,16.0,400.09130000000005
sequence_47744,69.0,sequence_47801,4.0,313.2433
sequence_47744,69.0,sequence_47805,22.0,399.19780000000003
sequence_47744,69.0,sequence_47802,4.0,318.9927
sequence_47744,69.0,sequence_47794,18.0,406.7342
sequence_47744,69.0,sequence_47728,12.0,276.1325
sequence_47744,69.0,sequence_47808,4.0,413.7339
sequence_47744,69.0,sequence_47792,12.0,366.1712
sequence_47744,69.0,sequence_47791,4.0,348.0569
sequence_47744,69.0,sequence_47788,5.0,319.88620000000003
sequence_47744,69.0,sequence_47729,34.0,328.16689999999994
sequence_47744,69.0,sequence_47809,10.0,465.76829999999995
sequence_47744,69.0,sequence_47737,27.0,427.764
sequence_47744,69.0,sequence_47810,5.57,331.1639
sequence_47744,69.0,sequence_47766,4.19,325.9479
sequence_47744,69.0,sequence_47736,19.0,375.7296
sequence_47721,40.0,sequence_47787,5.0,127.33789999999999
sequence_47721,40.0,sequence_47684,23.0,120.1138
sequence_47721,40.0,sequence_47789,10.0,85.4293
sequence_47721,40.0,sequence_47790,9.0,132.1938
sequence_47721,40.0,sequence_47781,12.0,218.5593
sequence_47721,40.0,sequence_47777,11.0,212.6181
sequence_47721,40.0,sequence_47779,11.0,212.61809999999997
sequence_47721,40.0,sequence_47784,21.0,255.5186
sequence_47721,40.0,sequence_47786,18.0,211.297
sequence_47721,40.0,sequence_47782,17.0,211.29699999999997
sequence_47721,40.0,sequence_47772,12.0,89.33359999999999
sequence_47721,40.0,sequence_47795,7.0,217.5143
sequence_47721,40.0,sequence_47776,9.0,232.36360000000002
sequence_47721,40.0,sequence_47685,24.0,125.8632
sequence_47721,40.0,sequence_47679,44.0,205.394
sequence_47721,40.0,sequence_47695,52.0,119.2203
sequence_47721,40.0,sequence_47710,43.0,156.3311
sequence_47721,40.0,sequence_47686,22.0,78.2052
sequence_47721,40.0,sequence_47778,26.0,170.7095
sequence_47721,40.0,sequence_47780,23.0,170.7095
sequence_47721,40.0,sequence_47785,25.0,139.5399
sequence_47721,40.0,sequence_47803,12.0,84.5358
sequence_47721,40.0,sequence_47663,36.0,240.15669999999997
sequence_47721,40.0,sequence_47757,36.0,234.40729999999996
sequence_47721,40.0,sequence_47783,24.5,357.1938
sequence_47721,40.0,sequence_47796,20.0,229.20489999999998
sequence_47721,40.0,sequence_47750,25.0,68.22229999999999
sequence_47721,40.0,sequence_47760,26.0,275.115
sequence_47721,40.0,sequence_47773,19.0,47.425
sequence_47721,40.0,sequence_47768,17.0,174.6138
sequence_47721,40.0,sequence_47771,18.0,105.4399
sequence_47721,40.0,sequence_47681,44.0,211.14339999999999
sequence_47721,40.0,sequence_47696,47.0,124.96969999999999
sequence_47721,40.0,sequence_47680,73.0,323.17539999999997
sequence_47721,40.0,sequence_47673,65.5,167.3897
sequence_47721,40.0,sequence_47700,65.0,453.4497
sequence_47721,40.0,sequence_47689,52.0,247.40099999999998
sequence_47721,40.0,sequence_47683,75.0,312.4566
sequence_47721,40.0,sequence_47697,55.5,77.3117
sequence_47721,40.0,sequence_47678,37.0,40.200900000000004
sequence_47721,40.0,sequence_47682,53.0,163.48540000000003
sequence_47721,40.0,sequence_47724,48.0,197.0454
sequence_47721,40.0,sequence_47806,73.0,418.76520000000005
sequence_47721,40.0,sequence_47807,42.0,287.4258
sequence_47721,40.0,sequence_47804,23.0,164.0666
sequence_47721,40.0,sequence_47800,20.0,175.7572
sequence_47721,40.0,sequence_47799,24.0,169.816
sequence_47721,40.0,sequence_47664,32.0,245.90609999999998
sequence_47721,40.0,sequence_47666,69.0,345.1824
sequence_47721,40.0,sequence_47671,36.0,239.26319999999998
sequence_47721,40.0,sequence_47727,45.0,319.1895
sequence_47721,40.0,sequence_47756,37.0,336.0825
sequence_47721,40.0,sequence_47775,23.0,462.21950000000004
sequence_47721,40.0,sequence_47730,35.0,191.20059999999998
sequence_47721,40.0,sequence_47758,22.0,208.09359999999998
sequence_47721,40.0,sequence_47797,27.0,351.4444
sequence_47721,40.0,sequence_47798,23.0,202.8912
sequence_47721,40.0,sequence_47751,34.0,73.9717
sequence_47721,40.0,sequence_47741,102.0,153.5025
sequence_47721,40.0,sequence_47743,63.0,302.47369999999995
sequence_47721,40.0,sequence_47752,67.0,134.7369
sequence_47721,40.0,sequence_47745,83.0,312.1273999999999
sequence_47721,40.0,sequence_47747,72.0,323.0174999999999
sequence_47721,40.0,sequence_47748,79.0,339.43299999999994
sequence_47721,40.0,sequence_47749,81.0,265.36289999999997
sequence_47721,40.0,sequence_47744,69.0,289.4574999999999
sequence_47721,40.0,sequence_47759,36.0,0.8934999999999995
sequence_47721,40.0,sequence_47774,21.0,126.9558
sequence_47721,40.0,sequence_47770,25.0,268.6602
sequence_47721,40.0,sequence_47713,51.0,174.8468
sequence_47721,40.0,sequence_47738,55.0,153.5025
sequence_47721,40.0,sequence_47769,25.0,132.7052
sequence_47721,40.0,sequence_47702,69.0,459.1991
sequence_47721,40.0,sequence_47672,76.0,217.0846
sequence_47721,40.0,sequence_47705,71.0,354.1734
sequence_47721,40.0,sequence_47694,51.0,290.1097
sequence_47721,40.0,sequence_47691,40.0,204.5005
sequence_47721,40.0,sequence_47701,63.0,571.2311
sequence_47721,40.0,sequence_47706,77.0,439.8917
sequence_47721,40.0,sequence_47675,57.0,358.93199999999996
sequence_47721,40.0,sequence_47698,56.0,204.5005
sequence_47721,40.0,sequence_47688,90.0,242.4316
sequence_47721,40.0,sequence_47704,98.0,560.5123
sequence_47721,40.0,sequence_47708,111.0,429.1729
sequence_47721,40.0,sequence_47709,119.0,297.8335
sequence_47721,40.0,sequence_47677,103.0,274.4523
sequence_47721,40.0,sequence_47692,87.5,156.8425
sequence_47721,40.0,sequence_47703,95.0,411.54110000000003
sequence_47721,40.0,sequence_47707,79.0,280.2017
sequence_47721,40.0,sequence_47762,127.0,447.3488
sequence_47721,40.0,sequence_47765,118.0,590.3788
sequence_47721,40.0,sequence_47767,105.0,483.10540000000003
sequence_47721,40.0,sequence_47812,121.0,435.65819999999997
sequence_47721,40.0,sequence_47761,120.0,441.4076
sequence_47721,40.0,sequence_47764,118.0,457.00249999999994
sequence_47721,40.0,sequence_47763,122.0,455.2993
sequence_47721,40.0,sequence_47699,62.0,156.8425
sequence_47721,40.0,sequence_47687,92.0,161.2708
sequence_47721,40.0,sequence_47693,64.0,311.56309999999996
sequence_47721,40.0,sequence_47690,63.0,205.4924
sequence_47721,40.0,sequence_47712,49.0,162.5964
sequence_47721,40.0,sequence_47714,51.0,164.2996
sequence_47721,40.0,sequence_47725,57.0,190.40249999999997
sequence_47721,40.0,sequence_47669,32.0,356.77779999999996
sequence_47721,40.0,sequence_47668,48.0,319.667
sequence_47721,40.0,sequence_47670,97.0,219.5924
sequence_47721,40.0,sequence_47665,50.0,217.5555
sequence_47721,40.0,sequence_47661,52.0,207.90179999999998
sequence_47721,40.0,sequence_47667,86.0,318.8687
sequence_47721,40.0,sequence_47726,120.0,281.1852
sequence_47721,40.0,sequence_47734,110.0,290.83889999999997
sequence_47721,40.0,sequence_47811,24.0,374.0868
sequence_47721,40.0,sequence_47662,28.0,341.8319
sequence_47721,40.0,sequence_47731,32.0,297.02459999999996
sequence_47721,40.0,sequence_47733,25.0,196.95
sequence_47721,40.0,sequence_47732,30.0,313.44010000000003
sequence_47721,40.0,sequence_47755,100.0,141.81189999999998
sequence_47721,40.0,sequence_47746,94.0,317.87679999999995
sequence_47721,40.0,sequence_47754,70.0,174.04629999999997
sequence_47721,40.0,sequence_47753,74.0,163.1562
sequence_47721,40.0,sequence_47740,158.0,224.873
sequence_47721,40.0,sequence_47742,108.0,111.5939
sequence_47721,40.0,sequence_47715,101.0,85.28020000000001
sequence_47721,40.0,sequence_47718,81.0,79.5308
sequence_47721,40.0,sequence_47717,66.0,234.2514
sequence_47721,40.0,sequence_47720,80.0,271.2107
sequence_47721,40.0,sequence_47716,84.0,83.9591
sequence_47721,40.0,sequence_47719,66.0,254.79519999999997
sequence_47721,40.0,sequence_47723,69.0,153.2917
sequence_47721,40.0,sequence_47722,75.0,79.5308
sequence_47721,40.0,sequence_47674,38.0,173.13909999999998
sequence_47721,40.0,sequence_47676,56.0,125.48110000000001
sequence_47721,40.0,sequence_47711,57.0,131.235
sequence_47721,40.0,sequence_47739,35.0,111.5939
sequence_47721,40.0,sequence_47735,55.0,175.4566
sequence_47721,40.0,sequence_47793,16.0,213.2924
sequence_47721,40.0,sequence_47801,4.0,126.44439999999999
sequence_47721,40.0,sequence_47805,22.0,212.3989
sequence_47721,40.0,sequence_47802,4.0,132.19379999999998
sequence_47721,40.0,sequence_47794,18.0,218.1483
sequence_47721,40.0,sequence_47728,12.0,89.33359999999999
sequence_47721,40.0,sequence_47808,4.0,208.09359999999998
sequence_47721,40.0,sequence_47792,12.0,179.3723
sequence_47721,40.0,sequence_47791,4.0,161.25799999999998
sequence_47721,40.0,sequence_47788,5.0,133.0873
sequence_47721,40.0,sequence_47729,34.0,141.368
sequence_47721,40.0,sequence_47809,10.0,260.128
sequence_47721,40.0,sequence_47737,27.0,222.12369999999999
sequence_47721,40.0,sequence_47810,5.57,125.5236
sequence_47721,40.0,sequence_47766,4.19,120.3076
sequence_47721,40.0,sequence_47736,19.0,170.08929999999998
sequence_47759,36.0,sequence_47787,5.0,126.44439999999999
sequence_47759,36.0,sequence_47684,23.0,121.0073
sequence_47759,36.0,sequence_47789,10.0,84.5358
sequence_47759,36.0,sequence_47790,9.0,131.3003
sequence_47759,36.0,sequence_47781,12.0,217.6658
sequence_47759,36.0,sequence_47777,11.0,211.7246
sequence_47759,36.0,sequence_47779,11.0,211.72459999999998
sequence_47759,36.0,sequence_47784,21.0,254.62509999999997
sequence_47759,36.0,sequence_47786,18.0,210.4035
sequence_47759,36.0,sequence_47782,17.0,210.40349999999998
sequence_47759,36.0,sequence_47772,12.0,88.4401
sequence_47759,36.0,sequence_47795,7.0,216.62079999999997
sequence_47759,36.0,sequence_47776,9.0,231.4701
sequence_47759,36.0,sequence_47685,24.0,126.7567
sequence_47759,36.0,sequence_47679,44.0,206.28750000000002
sequence_47759,36.0,sequence_47695,52.0,120.1138
sequence_47759,36.0,sequence_47710,43.0,157.2246
sequence_47759,36.0,sequence_47686,22.0,79.09870000000001
sequence_47759,36.0,sequence_47778,26.0,169.816
sequence_47759,36.0,sequence_47780,23.0,169.816
sequence_47759,36.0,sequence_47785,25.0,138.6464
sequence_47759,36.0,sequence_47803,12.0,83.6423
sequence_47759,36.0,sequence_47663,36.0,239.26319999999998
sequence_47759,36.0,sequence_47757,36.0,233.51379999999997
sequence_47759,36.0,sequence_47783,24.5,356.3003
sequence_47759,36.0,sequence_47796,20.0,228.3114
sequence_47759,36.0,sequence_47750,25.0,67.3288
sequence_47759,36.0,sequence_47760,26.0,276.00849999999997
sequence_47759,36.0,sequence_47773,19.0,46.5315
sequence_47759,36.0,sequence_47768,17.0,173.7203
sequence_47759,36.0,sequence_47771,18.0,104.5464
sequence_47759,36.0,sequence_47681,44.0,212.0369
sequence_47759,36.0,sequence_47696,47.0,125.8632
sequence_47759,36.0,sequence_47680,73.0,324.0689
sequence_47759,36.0,sequence_47673,65.5,168.28320000000002
sequence_47759,36.0,sequence_47700,65.0,454.3432
sequence_47759,36.0,sequence_47689,52.0,248.29449999999997
sequence_47759,36.0,sequence_47683,75.0,313.3501
sequence_47759,36.0,sequence_47697,55.5,78.2052
sequence_47759,36.0,sequence_47678,37.0,41.09440000000001
sequence_47759,36.0,sequence_47682,53.0,164.37890000000002
sequence_47759,36.0,sequence_47724,48.0,197.9389
sequence_47759,36.0,sequence_47806,73.0,417.87170000000003
sequence_47759,36.0,sequence_47807,42.0,286.53229999999996
sequence_47759,36.0,sequence_47804,23.0,163.1731
sequence_47759,36.0,sequence_47800,20.0,174.8637
sequence_47759,36.0,sequence_47799,24.0,168.9225
sequence_47759,36.0,sequence_47664,32.0,245.0126
sequence_47759,36.0,sequence_47666,69.0,344.2889
sequence_47759,36.0,sequence_47671,36.0,238.36969999999997
sequence_47759,36.0,sequence_47727,45.0,318.296
sequence_47759,36.0,sequence_47756,37.0,335.189
sequence_47759,36.0,sequence_47775,23.0,461.326
sequence_47759,36.0,sequence_47730,35.0,190.3071
sequence_47759,36.0,sequence_47758,22.0,207.2001
sequence_47759,36.0,sequence_47797,27.0,350.5509
sequence_47759,36.0,sequence_47798,23.0,201.9977
sequence_47759,36.0,sequence_47751,34.0,73.0782
sequence_47759,36.0,sequence_47741,102.0,152.60899999999998
sequence_47759,36.0,sequence_47743,63.0,301.5802
sequence_47759,36.0,sequence_47752,67.0,133.8434
sequence_47759,36.0,sequence_47745,83.0,311.23389999999995
sequence_47759,36.0,sequence_47747,72.0,322.12399999999997
sequence_47759,36.0,sequence_47748,79.0,338.5395
sequence_47759,36.0,sequence_47749,81.0,264.46939999999995
sequence_47759,36.0,sequence_47744,69.0,288.56399999999996
sequence_47759,36.0,sequence_47721,40.0,0.8934999999999995
sequence_47759,36.0,sequence_47774,21.0,126.0623
sequence_47759,36.0,sequence_47770,25.0,267.7667
sequence_47759,36.0,sequence_47713,51.0,173.9533
sequence_47759,36.0,sequence_47738,55.0,152.609
sequence_47759,36.0,sequence_47769,25.0,131.8117
sequence_47759,36.0,sequence_47702,69.0,460.0926
sequence_47759,36.0,sequence_47672,76.0,217.9781
sequence_47759,36.0,sequence_47705,71.0,355.06690000000003
sequence_47759,36.0,sequence_47694,51.0,291.0032
sequence_47759,36.0,sequence_47691,40.0,205.394
sequence_47759,36.0,sequence_47701,63.0,572.1246
sequence_47759,36.0,sequence_47706,77.0,440.7852
sequence_47759,36.0,sequence_47675,57.0,359.8255
sequence_47759,36.0,sequence_47698,56.0,205.394
sequence_47759,36.0,sequence_47688,90.0,243.32510000000002
sequence_47759,36.0,sequence_47704,98.0,561.4058
sequence_47759,36.0,sequence_47708,111.0,430.0664
sequence_47759,36.0,sequence_47709,119.0,298.727
sequence_47759,36.0,sequence_47677,103.0,275.3458
sequence_47759,36.0,sequence_47692,87.5,157.736
sequence_47759,36.0,sequence_47703,95.0,412.43460000000005
sequence_47759,36.0,sequence_47707,79.0,281.0952
sequence_47759,36.0,sequence_47762,127.0,446.45529999999997
sequence_47759,36.0,sequence_47765,118.0,589.4852999999999
sequence_47759,36.0,sequence_47767,105.0,483.99889999999994
sequence_47759,36.0,sequence_47812,121.0,434.76469999999995
sequence_47759,36.0,sequence_47761,120.0,440.5141
sequence_47759,36.0,sequence_47764,118.0,456.10900000000004
sequence_47759,36.0,sequence_47763,122.0,456.19280000000003
sequence_47759,36.0,sequence_47699,62.0,157.736
sequence_47759,36.0,sequence_47687,92.0,162.16430000000003
sequence_47759,36.0,sequence_47693,64.0,312.4566
sequence_47759,36.0,sequence_47690,63.0,206.3859
sequence_47759,36.0,sequence_47712,49.0,163.48989999999998
sequence_47759,36.0,sequence_47714,51.0,163.40609999999998
sequence_47759,36.0,sequence_47725,57.0,191.296
sequence_47759,36.0,sequence_47669,32.0,355.88429999999994
sequence_47759,36.0,sequence_47668,48.0,318.7735
sequence_47759,36.0,sequence_47670,97.0,218.69889999999998
sequence_47759,36.0,sequence_47665,50.0,216.66199999999998
sequence_47759,36.0,sequence_47661,52.0,207.0083
sequence_47759,36.0,sequence_47667,86.0,317.9752
sequence_47759,36.0,sequence_47726,120.0,280.2917
sequence_47759,36.0,sequence_47734,110.0,289.9454
sequence_47759,36.0,sequence_47811,24.0,373.1933
sequence_47759,36.0,sequence_47662,28.0,340.9384
sequence_47759,36.0,sequence_47731,32.0,296.1311
sequence_47759,36.0,sequence_47733,25.0,196.0565
sequence_47759,36.0,sequence_47732,30.0,312.5466
sequence_47759,36.0,sequence_47755,100.0,140.9184
sequence_47759,36.0,sequence_47746,94.0,316.9833
sequence_47759,36.0,sequence_47754,70.0,173.15279999999998
sequence_47759,36.0,sequence_47753,74.0,162.2627
sequence_47759,36.0,sequence_47740,158.0,223.9795
sequence_47759,36.0,sequence_47742,108.0,110.7004
sequence_47759,36.0,sequence_47715,101.0,86.17370000000001
sequence_47759,36.0,sequence_47718,81.0,80.4243
sequence_47759,36.0,sequence_47717,66.0,235.14489999999998
sequence_47759,36.0,sequence_47720,80.0,272.1042
sequence_47759,36.0,sequence_47716,84.0,84.85260000000001
sequence_47759,36.0,sequence_47719,66.0,255.68869999999995
sequence_47759,36.0,sequence_47723,69.0,154.1852
sequence_47759,36.0,sequence_47722,75.0,80.4243
sequence_47759,36.0,sequence_47674,38.0,174.0326
sequence_47759,36.0,sequence_47676,56.0,126.37460000000002
sequence_47759,36.0,sequence_47711,57.0,132.1285
sequence_47759,36.0,sequence_47739,35.0,110.7004
sequence_47759,36.0,sequence_47735,55.0,176.3501
sequence_47759,36.0,sequence_47793,16.0,212.3989
sequence_47759,36.0,sequence_47801,4.0,125.5509
sequence_47759,36.0,sequence_47805,22.0,211.5054
sequence_47759,36.0,sequence_47802,4.0,131.3003
sequence_47759,36.0,sequence_47794,18.0,217.2548
sequence_47759,36.0,sequence_47728,12.0,88.4401
sequence_47759,36.0,sequence_47808,4.0,208.9871
sequence_47759,36.0,sequence_47792,12.0,178.47879999999998
sequence_47759,36.0,sequence_47791,4.0,160.3645
sequence_47759,36.0,sequence_47788,5.0,132.19379999999998
sequence_47759,36.0,sequence_47729,34.0,140.4745
sequence_47759,36.0,sequence_47809,10.0,261.0215
sequence_47759,36.0,sequence_47737,27.0,223.0172
sequence_47759,36.0,sequence_47810,5.57,126.41709999999999
sequence_47759,36.0,sequence_47766,4.19,121.2011
sequence_47759,36.0,sequence_47736,19.0,170.9828
sequence_47774,21.0,sequence_47787,5.0,159.4437
sequence_47774,21.0,sequence_47684,23.0,247.0696
sequence_47774,21.0,sequence_47789,10.0,117.5351
sequence_47774,21.0,sequence_47790,9.0,164.2996
sequence_47774,21.0,sequence_47781,12.0,91.6035
sequence_47774,21.0,sequence_47777,11.0,85.6623
sequence_47774,21.0,sequence_47779,11.0,97.5447
sequence_47774,21.0,sequence_47784,21.0,219.7842
sequence_47774,21.0,sequence_47786,18.0,152.1814
sequence_47774,21.0,sequence_47782,17.0,175.5626
sequence_47774,21.0,sequence_47772,12.0,121.4394
sequence_47774,21.0,sequence_47795,7.0,249.6201
sequence_47774,21.0,sequence_47776,9.0,264.4694
sequence_47774,21.0,sequence_47685,24.0,252.819
sequence_47774,21.0,sequence_47679,44.0,173.28820000000002
sequence_47774,21.0,sequence_47695,52.0,246.17610000000002
sequence_47774,21.0,sequence_47710,43.0,283.2869
sequence_47774,21.0,sequence_47686,22.0,205.161
sequence_47774,21.0,sequence_47778,26.0,43.7537
sequence_47774,21.0,sequence_47780,23.0,55.636100000000006
sequence_47774,21.0,sequence_47785,25.0,86.8057
sequence_47774,21.0,sequence_47803,12.0,116.6416
sequence_47774,21.0,sequence_47663,36.0,280.4309
sequence_47774,21.0,sequence_47757,36.0,274.6815
sequence_47774,21.0,sequence_47783,24.5,321.4594
sequence_47774,21.0,sequence_47796,20.0,193.4705
sequence_47774,21.0,sequence_47750,25.0,176.3367
sequence_47774,21.0,sequence_47760,26.0,402.07079999999996
sequence_47774,21.0,sequence_47773,19.0,79.5308
sequence_47774,21.0,sequence_47768,17.0,47.658
sequence_47774,21.0,sequence_47771,18.0,105.33309999999999
sequence_47774,21.0,sequence_47681,44.0,179.0376
sequence_47774,21.0,sequence_47696,47.0,251.9255
sequence_47774,21.0,sequence_47680,73.0,291.0696
sequence_47774,21.0,sequence_47673,65.5,135.28390000000002
sequence_47774,21.0,sequence_47700,65.0,421.3439
sequence_47774,21.0,sequence_47689,52.0,306.5166
sequence_47774,21.0,sequence_47683,75.0,280.3508
sequence_47774,21.0,sequence_47697,55.5,204.26749999999998
sequence_47774,21.0,sequence_47678,37.0,167.1567
sequence_47774,21.0,sequence_47682,53.0,131.3796
sequence_47774,21.0,sequence_47724,48.0,164.9396
sequence_47774,21.0,sequence_47806,73.0,291.8094
sequence_47774,21.0,sequence_47807,42.0,160.47
sequence_47774,21.0,sequence_47804,23.0,37.1108
sequence_47774,21.0,sequence_47800,20.0,48.8014
sequence_47774,21.0,sequence_47799,24.0,54.7426
sequence_47774,21.0,sequence_47664,32.0,286.1803
sequence_47774,21.0,sequence_47666,69.0,385.4566
sequence_47774,21.0,sequence_47671,36.0,279.5374
sequence_47774,21.0,sequence_47727,45.0,359.4637
sequence_47774,21.0,sequence_47756,37.0,376.35670000000005
sequence_47774,21.0,sequence_47775,23.0,426.4851
sequence_47774,21.0,sequence_47730,35.0,231.47480000000002
sequence_47774,21.0,sequence_47758,22.0,248.3678
sequence_47774,21.0,sequence_47797,27.0,315.71000000000004
sequence_47774,21.0,sequence_47798,23.0,167.15679999999998
sequence_47774,21.0,sequence_47751,34.0,182.0861
sequence_47774,21.0,sequence_47741,102.0,114.4377
sequence_47774,21.0,sequence_47743,63.0,251.5265
sequence_47774,21.0,sequence_47752,67.0,175.0111
sequence_47774,21.0,sequence_47745,83.0,261.1802
sequence_47774,21.0,sequence_47747,72.0,363.2917
sequence_47774,21.0,sequence_47748,79.0,379.70719999999994
sequence_47774,21.0,sequence_47749,81.0,288.6373
sequence_47774,21.0,sequence_47744,69.0,329.73169999999993
sequence_47774,21.0,sequence_47721,40.0,126.9558
sequence_47774,21.0,sequence_47759,36.0,126.0623
sequence_47774,21.0,sequence_47770,25.0,232.92579999999998
sequence_47774,21.0,sequence_47713,51.0,123.8996
sequence_47774,21.0,sequence_47738,55.0,102.5553
sequence_47774,21.0,sequence_47769,25.0,5.7494
sequence_47774,21.0,sequence_47702,69.0,427.0933
sequence_47774,21.0,sequence_47672,76.0,184.9788
sequence_47774,21.0,sequence_47705,71.0,322.0676
sequence_47774,21.0,sequence_47694,51.0,417.0655
sequence_47774,21.0,sequence_47691,40.0,195.77589999999998
sequence_47774,21.0,sequence_47701,63.0,539.1252999999999
sequence_47774,21.0,sequence_47706,77.0,407.78589999999997
sequence_47774,21.0,sequence_47675,57.0,326.8262
sequence_47774,21.0,sequence_47698,56.0,172.3947
sequence_47774,21.0,sequence_47688,90.0,301.5472
sequence_47774,21.0,sequence_47704,98.0,528.4065
sequence_47774,21.0,sequence_47708,111.0,397.0671
sequence_47774,21.0,sequence_47709,119.0,265.7277
sequence_47774,21.0,sequence_47677,103.0,242.3465
sequence_47774,21.0,sequence_47692,87.5,148.1179
sequence_47774,21.0,sequence_47703,95.0,379.4353
sequence_47774,21.0,sequence_47707,79.0,248.0959
sequence_47774,21.0,sequence_47762,127.0,320.393
sequence_47774,21.0,sequence_47765,118.0,463.42299999999994
sequence_47774,21.0,sequence_47767,105.0,374.991
sequence_47774,21.0,sequence_47812,121.0,308.70239999999995
sequence_47774,21.0,sequence_47761,120.0,314.4518
sequence_47774,21.0,sequence_47764,118.0,330.0467
sequence_47774,21.0,sequence_47763,122.0,347.18489999999997
sequence_47774,21.0,sequence_47699,62.0,124.7367
sequence_47774,21.0,sequence_47687,92.0,220.3864
sequence_47774,21.0,sequence_47693,64.0,279.4573
sequence_47774,21.0,sequence_47690,63.0,264.608
sequence_47774,21.0,sequence_47712,49.0,130.4906
sequence_47774,21.0,sequence_47714,51.0,113.35239999999999
sequence_47774,21.0,sequence_47725,57.0,158.2967
sequence_47774,21.0,sequence_47669,32.0,397.052
sequence_47774,21.0,sequence_47668,48.0,359.9412
sequence_47774,21.0,sequence_47670,97.0,259.8666
sequence_47774,21.0,sequence_47665,50.0,257.8297
sequence_47774,21.0,sequence_47661,52.0,248.176
sequence_47774,21.0,sequence_47667,86.0,359.1429
sequence_47774,21.0,sequence_47726,120.0,321.4594
sequence_47774,21.0,sequence_47734,110.0,331.11310000000003
sequence_47774,21.0,sequence_47811,24.0,338.3524
sequence_47774,21.0,sequence_47662,28.0,382.1061
sequence_47774,21.0,sequence_47731,32.0,337.2988
sequence_47774,21.0,sequence_47733,25.0,237.2242
sequence_47774,21.0,sequence_47732,30.0,353.71430000000004
sequence_47774,21.0,sequence_47755,100.0,114.2459
sequence_47774,21.0,sequence_47746,94.0,266.92959999999994
sequence_47774,21.0,sequence_47754,70.0,214.3205
sequence_47774,21.0,sequence_47753,74.0,112.20899999999999
sequence_47774,21.0,sequence_47740,158.0,185.8082
sequence_47774,21.0,sequence_47742,108.0,72.5291
sequence_47774,21.0,sequence_47715,101.0,65.05680000000001
sequence_47774,21.0,sequence_47718,81.0,70.8062
sequence_47774,21.0,sequence_47717,66.0,202.1456
sequence_47774,21.0,sequence_47720,80.0,330.3263
sequence_47774,21.0,sequence_47716,84.0,143.0747
sequence_47774,21.0,sequence_47719,66.0,313.9108
sequence_47774,21.0,sequence_47723,69.0,121.1859
sequence_47774,21.0,sequence_47722,75.0,47.425
sequence_47774,21.0,sequence_47674,38.0,141.0333
sequence_47774,21.0,sequence_47676,56.0,93.3753
sequence_47774,21.0,sequence_47711,57.0,99.12919999999998
sequence_47774,21.0,sequence_47739,35.0,60.6467
sequence_47774,21.0,sequence_47735,55.0,143.35080000000002
sequence_47774,21.0,sequence_47793,16.0,177.558
sequence_47774,21.0,sequence_47801,4.0,158.55020000000002
sequence_47774,21.0,sequence_47805,22.0,176.66449999999998
sequence_47774,21.0,sequence_47802,4.0,164.2996
sequence_47774,21.0,sequence_47794,18.0,182.4139
sequence_47774,21.0,sequence_47728,12.0,197.448
sequence_47774,21.0,sequence_47808,4.0,259.0408
sequence_47774,21.0,sequence_47792,12.0,211.4781
sequence_47774,21.0,sequence_47791,4.0,125.52359999999999
sequence_47774,21.0,sequence_47788,5.0,165.1931
sequence_47774,21.0,sequence_47729,34.0,249.4824
sequence_47774,21.0,sequence_47809,10.0,311.0752
sequence_47774,21.0,sequence_47737,27.0,349.07950000000005
sequence_47774,21.0,sequence_47810,5.57,176.4708
sequence_47774,21.0,sequence_47766,4.19,171.2548
sequence_47774,21.0,sequence_47736,19.0,297.04510000000005
sequence_47770,25.0,sequence_47787,5.0,301.14809999999994
sequence_47770,25.0,sequence_47684,23.0,388.77399999999994
sequence_47770,25.0,sequence_47789,10.0,259.2395
sequence_47770,25.0,sequence_47790,9.0,306.00399999999996
sequence_47770,25.0,sequence_47781,12.0,301.1481
sequence_47770,25.0,sequence_47777,11.0,307.0893
sequence_47770,25.0,sequence_47779,11.0,295.2069
sequence_47770,25.0,sequence_47784,21.0,272.9184
sequence_47770,25.0,sequence_47786,18.0,385.1072
sequence_47770,25.0,sequence_47782,17.0,228.6968
sequence_47770,25.0,sequence_47772,12.0,263.14379999999994
sequence_47770,25.0,sequence_47795,7.0,391.32449999999994
sequence_47770,25.0,sequence_47776,9.0,406.1737999999999
sequence_47770,25.0,sequence_47685,24.0,394.5234
sequence_47770,25.0,sequence_47679,44.0,394.7152
sequence_47770,25.0,sequence_47695,52.0,387.8804999999999
sequence_47770,25.0,sequence_47710,43.0,424.9912999999999
sequence_47770,25.0,sequence_47686,22.0,346.8654
sequence_47770,25.0,sequence_47778,26.0,265.1807
sequence_47770,25.0,sequence_47780,23.0,253.2983
sequence_47770,25.0,sequence_47785,25.0,222.1287
sequence_47770,25.0,sequence_47803,12.0,258.346
sequence_47770,25.0,sequence_47663,36.0,333.56510000000003
sequence_47770,25.0,sequence_47757,36.0,327.8157
sequence_47770,25.0,sequence_47783,24.5,374.59360000000004
sequence_47770,25.0,sequence_47796,20.0,246.6047
sequence_47770,25.0,sequence_47750,25.0,318.0410999999999
sequence_47770,25.0,sequence_47760,26.0,543.7751999999999
sequence_47770,25.0,sequence_47773,19.0,221.2352
sequence_47770,25.0,sequence_47768,17.0,269.085
sequence_47770,25.0,sequence_47771,18.0,264.0373
sequence_47770,25.0,sequence_47681,44.0,400.46459999999996
sequence_47770,25.0,sequence_47696,47.0,393.62989999999996
sequence_47770,25.0,sequence_47680,73.0,512.4966
sequence_47770,25.0,sequence_47673,65.5,356.7109
sequence_47770,25.0,sequence_47700,65.0,642.7709
sequence_47770,25.0,sequence_47689,52.0,359.6508
sequence_47770,25.0,sequence_47683,75.0,203.8354
sequence_47770,25.0,sequence_47697,55.5,345.9719
sequence_47770,25.0,sequence_47678,37.0,308.86109999999996
sequence_47770,25.0,sequence_47682,53.0,352.8066
sequence_47770,25.0,sequence_47724,48.0,386.3666
sequence_47770,25.0,sequence_47806,73.0,513.2364
sequence_47770,25.0,sequence_47807,42.0,381.897
sequence_47770,25.0,sequence_47804,23.0,270.03659999999996
sequence_47770,25.0,sequence_47800,20.0,258.346
sequence_47770,25.0,sequence_47799,24.0,252.40480000000002
sequence_47770,25.0,sequence_47664,32.0,339.3145
sequence_47770,25.0,sequence_47666,69.0,438.59080000000006
sequence_47770,25.0,sequence_47671,36.0,332.6716
sequence_47770,25.0,sequence_47727,45.0,412.59790000000004
sequence_47770,25.0,sequence_47756,37.0,429.4909
sequence_47770,25.0,sequence_47775,23.0,479.61930000000007
sequence_47770,25.0,sequence_47730,35.0,284.60900000000004
sequence_47770,25.0,sequence_47758,22.0,301.502
sequence_47770,25.0,sequence_47797,27.0,368.84420000000006
sequence_47770,25.0,sequence_47798,23.0,220.291
sequence_47770,25.0,sequence_47751,34.0,323.79049999999995
sequence_47770,25.0,sequence_47741,102.0,312.09990000000005
sequence_47770,25.0,sequence_47743,63.0,461.0711
sequence_47770,25.0,sequence_47752,67.0,251.52649999999997
sequence_47770,25.0,sequence_47745,83.0,184.66479999999999
sequence_47770,25.0,sequence_47747,72.0,130.3659
sequence_47770,25.0,sequence_47748,79.0,146.78140000000002
sequence_47770,25.0,sequence_47749,81.0,137.90030000000002
sequence_47770,25.0,sequence_47744,69.0,96.8059
sequence_47770,25.0,sequence_47721,40.0,268.6602
sequence_47770,25.0,sequence_47759,36.0,267.7667
sequence_47770,25.0,sequence_47774,21.0,232.92579999999998
sequence_47770,25.0,sequence_47713,51.0,345.3266
sequence_47770,25.0,sequence_47738,55.0,323.9823
sequence_47770,25.0,sequence_47769,25.0,227.1764
sequence_47770,25.0,sequence_47702,69.0,648.5202999999999
sequence_47770,25.0,sequence_47672,76.0,406.4058
sequence_47770,25.0,sequence_47705,71.0,543.4946
sequence_47770,25.0,sequence_47694,51.0,493.58089999999993
sequence_47770,25.0,sequence_47691,40.0,381.9393
sequence_47770,25.0,sequence_47701,63.0,760.5523000000001
sequence_47770,25.0,sequence_47706,77.0,629.2129
sequence_47770,25.0,sequence_47675,57.0,548.2532
sequence_47770,25.0,sequence_47698,56.0,405.3205
sequence_47770,25.0,sequence_47688,90.0,354.6814
sequence_47770,25.0,sequence_47704,98.0,451.8911
sequence_47770,25.0,sequence_47708,111.0,320.5517
sequence_47770,25.0,sequence_47709,119.0,189.21230000000003
sequence_47770,25.0,sequence_47677,103.0,165.8311
sequence_47770,25.0,sequence_47692,87.5,334.2813
sequence_47770,25.0,sequence_47703,95.0,600.8623
sequence_47770,25.0,sequence_47707,79.0,469.5229
sequence_47770,25.0,sequence_47762,127.0,541.8199999999999
sequence_47770,25.0,sequence_47765,118.0,684.8499999999999
sequence_47770,25.0,sequence_47767,105.0,596.418
sequence_47770,25.0,sequence_47812,121.0,530.1294
sequence_47770,25.0,sequence_47761,120.0,535.8788
sequence_47770,25.0,sequence_47764,118.0,551.4737
sequence_47770,25.0,sequence_47763,122.0,568.6119
sequence_47770,25.0,sequence_47699,62.0,357.66249999999997
sequence_47770,25.0,sequence_47687,92.0,273.5206
sequence_47770,25.0,sequence_47693,64.0,202.9419
sequence_47770,25.0,sequence_47690,63.0,317.7422
sequence_47770,25.0,sequence_47712,49.0,363.41639999999995
sequence_47770,25.0,sequence_47714,51.0,346.27819999999997
sequence_47770,25.0,sequence_47725,57.0,391.22249999999997
sequence_47770,25.0,sequence_47669,32.0,450.1862
sequence_47770,25.0,sequence_47668,48.0,413.0754
sequence_47770,25.0,sequence_47670,97.0,313.0008
sequence_47770,25.0,sequence_47665,50.0,310.96389999999997
sequence_47770,25.0,sequence_47661,52.0,301.3102
sequence_47770,25.0,sequence_47667,86.0,412.2771
sequence_47770,25.0,sequence_47726,120.0,374.59360000000004
sequence_47770,25.0,sequence_47734,110.0,384.24730000000005
sequence_47770,25.0,sequence_47811,24.0,391.48660000000007
sequence_47770,25.0,sequence_47662,28.0,435.24030000000005
sequence_47770,25.0,sequence_47731,32.0,390.43300000000005
sequence_47770,25.0,sequence_47733,25.0,290.3584
sequence_47770,25.0,sequence_47732,30.0,406.84850000000006
sequence_47770,25.0,sequence_47755,100.0,323.79049999999995
sequence_47770,25.0,sequence_47746,94.0,190.41420000000002
sequence_47770,25.0,sequence_47754,70.0,290.8358999999999
sequence_47770,25.0,sequence_47753,74.0,345.1347999999999
sequence_47770,25.0,sequence_47740,158.0,383.47040000000004
sequence_47770,25.0,sequence_47742,108.0,270.1913
sequence_47770,25.0,sequence_47715,101.0,262.719
sequence_47770,25.0,sequence_47718,81.0,256.9696
sequence_47770,25.0,sequence_47717,66.0,411.6902
sequence_47770,25.0,sequence_47720,80.0,97.4005
sequence_47770,25.0,sequence_47716,84.0,196.20889999999997
sequence_47770,25.0,sequence_47719,66.0,80.98499999999999
sequence_47770,25.0,sequence_47723,69.0,354.1117
sequence_47770,25.0,sequence_47722,75.0,280.3508
sequence_47770,25.0,sequence_47674,38.0,362.46029999999996
sequence_47770,25.0,sequence_47676,56.0,314.8023
sequence_47770,25.0,sequence_47711,57.0,320.5562
sequence_47770,25.0,sequence_47739,35.0,282.07370000000003
sequence_47770,25.0,sequence_47735,55.0,364.7778
sequence_47770,25.0,sequence_47793,16.0,387.1026
sequence_47770,25.0,sequence_47801,4.0,300.2545999999999
sequence_47770,25.0,sequence_47805,22.0,386.2091
sequence_47770,25.0,sequence_47802,4.0,306.00399999999996
sequence_47770,25.0,sequence_47794,18.0,391.9585
sequence_47770,25.0,sequence_47728,12.0,339.15239999999994
sequence_47770,25.0,sequence_47808,4.0,400.74519999999995
sequence_47770,25.0,sequence_47792,12.0,353.18249999999995
sequence_47770,25.0,sequence_47791,4.0,335.0682
sequence_47770,25.0,sequence_47788,5.0,306.8975
sequence_47770,25.0,sequence_47729,34.0,391.18679999999995
sequence_47770,25.0,sequence_47809,10.0,452.77959999999996
sequence_47770,25.0,sequence_47737,27.0,490.78389999999996
sequence_47770,25.0,sequence_47810,5.57,318.17519999999996
sequence_47770,25.0,sequence_47766,4.19,312.95919999999995
sequence_47770,25.0,sequence_47736,19.0,438.74949999999995
sequence_47713,51.0,sequence_47787,5.0,199.5261
sequence_47713,51.0,sequence_47684,23.0,211.1434
sequence_47713,51.0,sequence_47789,10.0,241.43470000000002
sequence_47713,51.0,sequence_47790,9.0,257.0094
sequence_47713,51.0,sequence_47781,12.0,120.18710000000002
sequence_47713,51.0,sequence_47777,11.0,114.2459
sequence_47713,51.0,sequence_47779,11.0,126.12830000000001
sequence_47713,51.0,sequence_47784,21.0,248.36780000000002
sequence_47713,51.0,sequence_47786,18.0,192.2638
sequence_47713,51.0,sequence_47782,17.0,204.14620000000002
sequence_47713,51.0,sequence_47772,12.0,161.5218
sequence_47713,51.0,sequence_47795,7.0,289.7025
sequence_47713,51.0,sequence_47776,9.0,304.5518
sequence_47713,51.0,sequence_47685,24.0,216.89280000000002
sequence_47713,51.0,sequence_47679,44.0,125.8632
sequence_47713,51.0,sequence_47695,52.0,210.24990000000003
sequence_47713,51.0,sequence_47710,43.0,247.3607
sequence_47713,51.0,sequence_47686,22.0,253.05200000000002
sequence_47713,51.0,sequence_47778,26.0,156.15449999999998
sequence_47713,51.0,sequence_47780,23.0,168.0369
sequence_47713,51.0,sequence_47785,25.0,199.2065
sequence_47713,51.0,sequence_47803,12.0,240.5412
sequence_47713,51.0,sequence_47663,36.0,187.7211
sequence_47713,51.0,sequence_47757,36.0,193.47050000000002
sequence_47713,51.0,sequence_47783,24.5,402.67040000000003
sequence_47713,51.0,sequence_47796,20.0,222.0541
sequence_47713,51.0,sequence_47750,25.0,106.62450000000001
sequence_47713,51.0,sequence_47760,26.0,366.1446000000001
sequence_47713,51.0,sequence_47773,19.0,203.43040000000002
sequence_47713,51.0,sequence_47768,17.0,76.2416
sequence_47713,51.0,sequence_47771,18.0,145.4155
sequence_47713,51.0,sequence_47681,44.0,131.61260000000001
sequence_47713,51.0,sequence_47696,47.0,215.9993
sequence_47713,51.0,sequence_47680,73.0,274.8344
sequence_47713,51.0,sequence_47673,65.5,87.8589
sequence_47713,51.0,sequence_47700,65.0,373.9189
sequence_47713,51.0,sequence_47689,52.0,259.0916
sequence_47713,51.0,sequence_47683,75.0,316.743
sequence_47713,51.0,sequence_47697,55.5,252.1585
sequence_47713,51.0,sequence_47678,37.0,215.04770000000002
sequence_47713,51.0,sequence_47682,53.0,167.77179999999998
sequence_47713,51.0,sequence_47724,48.0,201.3318
sequence_47713,51.0,sequence_47806,73.0,404.2102
sequence_47713,51.0,sequence_47807,42.0,272.8708
sequence_47713,51.0,sequence_47804,23.0,161.0104
sequence_47713,51.0,sequence_47800,20.0,161.2022
sequence_47713,51.0,sequence_47799,24.0,167.14339999999999
sequence_47713,51.0,sequence_47664,32.0,193.47050000000002
sequence_47713,51.0,sequence_47666,69.0,292.7468
sequence_47713,51.0,sequence_47671,36.0,186.82760000000002
sequence_47713,51.0,sequence_47727,45.0,364.66610000000003
sequence_47713,51.0,sequence_47756,37.0,347.7731
sequence_47713,51.0,sequence_47775,23.0,507.6961
sequence_47713,51.0,sequence_47730,35.0,184.0498
sequence_47713,51.0,sequence_47758,22.0,167.1568
sequence_47713,51.0,sequence_47797,27.0,344.29359999999997
sequence_47713,51.0,sequence_47798,23.0,248.3678
sequence_47713,51.0,sequence_47751,34.0,112.37389999999999
sequence_47713,51.0,sequence_47741,102.0,33.2267
sequence_47713,51.0,sequence_47743,63.0,170.31550000000001
sequence_47713,51.0,sequence_47752,67.0,105.2989
sequence_47713,51.0,sequence_47745,83.0,179.9692
sequence_47713,51.0,sequence_47747,72.0,282.0807
sequence_47713,51.0,sequence_47748,79.0,298.4962
sequence_47713,51.0,sequence_47749,81.0,207.4263
sequence_47713,51.0,sequence_47744,69.0,248.5207
sequence_47713,51.0,sequence_47721,40.0,174.8468
sequence_47713,51.0,sequence_47759,36.0,173.9533
sequence_47713,51.0,sequence_47774,21.0,123.8996
sequence_47713,51.0,sequence_47770,25.0,345.3266
sequence_47713,51.0,sequence_47738,55.0,21.344299999999997
sequence_47713,51.0,sequence_47769,25.0,118.1502
sequence_47713,51.0,sequence_47702,69.0,379.6683
sequence_47713,51.0,sequence_47672,76.0,137.55380000000002
sequence_47713,51.0,sequence_47705,71.0,274.64259999999996
sequence_47713,51.0,sequence_47694,51.0,381.1393
sequence_47713,51.0,sequence_47691,40.0,148.3509
sequence_47713,51.0,sequence_47701,63.0,522.8901000000001
sequence_47713,51.0,sequence_47706,77.0,391.5507
sequence_47713,51.0,sequence_47675,57.0,310.591
sequence_47713,51.0,sequence_47698,56.0,136.4685
sequence_47713,51.0,sequence_47688,90.0,306.7496
sequence_47713,51.0,sequence_47704,98.0,564.7987
sequence_47713,51.0,sequence_47708,111.0,433.4593
sequence_47713,51.0,sequence_47709,119.0,302.11990000000003
sequence_47713,51.0,sequence_47677,103.0,278.7387
sequence_47713,51.0,sequence_47692,87.5,184.5101
sequence_47713,51.0,sequence_47703,95.0,415.8275
sequence_47713,51.0,sequence_47707,79.0,284.4881
sequence_47713,51.0,sequence_47762,127.0,375.6266
sequence_47713,51.0,sequence_47765,118.0,499.34919999999994
sequence_47713,51.0,sequence_47767,105.0,487.39179999999993
sequence_47713,51.0,sequence_47812,121.0,387.3172
sequence_47713,51.0,sequence_47761,120.0,381.5678
sequence_47713,51.0,sequence_47764,118.0,365.9729
sequence_47713,51.0,sequence_47763,122.0,459.5857
sequence_47713,51.0,sequence_47699,62.0,172.6277
sequence_47713,51.0,sequence_47687,92.0,256.7786
sequence_47713,51.0,sequence_47693,64.0,315.8495
sequence_47713,51.0,sequence_47690,63.0,301.0002
sequence_47713,51.0,sequence_47712,49.0,178.3816
sequence_47713,51.0,sequence_47714,51.0,84.7688
sequence_47713,51.0,sequence_47725,57.0,206.1877
sequence_47713,51.0,sequence_47669,32.0,304.3422
sequence_47713,51.0,sequence_47668,48.0,267.2314
sequence_47713,51.0,sequence_47670,97.0,167.15680000000003
sequence_47713,51.0,sequence_47665,50.0,165.11990000000003
sequence_47713,51.0,sequence_47661,52.0,155.46620000000001
sequence_47713,51.0,sequence_47667,86.0,319.0605
sequence_47713,51.0,sequence_47726,120.0,326.6618
sequence_47713,51.0,sequence_47734,110.0,336.31550000000004
sequence_47713,51.0,sequence_47811,24.0,385.77740000000006
sequence_47713,51.0,sequence_47662,28.0,342.0237
sequence_47713,51.0,sequence_47731,32.0,289.8738
sequence_47713,51.0,sequence_47733,25.0,189.7992
sequence_47713,51.0,sequence_47732,30.0,306.2893
sequence_47713,51.0,sequence_47755,100.0,44.533699999999996
sequence_47713,51.0,sequence_47746,94.0,185.7186
sequence_47713,51.0,sequence_47754,70.0,144.60829999999999
sequence_47713,51.0,sequence_47753,74.0,42.49679999999999
sequence_47713,51.0,sequence_47740,158.0,104.59720000000002
sequence_47713,51.0,sequence_47742,108.0,75.1353
sequence_47713,51.0,sequence_47715,101.0,101.449
sequence_47713,51.0,sequence_47718,81.0,107.19839999999999
sequence_47713,51.0,sequence_47717,66.0,238.5378
sequence_47713,51.0,sequence_47720,80.0,366.7185
sequence_47713,51.0,sequence_47716,84.0,179.4669
sequence_47713,51.0,sequence_47719,66.0,350.303
sequence_47713,51.0,sequence_47723,69.0,169.0769
sequence_47713,51.0,sequence_47722,75.0,95.316
sequence_47713,51.0,sequence_47674,38.0,93.6083
sequence_47713,51.0,sequence_47676,56.0,129.76749999999998
sequence_47713,51.0,sequence_47711,57.0,135.52139999999997
sequence_47713,51.0,sequence_47739,35.0,63.25289999999999
sequence_47713,51.0,sequence_47735,55.0,179.743
sequence_47713,51.0,sequence_47793,16.0,217.6404
sequence_47713,51.0,sequence_47801,4.0,198.6326
sequence_47713,51.0,sequence_47805,22.0,216.74689999999998
sequence_47713,51.0,sequence_47802,4.0,204.382
sequence_47713,51.0,sequence_47794,18.0,224.2833
sequence_47713,51.0,sequence_47728,12.0,161.5218
sequence_47713,51.0,sequence_47808,4.0,299.1232
sequence_47713,51.0,sequence_47792,12.0,251.56050000000002
sequence_47713,51.0,sequence_47791,4.0,165.606
sequence_47713,51.0,sequence_47788,5.0,205.27550000000002
sequence_47713,51.0,sequence_47729,34.0,213.55620000000002
sequence_47713,51.0,sequence_47809,10.0,351.1576
sequence_47713,51.0,sequence_47737,27.0,313.15330000000006
sequence_47713,51.0,sequence_47810,5.57,216.5532
sequence_47713,51.0,sequence_47766,4.19,211.3372
sequence_47713,51.0,sequence_47736,19.0,261.11890000000005
sequence_47738,55.0,sequence_47787,5.0,178.1818
sequence_47738,55.0,sequence_47684,23.0,189.7991
sequence_47738,55.0,sequence_47789,10.0,220.0904
sequence_47738,55.0,sequence_47790,9.0,235.6651
sequence_47738,55.0,sequence_47781,12.0,98.84280000000001
sequence_47738,55.0,sequence_47777,11.0,92.9016
sequence_47738,55.0,sequence_47779,11.0,104.784
sequence_47738,55.0,sequence_47784,21.0,227.0235
sequence_47738,55.0,sequence_47786,18.0,170.9195
sequence_47738,55.0,sequence_47782,17.0,182.80190000000002
sequence_47738,55.0,sequence_47772,12.0,140.1775
sequence_47738,55.0,sequence_47795,7.0,268.3582
sequence_47738,55.0,sequence_47776,9.0,283.2075
sequence_47738,55.0,sequence_47685,24.0,195.5485
sequence_47738,55.0,sequence_47679,44.0,104.5189
sequence_47738,55.0,sequence_47695,52.0,188.9056
sequence_47738,55.0,sequence_47710,43.0,226.0164
sequence_47738,55.0,sequence_47686,22.0,231.7077
sequence_47738,55.0,sequence_47778,26.0,134.8102
sequence_47738,55.0,sequence_47780,23.0,146.6926
sequence_47738,55.0,sequence_47785,25.0,177.8622
sequence_47738,55.0,sequence_47803,12.0,219.1969
sequence_47738,55.0,sequence_47663,36.0,177.87560000000002
sequence_47738,55.0,sequence_47757,36.0,172.1262
sequence_47738,55.0,sequence_47783,24.5,381.3261
sequence_47738,55.0,sequence_47796,20.0,200.70980000000003
sequence_47738,55.0,sequence_47750,25.0,85.28020000000001
sequence_47738,55.0,sequence_47760,26.0,344.8003
sequence_47738,55.0,sequence_47773,19.0,182.0861
sequence_47738,55.0,sequence_47768,17.0,54.8973
sequence_47738,55.0,sequence_47771,18.0,124.0712
sequence_47738,55.0,sequence_47681,44.0,110.2683
sequence_47738,55.0,sequence_47696,47.0,194.655
sequence_47738,55.0,sequence_47680,73.0,253.4901
sequence_47738,55.0,sequence_47673,65.5,66.5146
sequence_47738,55.0,sequence_47700,65.0,352.57460000000003
sequence_47738,55.0,sequence_47689,52.0,237.7473
sequence_47738,55.0,sequence_47683,75.0,295.39869999999996
sequence_47738,55.0,sequence_47697,55.5,230.8142
sequence_47738,55.0,sequence_47678,37.0,193.7034
sequence_47738,55.0,sequence_47682,53.0,146.4275
sequence_47738,55.0,sequence_47724,48.0,179.9875
sequence_47738,55.0,sequence_47806,73.0,382.86589999999995
sequence_47738,55.0,sequence_47807,42.0,251.5265
sequence_47738,55.0,sequence_47804,23.0,139.6661
sequence_47738,55.0,sequence_47800,20.0,139.8579
sequence_47738,55.0,sequence_47799,24.0,145.7991
sequence_47738,55.0,sequence_47664,32.0,183.62500000000003
sequence_47738,55.0,sequence_47666,69.0,282.9013
sequence_47738,55.0,sequence_47671,36.0,176.9821
sequence_47738,55.0,sequence_47727,45.0,343.32180000000005
sequence_47738,55.0,sequence_47756,37.0,326.4288
sequence_47738,55.0,sequence_47775,23.0,486.3518
sequence_47738,55.0,sequence_47730,35.0,162.70550000000003
sequence_47738,55.0,sequence_47758,22.0,145.8125
sequence_47738,55.0,sequence_47797,27.0,322.9493
sequence_47738,55.0,sequence_47798,23.0,227.0235
sequence_47738,55.0,sequence_47751,34.0,91.0296
sequence_47738,55.0,sequence_47741,102.0,11.882400000000004
sequence_47738,55.0,sequence_47743,63.0,148.9712
sequence_47738,55.0,sequence_47752,67.0,83.9546
sequence_47738,55.0,sequence_47745,83.0,158.6249
sequence_47738,55.0,sequence_47747,72.0,260.7364
sequence_47738,55.0,sequence_47748,79.0,277.1519
sequence_47738,55.0,sequence_47749,81.0,186.082
sequence_47738,55.0,sequence_47744,69.0,227.1764
sequence_47738,55.0,sequence_47721,40.0,153.5025
sequence_47738,55.0,sequence_47759,36.0,152.609
sequence_47738,55.0,sequence_47774,21.0,102.5553
sequence_47738,55.0,sequence_47770,25.0,323.9823
sequence_47738,55.0,sequence_47713,51.0,21.344299999999997
sequence_47738,55.0,sequence_47769,25.0,96.8059
sequence_47738,55.0,sequence_47702,69.0,358.324
sequence_47738,55.0,sequence_47672,76.0,116.2095
sequence_47738,55.0,sequence_47705,71.0,253.2983
sequence_47738,55.0,sequence_47694,51.0,359.795
sequence_47738,55.0,sequence_47691,40.0,127.0066
sequence_47738,55.0,sequence_47701,63.0,501.54580000000004
sequence_47738,55.0,sequence_47706,77.0,370.20640000000003
sequence_47738,55.0,sequence_47675,57.0,289.24670000000003
sequence_47738,55.0,sequence_47698,56.0,115.1242
sequence_47738,55.0,sequence_47688,90.0,285.4053
sequence_47738,55.0,sequence_47704,98.0,543.4544000000001
sequence_47738,55.0,sequence_47708,111.0,412.115
sequence_47738,55.0,sequence_47709,119.0,280.7756
sequence_47738,55.0,sequence_47677,103.0,257.3944
sequence_47738,55.0,sequence_47692,87.5,163.1658
sequence_47738,55.0,sequence_47703,95.0,394.4832
sequence_47738,55.0,sequence_47707,79.0,263.1438
sequence_47738,55.0,sequence_47762,127.0,377.66349999999994
sequence_47738,55.0,sequence_47765,118.0,520.6935
sequence_47738,55.0,sequence_47767,105.0,466.04749999999996
sequence_47738,55.0,sequence_47812,121.0,365.9729
sequence_47738,55.0,sequence_47761,120.0,371.72229999999996
sequence_47738,55.0,sequence_47764,118.0,387.3172
sequence_47738,55.0,sequence_47763,122.0,438.24139999999994
sequence_47738,55.0,sequence_47699,62.0,151.2834
sequence_47738,55.0,sequence_47687,92.0,235.4343
sequence_47738,55.0,sequence_47693,64.0,294.5052
sequence_47738,55.0,sequence_47690,63.0,279.6559
sequence_47738,55.0,sequence_47712,49.0,157.03730000000002
sequence_47738,55.0,sequence_47714,51.0,106.1131
sequence_47738,55.0,sequence_47725,57.0,184.84340000000003
sequence_47738,55.0,sequence_47669,32.0,294.49670000000003
sequence_47738,55.0,sequence_47668,48.0,257.3859
sequence_47738,55.0,sequence_47670,97.0,157.31130000000002
sequence_47738,55.0,sequence_47665,50.0,155.2744
sequence_47738,55.0,sequence_47661,52.0,145.62070000000003
sequence_47738,55.0,sequence_47667,86.0,309.21500000000003
sequence_47738,55.0,sequence_47726,120.0,305.3175
sequence_47738,55.0,sequence_47734,110.0,314.9712
sequence_47738,55.0,sequence_47811,24.0,364.4331
sequence_47738,55.0,sequence_47662,28.0,332.1782
sequence_47738,55.0,sequence_47731,32.0,268.52950000000004
sequence_47738,55.0,sequence_47733,25.0,168.4549
sequence_47738,55.0,sequence_47732,30.0,284.945
sequence_47738,55.0,sequence_47755,100.0,23.1894
sequence_47738,55.0,sequence_47746,94.0,164.3743
sequence_47738,55.0,sequence_47754,70.0,123.26399999999998
sequence_47738,55.0,sequence_47753,74.0,21.152499999999996
sequence_47738,55.0,sequence_47740,158.0,83.25290000000001
sequence_47738,55.0,sequence_47742,108.0,53.791
sequence_47738,55.0,sequence_47715,101.0,80.1047
sequence_47738,55.0,sequence_47718,81.0,85.85409999999999
sequence_47738,55.0,sequence_47717,66.0,217.19349999999997
sequence_47738,55.0,sequence_47720,80.0,345.3742
sequence_47738,55.0,sequence_47716,84.0,158.12259999999998
sequence_47738,55.0,sequence_47719,66.0,328.95869999999996
sequence_47738,55.0,sequence_47723,69.0,147.7326
sequence_47738,55.0,sequence_47722,75.0,73.9717
sequence_47738,55.0,sequence_47674,38.0,72.264
sequence_47738,55.0,sequence_47676,56.0,108.4232
sequence_47738,55.0,sequence_47711,57.0,114.1771
sequence_47738,55.0,sequence_47739,35.0,41.90859999999999
sequence_47738,55.0,sequence_47735,55.0,158.39870000000002
sequence_47738,55.0,sequence_47793,16.0,196.29610000000002
sequence_47738,55.0,sequence_47801,4.0,177.2883
sequence_47738,55.0,sequence_47805,22.0,195.4026
sequence_47738,55.0,sequence_47802,4.0,183.0377
sequence_47738,55.0,sequence_47794,18.0,202.93900000000002
sequence_47738,55.0,sequence_47728,12.0,140.1775
sequence_47738,55.0,sequence_47808,4.0,277.7789
sequence_47738,55.0,sequence_47792,12.0,230.21620000000001
sequence_47738,55.0,sequence_47791,4.0,144.26170000000002
sequence_47738,55.0,sequence_47788,5.0,183.9312
sequence_47738,55.0,sequence_47729,34.0,192.2119
sequence_47738,55.0,sequence_47809,10.0,329.8133
sequence_47738,55.0,sequence_47737,27.0,291.809
sequence_47738,55.0,sequence_47810,5.57,195.2089
sequence_47738,55.0,sequence_47766,4.19,189.99290000000002
sequence_47738,55.0,sequence_47736,19.0,239.77460000000002
sequence_47769,25.0,sequence_47787,5.0,165.19310000000002
sequence_47769,25.0,sequence_47684,23.0,252.81900000000002
sequence_47769,25.0,sequence_47789,10.0,123.28450000000001
sequence_47769,25.0,sequence_47790,9.0,170.049
sequence_47769,25.0,sequence_47781,12.0,85.8541
sequence_47769,25.0,sequence_47777,11.0,79.9129
sequence_47769,25.0,sequence_47779,11.0,91.7953
sequence_47769,25.0,sequence_47784,21.0,214.0348
sequence_47769,25.0,sequence_47786,18.0,157.93079999999998
sequence_47769,25.0,sequence_47782,17.0,169.8132
sequence_47769,25.0,sequence_47772,12.0,127.1888
sequence_47769,25.0,sequence_47795,7.0,255.36950000000002
sequence_47769,25.0,sequence_47776,9.0,270.2188
sequence_47769,25.0,sequence_47685,24.0,258.5684
sequence_47769,25.0,sequence_47679,44.0,167.53879999999998
sequence_47769,25.0,sequence_47695,52.0,251.9255
sequence_47769,25.0,sequence_47710,43.0,289.0363
sequence_47769,25.0,sequence_47686,22.0,210.9104
sequence_47769,25.0,sequence_47778,26.0,38.0043
sequence_47769,25.0,sequence_47780,23.0,49.886700000000005
sequence_47769,25.0,sequence_47785,25.0,81.0563
sequence_47769,25.0,sequence_47803,12.0,122.391
sequence_47769,25.0,sequence_47663,36.0,274.68149999999997
sequence_47769,25.0,sequence_47757,36.0,268.9321
sequence_47769,25.0,sequence_47783,24.5,315.71000000000004
sequence_47769,25.0,sequence_47796,20.0,187.72109999999998
sequence_47769,25.0,sequence_47750,25.0,182.0861
sequence_47769,25.0,sequence_47760,26.0,407.8202
sequence_47769,25.0,sequence_47773,19.0,85.28020000000001
sequence_47769,25.0,sequence_47768,17.0,41.90859999999999
sequence_47769,25.0,sequence_47771,18.0,111.08249999999998
sequence_47769,25.0,sequence_47681,44.0,173.2882
sequence_47769,25.0,sequence_47696,47.0,257.6749
sequence_47769,25.0,sequence_47680,73.0,285.3202
sequence_47769,25.0,sequence_47673,65.5,129.53449999999998
sequence_47769,25.0,sequence_47700,65.0,415.5945
sequence_47769,25.0,sequence_47689,52.0,300.7672
sequence_47769,25.0,sequence_47683,75.0,274.6014
sequence_47769,25.0,sequence_47697,55.5,210.01690000000002
sequence_47769,25.0,sequence_47678,37.0,172.9061
sequence_47769,25.0,sequence_47682,53.0,125.6302
sequence_47769,25.0,sequence_47724,48.0,159.1902
sequence_47769,25.0,sequence_47806,73.0,286.06
sequence_47769,25.0,sequence_47807,42.0,154.7206
sequence_47769,25.0,sequence_47804,23.0,42.8602
sequence_47769,25.0,sequence_47800,20.0,43.052
sequence_47769,25.0,sequence_47799,24.0,48.9932
sequence_47769,25.0,sequence_47664,32.0,280.4309
sequence_47769,25.0,sequence_47666,69.0,379.7072
sequence_47769,25.0,sequence_47671,36.0,273.788
sequence_47769,25.0,sequence_47727,45.0,353.71430000000004
sequence_47769,25.0,sequence_47756,37.0,370.6073
sequence_47769,25.0,sequence_47775,23.0,420.73570000000007
sequence_47769,25.0,sequence_47730,35.0,225.72539999999998
sequence_47769,25.0,sequence_47758,22.0,242.6184
sequence_47769,25.0,sequence_47797,27.0,309.96060000000006
sequence_47769,25.0,sequence_47798,23.0,161.4074
sequence_47769,25.0,sequence_47751,34.0,187.8355
sequence_47769,25.0,sequence_47741,102.0,108.6883
sequence_47769,25.0,sequence_47743,63.0,245.7771
sequence_47769,25.0,sequence_47752,67.0,180.7605
sequence_47769,25.0,sequence_47745,83.0,255.4308
sequence_47769,25.0,sequence_47747,72.0,357.54229999999995
sequence_47769,25.0,sequence_47748,79.0,373.9578
sequence_47769,25.0,sequence_47749,81.0,282.88789999999995
sequence_47769,25.0,sequence_47744,69.0,323.9823
sequence_47769,25.0,sequence_47721,40.0,132.7052
sequence_47769,25.0,sequence_47759,36.0,131.8117
sequence_47769,25.0,sequence_47774,21.0,5.7494
sequence_47769,25.0,sequence_47770,25.0,227.1764
sequence_47769,25.0,sequence_47713,51.0,118.1502
sequence_47769,25.0,sequence_47738,55.0,96.8059
sequence_47769,25.0,sequence_47702,69.0,421.3439
sequence_47769,25.0,sequence_47672,76.0,179.2294
sequence_47769,25.0,sequence_47705,71.0,316.31820000000005
sequence_47769,25.0,sequence_47694,51.0,422.8149
sequence_47769,25.0,sequence_47691,40.0,190.0265
sequence_47769,25.0,sequence_47701,63.0,533.3759
sequence_47769,25.0,sequence_47706,77.0,402.0365
sequence_47769,25.0,sequence_47675,57.0,321.0768
sequence_47769,25.0,sequence_47698,56.0,178.14409999999998
sequence_47769,25.0,sequence_47688,90.0,295.7978
sequence_47769,25.0,sequence_47704,98.0,522.6571
sequence_47769,25.0,sequence_47708,111.0,391.3177
sequence_47769,25.0,sequence_47709,119.0,259.9783
sequence_47769,25.0,sequence_47677,103.0,236.5971
sequence_47769,25.0,sequence_47692,87.5,142.3685
sequence_47769,25.0,sequence_47703,95.0,373.6859
sequence_47769,25.0,sequence_47707,79.0,242.3465
sequence_47769,25.0,sequence_47762,127.0,314.6436
sequence_47769,25.0,sequence_47765,118.0,457.67359999999996
sequence_47769,25.0,sequence_47767,105.0,369.2416
sequence_47769,25.0,sequence_47812,121.0,302.953
sequence_47769,25.0,sequence_47761,120.0,308.7024
sequence_47769,25.0,sequence_47764,118.0,324.2973
sequence_47769,25.0,sequence_47763,122.0,341.4355
sequence_47769,25.0,sequence_47699,62.0,130.4861
sequence_47769,25.0,sequence_47687,92.0,214.637
sequence_47769,25.0,sequence_47693,64.0,273.7079
sequence_47769,25.0,sequence_47690,63.0,258.8586
sequence_47769,25.0,sequence_47712,49.0,136.24
sequence_47769,25.0,sequence_47714,51.0,119.10179999999998
sequence_47769,25.0,sequence_47725,57.0,164.0461
sequence_47769,25.0,sequence_47669,32.0,391.3026
sequence_47769,25.0,sequence_47668,48.0,354.1918
sequence_47769,25.0,sequence_47670,97.0,254.1172
sequence_47769,25.0,sequence_47665,50.0,252.0803
sequence_47769,25.0,sequence_47661,52.0,242.4266
sequence_47769,25.0,sequence_47667,86.0,353.3935
sequence_47769,25.0,sequence_47726,120.0,315.71000000000004
sequence_47769,25.0,sequence_47734,110.0,325.36370000000005
sequence_47769,25.0,sequence_47811,24.0,332.60300000000007
sequence_47769,25.0,sequence_47662,28.0,376.35670000000005
sequence_47769,25.0,sequence_47731,32.0,331.54940000000005
sequence_47769,25.0,sequence_47733,25.0,231.47480000000002
sequence_47769,25.0,sequence_47732,30.0,347.96490000000006
sequence_47769,25.0,sequence_47755,100.0,119.9953
sequence_47769,25.0,sequence_47746,94.0,261.1802
sequence_47769,25.0,sequence_47754,70.0,220.0699
sequence_47769,25.0,sequence_47753,74.0,117.9584
sequence_47769,25.0,sequence_47740,158.0,180.05880000000002
sequence_47769,25.0,sequence_47742,108.0,66.7797
sequence_47769,25.0,sequence_47715,101.0,59.3074
sequence_47769,25.0,sequence_47718,81.0,65.05680000000001
sequence_47769,25.0,sequence_47717,66.0,196.39620000000002
sequence_47769,25.0,sequence_47720,80.0,324.5769
sequence_47769,25.0,sequence_47716,84.0,137.32530000000003
sequence_47769,25.0,sequence_47719,66.0,308.1614
sequence_47769,25.0,sequence_47723,69.0,126.9353
sequence_47769,25.0,sequence_47722,75.0,53.1744
sequence_47769,25.0,sequence_47674,38.0,135.2839
sequence_47769,25.0,sequence_47676,56.0,87.6259
sequence_47769,25.0,sequence_47711,57.0,93.37979999999999
sequence_47769,25.0,sequence_47739,35.0,54.8973
sequence_47769,25.0,sequence_47735,55.0,137.6014
sequence_47769,25.0,sequence_47793,16.0,183.3074
sequence_47769,25.0,sequence_47801,4.0,164.2996
sequence_47769,25.0,sequence_47805,22.0,182.4139
sequence_47769,25.0,sequence_47802,4.0,170.04899999999998
sequence_47769,25.0,sequence_47794,18.0,188.1633
sequence_47769,25.0,sequence_47728,12.0,203.19740000000002
sequence_47769,25.0,sequence_47808,4.0,264.7902
sequence_47769,25.0,sequence_47792,12.0,217.22750000000002
sequence_47769,25.0,sequence_47791,4.0,131.273
sequence_47769,25.0,sequence_47788,5.0,170.9425
sequence_47769,25.0,sequence_47729,34.0,255.23180000000002
sequence_47769,25.0,sequence_47809,10.0,316.82460000000003
sequence_47769,25.0,sequence_47737,27.0,354.82890000000003
sequence_47769,25.0,sequence_47810,5.57,182.2202
sequence_47769,25.0,sequence_47766,4.19,177.0042
sequence_47769,25.0,sequence_47736,19.0,302.7945
sequence_47702,69.0,sequence_47787,5.0,502.7198
sequence_47702,69.0,sequence_47684,23.0,415.0939
sequence_47702,69.0,sequence_47789,10.0,544.6284
sequence_47702,69.0,sequence_47790,9.0,548.7043
sequence_47702,69.0,sequence_47781,12.0,423.3808
sequence_47702,69.0,sequence_47777,11.0,417.4396
sequence_47702,69.0,sequence_47779,11.0,429.322
sequence_47702,69.0,sequence_47784,21.0,551.5615
sequence_47702,69.0,sequence_47786,18.0,495.4575
sequence_47702,69.0,sequence_47782,17.0,507.3399
sequence_47702,69.0,sequence_47772,12.0,464.7155
sequence_47702,69.0,sequence_47795,7.0,592.8962
sequence_47702,69.0,sequence_47776,9.0,321.6855
sequence_47702,69.0,sequence_47685,24.0,409.34450000000004
sequence_47702,69.0,sequence_47679,44.0,329.8137
sequence_47702,69.0,sequence_47695,52.0,414.2004
sequence_47702,69.0,sequence_47710,43.0,451.3112
sequence_47702,69.0,sequence_47686,22.0,457.0025
sequence_47702,69.0,sequence_47778,26.0,459.3482
sequence_47702,69.0,sequence_47780,23.0,471.2306
sequence_47702,69.0,sequence_47785,25.0,502.4002
sequence_47702,69.0,sequence_47803,12.0,543.7348999999999
sequence_47702,69.0,sequence_47663,36.0,536.1996
sequence_47702,69.0,sequence_47757,36.0,530.4502
sequence_47702,69.0,sequence_47783,24.5,694.3653
sequence_47702,69.0,sequence_47796,20.0,525.2478000000001
sequence_47702,69.0,sequence_47750,25.0,443.60420000000005
sequence_47702,69.0,sequence_47760,26.0,570.0951
sequence_47702,69.0,sequence_47773,19.0,506.6241
sequence_47702,69.0,sequence_47768,17.0,379.4353
sequence_47702,69.0,sequence_47771,18.0,448.6092
sequence_47702,69.0,sequence_47681,44.0,324.0643
sequence_47702,69.0,sequence_47696,47.0,408.451
sequence_47702,69.0,sequence_47680,73.0,478.7849
sequence_47702,69.0,sequence_47673,65.5,291.8094
sequence_47702,69.0,sequence_47700,65.0,5.7494
sequence_47702,69.0,sequence_47689,52.0,463.0421
sequence_47702,69.0,sequence_47683,75.0,520.6935
sequence_47702,69.0,sequence_47697,55.5,456.109
sequence_47702,69.0,sequence_47678,37.0,418.9982
sequence_47702,69.0,sequence_47682,53.0,371.7223
sequence_47702,69.0,sequence_47724,48.0,405.2823
sequence_47702,69.0,sequence_47806,73.0,135.2839
sequence_47702,69.0,sequence_47807,42.0,290.0045
sequence_47702,69.0,sequence_47804,23.0,464.2041
sequence_47702,69.0,sequence_47800,20.0,464.3959
sequence_47702,69.0,sequence_47799,24.0,470.33709999999996
sequence_47702,69.0,sequence_47664,32.0,530.4502
sequence_47702,69.0,sequence_47666,69.0,355.1653
sequence_47702,69.0,sequence_47671,36.0,535.3061
sequence_47702,69.0,sequence_47727,45.0,656.3610000000001
sequence_47702,69.0,sequence_47756,37.0,673.254
sequence_47702,69.0,sequence_47775,23.0,513.331
sequence_47702,69.0,sequence_47730,35.0,487.24350000000004
sequence_47702,69.0,sequence_47758,22.0,504.1365
sequence_47702,69.0,sequence_47797,27.0,635.9885
sequence_47702,69.0,sequence_47798,23.0,551.5615
sequence_47702,69.0,sequence_47751,34.0,437.85480000000007
sequence_47702,69.0,sequence_47741,102.0,370.20640000000003
sequence_47702,69.0,sequence_47743,63.0,507.2952
sequence_47702,69.0,sequence_47752,67.0,442.27860000000004
sequence_47702,69.0,sequence_47745,83.0,516.9489000000001
sequence_47702,69.0,sequence_47747,72.0,619.0604000000001
sequence_47702,69.0,sequence_47748,79.0,635.4759
sequence_47702,69.0,sequence_47749,81.0,544.4060000000001
sequence_47702,69.0,sequence_47744,69.0,585.5004
sequence_47702,69.0,sequence_47721,40.0,459.1991
sequence_47702,69.0,sequence_47759,36.0,460.0926
sequence_47702,69.0,sequence_47774,21.0,427.0933
sequence_47702,69.0,sequence_47770,25.0,648.5202999999999
sequence_47702,69.0,sequence_47713,51.0,379.6683
sequence_47702,69.0,sequence_47738,55.0,358.324
sequence_47702,69.0,sequence_47769,25.0,421.3439
sequence_47702,69.0,sequence_47672,76.0,330.0055
sequence_47702,69.0,sequence_47705,71.0,181.0343
sequence_47702,69.0,sequence_47694,51.0,573.591
sequence_47702,69.0,sequence_47691,40.0,340.8026
sequence_47702,69.0,sequence_47701,63.0,154.7206
sequence_47702,69.0,sequence_47706,77.0,309.4412
sequence_47702,69.0,sequence_47675,57.0,514.5415
sequence_47702,69.0,sequence_47698,56.0,328.92019999999997
sequence_47702,69.0,sequence_47688,90.0,510.7001
sequence_47702,69.0,sequence_47704,98.0,196.6292
sequence_47702,69.0,sequence_47708,111.0,351.34979999999996
sequence_47702,69.0,sequence_47709,119.0,506.07039999999995
sequence_47702,69.0,sequence_47677,103.0,482.6892
sequence_47702,69.0,sequence_47692,87.5,388.4606
sequence_47702,69.0,sequence_47703,95.0,47.657999999999994
sequence_47702,69.0,sequence_47707,79.0,202.37859999999998
sequence_47702,69.0,sequence_47762,127.0,163.8675
sequence_47702,69.0,sequence_47765,118.0,306.89750000000004
sequence_47702,69.0,sequence_47767,105.0,119.22229999999999
sequence_47702,69.0,sequence_47812,121.0,152.1769
sequence_47702,69.0,sequence_47761,120.0,157.9263
sequence_47702,69.0,sequence_47764,118.0,173.5212
sequence_47702,69.0,sequence_47763,122.0,91.41619999999999
sequence_47702,69.0,sequence_47699,62.0,376.5782
sequence_47702,69.0,sequence_47687,92.0,460.7291
sequence_47702,69.0,sequence_47693,64.0,519.8
sequence_47702,69.0,sequence_47690,63.0,504.9507
sequence_47702,69.0,sequence_47712,49.0,382.33209999999997
sequence_47702,69.0,sequence_47714,51.0,464.4371
sequence_47702,69.0,sequence_47725,57.0,410.1382
sequence_47702,69.0,sequence_47669,32.0,641.3219
sequence_47702,69.0,sequence_47668,48.0,604.2111
sequence_47702,69.0,sequence_47670,97.0,504.13649999999996
sequence_47702,69.0,sequence_47665,50.0,482.7922
sequence_47702,69.0,sequence_47661,52.0,492.44590000000005
sequence_47702,69.0,sequence_47667,86.0,381.47900000000004
sequence_47702,69.0,sequence_47726,120.0,618.3567
sequence_47702,69.0,sequence_47734,110.0,608.703
sequence_47702,69.0,sequence_47811,24.0,711.2583
sequence_47702,69.0,sequence_47662,28.0,679.0034
sequence_47702,69.0,sequence_47731,32.0,581.5687
sequence_47702,69.0,sequence_47733,25.0,481.4941
sequence_47702,69.0,sequence_47732,30.0,597.9842000000001
sequence_47702,69.0,sequence_47755,100.0,370.01460000000003
sequence_47702,69.0,sequence_47746,94.0,511.19950000000006
sequence_47702,69.0,sequence_47754,70.0,470.0892
sequence_47702,69.0,sequence_47753,74.0,367.9777
sequence_47702,69.0,sequence_47740,158.0,430.07810000000006
sequence_47702,69.0,sequence_47742,108.0,412.115
sequence_47702,69.0,sequence_47715,101.0,385.80129999999997
sequence_47702,69.0,sequence_47718,81.0,391.5507
sequence_47702,69.0,sequence_47717,66.0,522.8901
sequence_47702,69.0,sequence_47720,80.0,651.0708
sequence_47702,69.0,sequence_47716,84.0,463.8192
sequence_47702,69.0,sequence_47719,66.0,634.6553
sequence_47702,69.0,sequence_47723,69.0,373.0274
sequence_47702,69.0,sequence_47722,75.0,379.6683
sequence_47702,69.0,sequence_47674,38.0,286.06
sequence_47702,69.0,sequence_47676,56.0,333.718
sequence_47702,69.0,sequence_47711,57.0,339.4719
sequence_47702,69.0,sequence_47739,35.0,400.23260000000005
sequence_47702,69.0,sequence_47735,55.0,383.69350000000003
sequence_47702,69.0,sequence_47793,16.0,520.8341
sequence_47702,69.0,sequence_47801,4.0,501.8263
sequence_47702,69.0,sequence_47805,22.0,519.9406
sequence_47702,69.0,sequence_47802,4.0,496.0769
sequence_47702,69.0,sequence_47794,18.0,515.9782
sequence_47702,69.0,sequence_47728,12.0,464.7155
sequence_47702,69.0,sequence_47808,4.0,503.07370000000003
sequence_47702,69.0,sequence_47792,12.0,554.7542000000001
sequence_47702,69.0,sequence_47791,4.0,468.79970000000003
sequence_47702,69.0,sequence_47788,5.0,496.97040000000004
sequence_47702,69.0,sequence_47729,34.0,516.7499
sequence_47702,69.0,sequence_47809,10.0,555.1081
sequence_47702,69.0,sequence_47737,27.0,517.1038000000001
sequence_47702,69.0,sequence_47810,5.57,485.69270000000006
sequence_47702,69.0,sequence_47766,4.19,490.90870000000007
sequence_47702,69.0,sequence_47736,19.0,465.06940000000003
sequence_47672,76.0,sequence_47787,5.0,184.5967
sequence_47672,76.0,sequence_47684,23.0,96.9708
sequence_47672,76.0,sequence_47789,10.0,226.5053
sequence_47672,76.0,sequence_47790,9.0,230.5812
sequence_47672,76.0,sequence_47781,12.0,105.25770000000001
sequence_47672,76.0,sequence_47777,11.0,99.3165
sequence_47672,76.0,sequence_47779,11.0,111.19890000000001
sequence_47672,76.0,sequence_47784,21.0,233.43840000000003
sequence_47672,76.0,sequence_47786,18.0,177.33440000000002
sequence_47672,76.0,sequence_47782,17.0,189.2168
sequence_47672,76.0,sequence_47772,12.0,222.601
sequence_47672,76.0,sequence_47795,7.0,274.7731
sequence_47672,76.0,sequence_47776,9.0,365.63100000000003
sequence_47672,76.0,sequence_47685,24.0,91.22140000000002
sequence_47672,76.0,sequence_47679,44.0,11.690600000000002
sequence_47672,76.0,sequence_47695,52.0,97.8643
sequence_47672,76.0,sequence_47710,43.0,123.09270000000001
sequence_47672,76.0,sequence_47686,22.0,138.8794
sequence_47672,76.0,sequence_47778,26.0,141.2251
sequence_47672,76.0,sequence_47780,23.0,153.10750000000002
sequence_47672,76.0,sequence_47785,25.0,184.27710000000002
sequence_47672,76.0,sequence_47803,12.0,227.3988
sequence_47672,76.0,sequence_47663,36.0,218.07650000000004
sequence_47672,76.0,sequence_47757,36.0,212.32710000000003
sequence_47672,76.0,sequence_47783,24.5,376.2422
sequence_47672,76.0,sequence_47796,20.0,259.75210000000004
sequence_47672,76.0,sequence_47750,25.0,201.48970000000003
sequence_47672,76.0,sequence_47760,26.0,327.98060000000004
sequence_47672,76.0,sequence_47773,19.0,264.5096
sequence_47672,76.0,sequence_47768,17.0,137.32080000000002
sequence_47672,76.0,sequence_47771,18.0,206.49470000000002
sequence_47672,76.0,sequence_47681,44.0,5.941200000000002
sequence_47672,76.0,sequence_47696,47.0,92.1149
sequence_47672,76.0,sequence_47680,73.0,160.6618
sequence_47672,76.0,sequence_47673,65.5,49.694900000000004
sequence_47672,76.0,sequence_47700,65.0,335.75489999999996
sequence_47672,76.0,sequence_47689,52.0,146.70600000000002
sequence_47672,76.0,sequence_47683,75.0,202.5704
sequence_47672,76.0,sequence_47697,55.5,139.7729
sequence_47672,76.0,sequence_47678,37.0,176.8837
sequence_47672,76.0,sequence_47682,53.0,53.599199999999996
sequence_47672,76.0,sequence_47724,48.0,87.1592
sequence_47672,76.0,sequence_47806,73.0,465.28940000000006
sequence_47672,76.0,sequence_47807,42.0,310.5688
sequence_47672,76.0,sequence_47804,23.0,147.868
sequence_47672,76.0,sequence_47800,20.0,148.0598
sequence_47672,76.0,sequence_47799,24.0,154.001
sequence_47672,76.0,sequence_47664,32.0,212.32710000000003
sequence_47672,76.0,sequence_47666,69.0,399.11080000000004
sequence_47672,76.0,sequence_47671,36.0,281.30920000000003
sequence_47672,76.0,sequence_47727,45.0,338.2379
sequence_47672,76.0,sequence_47756,37.0,355.13090000000005
sequence_47672,76.0,sequence_47775,23.0,557.2765
sequence_47672,76.0,sequence_47730,35.0,221.7478
sequence_47672,76.0,sequence_47758,22.0,238.6408
sequence_47672,76.0,sequence_47797,27.0,370.4928
sequence_47672,76.0,sequence_47798,23.0,286.06579999999997
sequence_47672,76.0,sequence_47751,34.0,195.74030000000002
sequence_47672,76.0,sequence_47741,102.0,128.0919
sequence_47672,76.0,sequence_47743,63.0,265.1807
sequence_47672,76.0,sequence_47752,67.0,200.16410000000002
sequence_47672,76.0,sequence_47745,83.0,274.8344
sequence_47672,76.0,sequence_47747,72.0,376.9459
sequence_47672,76.0,sequence_47748,79.0,393.3614
sequence_47672,76.0,sequence_47749,81.0,302.29150000000004
sequence_47672,76.0,sequence_47744,69.0,343.3859
sequence_47672,76.0,sequence_47721,40.0,217.0846
sequence_47672,76.0,sequence_47759,36.0,217.9781
sequence_47672,76.0,sequence_47774,21.0,184.9788
sequence_47672,76.0,sequence_47770,25.0,406.4058
sequence_47672,76.0,sequence_47713,51.0,137.55380000000002
sequence_47672,76.0,sequence_47738,55.0,116.2095
sequence_47672,76.0,sequence_47769,25.0,179.2294
sequence_47672,76.0,sequence_47702,69.0,330.0055
sequence_47672,76.0,sequence_47705,71.0,148.9712
sequence_47672,76.0,sequence_47694,51.0,257.2549
sequence_47672,76.0,sequence_47691,40.0,24.466500000000007
sequence_47672,76.0,sequence_47701,63.0,484.7261
sequence_47672,76.0,sequence_47706,77.0,341.5043
sequence_47672,76.0,sequence_47675,57.0,272.42699999999996
sequence_47672,76.0,sequence_47698,56.0,12.584100000000001
sequence_47672,76.0,sequence_47688,90.0,194.364
sequence_47672,76.0,sequence_47704,98.0,526.6347
sequence_47672,76.0,sequence_47708,111.0,383.41290000000004
sequence_47672,76.0,sequence_47709,119.0,228.6923
sequence_47672,76.0,sequence_47677,103.0,240.5747
sequence_47672,76.0,sequence_47692,87.5,72.1245
sequence_47672,76.0,sequence_47703,95.0,377.6635
sequence_47672,76.0,sequence_47707,79.0,234.4417
sequence_47672,76.0,sequence_47762,127.0,493.873
sequence_47672,76.0,sequence_47765,118.0,636.9030000000001
sequence_47672,76.0,sequence_47767,105.0,449.22780000000006
sequence_47672,76.0,sequence_47812,121.0,482.18240000000003
sequence_47672,76.0,sequence_47761,120.0,487.9318
sequence_47672,76.0,sequence_47764,118.0,503.52670000000006
sequence_47672,76.0,sequence_47763,122.0,421.42170000000004
sequence_47672,76.0,sequence_47699,62.0,60.24209999999999
sequence_47672,76.0,sequence_47687,92.0,144.393
sequence_47672,76.0,sequence_47693,64.0,203.4639
sequence_47672,76.0,sequence_47690,63.0,188.6146
sequence_47672,76.0,sequence_47712,49.0,65.996
sequence_47672,76.0,sequence_47714,51.0,148.101
sequence_47672,76.0,sequence_47725,57.0,93.8021
sequence_47672,76.0,sequence_47669,32.0,313.1034
sequence_47672,76.0,sequence_47668,48.0,350.2142
sequence_47672,76.0,sequence_47670,97.0,250.13960000000003
sequence_47672,76.0,sequence_47665,50.0,259.9851
sequence_47672,76.0,sequence_47661,52.0,250.33140000000003
sequence_47672,76.0,sequence_47667,86.0,425.4245
sequence_47672,76.0,sequence_47726,120.0,376.2422
sequence_47672,76.0,sequence_47734,110.0,385.89590000000004
sequence_47672,76.0,sequence_47811,24.0,393.13520000000005
sequence_47672,76.0,sequence_47662,28.0,360.88030000000003
sequence_47672,76.0,sequence_47731,32.0,316.073
sequence_47672,76.0,sequence_47733,25.0,215.9984
sequence_47672,76.0,sequence_47732,30.0,332.48850000000004
sequence_47672,76.0,sequence_47755,100.0,127.90010000000001
sequence_47672,76.0,sequence_47746,94.0,269.08500000000004
sequence_47672,76.0,sequence_47754,70.0,227.97469999999998
sequence_47672,76.0,sequence_47753,74.0,125.8632
sequence_47672,76.0,sequence_47740,158.0,187.9636
sequence_47672,76.0,sequence_47742,108.0,170.00050000000002
sequence_47672,76.0,sequence_47715,101.0,143.6868
sequence_47672,76.0,sequence_47718,81.0,149.43619999999999
sequence_47672,76.0,sequence_47717,66.0,280.7756
sequence_47672,76.0,sequence_47720,80.0,408.95629999999994
sequence_47672,76.0,sequence_47716,84.0,221.7047
sequence_47672,76.0,sequence_47719,66.0,392.5408
sequence_47672,76.0,sequence_47723,69.0,130.91289999999998
sequence_47672,76.0,sequence_47722,75.0,137.5538
sequence_47672,76.0,sequence_47674,38.0,43.9455
sequence_47672,76.0,sequence_47676,56.0,91.6035
sequence_47672,76.0,sequence_47711,57.0,97.35739999999998
sequence_47672,76.0,sequence_47739,35.0,158.1181
sequence_47672,76.0,sequence_47735,55.0,141.579
sequence_47672,76.0,sequence_47793,16.0,202.711
sequence_47672,76.0,sequence_47801,4.0,185.49020000000002
sequence_47672,76.0,sequence_47805,22.0,203.6045
sequence_47672,76.0,sequence_47802,4.0,179.7408
sequence_47672,76.0,sequence_47794,18.0,197.85510000000002
sequence_47672,76.0,sequence_47728,12.0,146.5924
sequence_47672,76.0,sequence_47808,4.0,184.9506
sequence_47672,76.0,sequence_47792,12.0,236.63110000000003
sequence_47672,76.0,sequence_47791,4.0,150.6766
sequence_47672,76.0,sequence_47788,5.0,178.84730000000002
sequence_47672,76.0,sequence_47729,34.0,198.62680000000003
sequence_47672,76.0,sequence_47809,10.0,236.985
sequence_47672,76.0,sequence_47737,27.0,198.9807
sequence_47672,76.0,sequence_47810,5.57,167.5696
sequence_47672,76.0,sequence_47766,4.19,172.7856
sequence_47672,76.0,sequence_47736,19.0,146.9463
sequence_47705,71.0,sequence_47787,5.0,321.6855
sequence_47705,71.0,sequence_47684,23.0,234.0596
sequence_47705,71.0,sequence_47789,10.0,363.5941
sequence_47705,71.0,sequence_47790,9.0,367.66999999999996
sequence_47705,71.0,sequence_47781,12.0,242.3465
sequence_47705,71.0,sequence_47777,11.0,236.4053
sequence_47705,71.0,sequence_47779,11.0,248.2877
sequence_47705,71.0,sequence_47784,21.0,370.5272
sequence_47705,71.0,sequence_47786,18.0,314.4232
sequence_47705,71.0,sequence_47782,17.0,326.3056
sequence_47705,71.0,sequence_47772,12.0,359.68980000000005
sequence_47705,71.0,sequence_47795,7.0,411.8619
sequence_47705,71.0,sequence_47776,9.0,502.7198
sequence_47705,71.0,sequence_47685,24.0,228.3102
sequence_47705,71.0,sequence_47679,44.0,148.7794
sequence_47705,71.0,sequence_47695,52.0,234.9531
sequence_47705,71.0,sequence_47710,43.0,272.0639
sequence_47705,71.0,sequence_47686,22.0,275.9682
sequence_47705,71.0,sequence_47778,26.0,278.3139
sequence_47705,71.0,sequence_47780,23.0,290.1963
sequence_47705,71.0,sequence_47785,25.0,321.3659
sequence_47705,71.0,sequence_47803,12.0,364.4876
sequence_47705,71.0,sequence_47663,36.0,355.1653
sequence_47705,71.0,sequence_47757,36.0,349.4159
sequence_47705,71.0,sequence_47783,24.5,513.331
sequence_47705,71.0,sequence_47796,20.0,396.84090000000003
sequence_47705,71.0,sequence_47750,25.0,338.5785
sequence_47705,71.0,sequence_47760,26.0,465.06940000000003
sequence_47705,71.0,sequence_47773,19.0,401.5984
sequence_47705,71.0,sequence_47768,17.0,274.4096
sequence_47705,71.0,sequence_47771,18.0,343.5835
sequence_47705,71.0,sequence_47681,44.0,143.03
sequence_47705,71.0,sequence_47696,47.0,229.2037
sequence_47705,71.0,sequence_47680,73.0,297.75059999999996
sequence_47705,71.0,sequence_47673,65.5,186.7837
sequence_47705,71.0,sequence_47700,65.0,186.7837
sequence_47705,71.0,sequence_47689,52.0,283.7948
sequence_47705,71.0,sequence_47683,75.0,339.6592
sequence_47705,71.0,sequence_47697,55.5,276.8617
sequence_47705,71.0,sequence_47678,37.0,313.97249999999997
sequence_47705,71.0,sequence_47682,53.0,190.688
sequence_47705,71.0,sequence_47724,48.0,224.248
sequence_47705,71.0,sequence_47806,73.0,316.31820000000005
sequence_47705,71.0,sequence_47807,42.0,161.5976
sequence_47705,71.0,sequence_47804,23.0,284.9568
sequence_47705,71.0,sequence_47800,20.0,285.1486
sequence_47705,71.0,sequence_47799,24.0,291.08979999999997
sequence_47705,71.0,sequence_47664,32.0,349.4159
sequence_47705,71.0,sequence_47666,69.0,250.13960000000003
sequence_47705,71.0,sequence_47671,36.0,430.2804
sequence_47705,71.0,sequence_47727,45.0,475.3267000000001
sequence_47705,71.0,sequence_47756,37.0,492.21970000000005
sequence_47705,71.0,sequence_47775,23.0,694.3653
sequence_47705,71.0,sequence_47730,35.0,358.83660000000003
sequence_47705,71.0,sequence_47758,22.0,375.7296
sequence_47705,71.0,sequence_47797,27.0,507.58160000000004
sequence_47705,71.0,sequence_47798,23.0,423.1546
sequence_47705,71.0,sequence_47751,34.0,332.82910000000004
sequence_47705,71.0,sequence_47741,102.0,265.1807
sequence_47705,71.0,sequence_47743,63.0,402.2695
sequence_47705,71.0,sequence_47752,67.0,337.2529
sequence_47705,71.0,sequence_47745,83.0,411.9232
sequence_47705,71.0,sequence_47747,72.0,514.0346999999999
sequence_47705,71.0,sequence_47748,79.0,530.4502
sequence_47705,71.0,sequence_47749,81.0,439.38030000000003
sequence_47705,71.0,sequence_47744,69.0,480.4747
sequence_47705,71.0,sequence_47721,40.0,354.1734
sequence_47705,71.0,sequence_47759,36.0,355.06690000000003
sequence_47705,71.0,sequence_47774,21.0,322.0676
sequence_47705,71.0,sequence_47770,25.0,543.4946
sequence_47705,71.0,sequence_47713,51.0,274.64259999999996
sequence_47705,71.0,sequence_47738,55.0,253.2983
sequence_47705,71.0,sequence_47769,25.0,316.31820000000005
sequence_47705,71.0,sequence_47702,69.0,181.0343
sequence_47705,71.0,sequence_47672,76.0,148.9712
sequence_47705,71.0,sequence_47694,51.0,394.3437
sequence_47705,71.0,sequence_47691,40.0,161.5553
sequence_47705,71.0,sequence_47701,63.0,335.7549
sequence_47705,71.0,sequence_47706,77.0,490.4755
sequence_47705,71.0,sequence_47675,57.0,409.5158
sequence_47705,71.0,sequence_47698,56.0,149.6729
sequence_47705,71.0,sequence_47688,90.0,331.4528
sequence_47705,71.0,sequence_47704,98.0,377.6635
sequence_47705,71.0,sequence_47708,111.0,532.3841
sequence_47705,71.0,sequence_47709,119.0,377.6635
sequence_47705,71.0,sequence_47677,103.0,377.6635
sequence_47705,71.0,sequence_47692,87.5,209.2133
sequence_47705,71.0,sequence_47703,95.0,228.6923
sequence_47705,71.0,sequence_47707,79.0,383.41290000000004
sequence_47705,71.0,sequence_47762,127.0,344.90180000000004
sequence_47705,71.0,sequence_47765,118.0,487.9318
sequence_47705,71.0,sequence_47767,105.0,300.2566
sequence_47705,71.0,sequence_47812,121.0,333.2112
sequence_47705,71.0,sequence_47761,120.0,338.9606
sequence_47705,71.0,sequence_47764,118.0,354.5555
sequence_47705,71.0,sequence_47763,122.0,272.4505
sequence_47705,71.0,sequence_47699,62.0,197.33089999999999
sequence_47705,71.0,sequence_47687,92.0,281.4818
sequence_47705,71.0,sequence_47693,64.0,340.55269999999996
sequence_47705,71.0,sequence_47690,63.0,325.7034
sequence_47705,71.0,sequence_47712,49.0,203.08479999999997
sequence_47705,71.0,sequence_47714,51.0,285.1898
sequence_47705,71.0,sequence_47725,57.0,230.8909
sequence_47705,71.0,sequence_47669,32.0,462.07460000000003
sequence_47705,71.0,sequence_47668,48.0,499.1854000000001
sequence_47705,71.0,sequence_47670,97.0,399.11080000000004
sequence_47705,71.0,sequence_47665,50.0,377.7665
sequence_47705,71.0,sequence_47661,52.0,387.4202
sequence_47705,71.0,sequence_47667,86.0,276.4533
sequence_47705,71.0,sequence_47726,120.0,513.331
sequence_47705,71.0,sequence_47734,110.0,503.67730000000006
sequence_47705,71.0,sequence_47811,24.0,530.224
sequence_47705,71.0,sequence_47662,28.0,497.9691
sequence_47705,71.0,sequence_47731,32.0,453.1618
sequence_47705,71.0,sequence_47733,25.0,353.08720000000005
sequence_47705,71.0,sequence_47732,30.0,469.57730000000004
sequence_47705,71.0,sequence_47755,100.0,264.9889
sequence_47705,71.0,sequence_47746,94.0,406.1738
sequence_47705,71.0,sequence_47754,70.0,365.0635
sequence_47705,71.0,sequence_47753,74.0,262.952
sequence_47705,71.0,sequence_47740,158.0,325.05240000000003
sequence_47705,71.0,sequence_47742,108.0,307.0893
sequence_47705,71.0,sequence_47715,101.0,280.7756
sequence_47705,71.0,sequence_47718,81.0,286.52500000000003
sequence_47705,71.0,sequence_47717,66.0,417.86440000000005
sequence_47705,71.0,sequence_47720,80.0,546.0451
sequence_47705,71.0,sequence_47716,84.0,358.7935
sequence_47705,71.0,sequence_47719,66.0,529.6296
sequence_47705,71.0,sequence_47723,69.0,268.0017
sequence_47705,71.0,sequence_47722,75.0,274.6426
sequence_47705,71.0,sequence_47674,38.0,181.0343
sequence_47705,71.0,sequence_47676,56.0,228.6923
sequence_47705,71.0,sequence_47711,57.0,234.44619999999998
sequence_47705,71.0,sequence_47739,35.0,295.2069
sequence_47705,71.0,sequence_47735,55.0,278.6678
sequence_47705,71.0,sequence_47793,16.0,339.7998
sequence_47705,71.0,sequence_47801,4.0,322.579
sequence_47705,71.0,sequence_47805,22.0,340.6933
sequence_47705,71.0,sequence_47802,4.0,316.8296
sequence_47705,71.0,sequence_47794,18.0,334.9439
sequence_47705,71.0,sequence_47728,12.0,283.6812
sequence_47705,71.0,sequence_47808,4.0,322.0394
sequence_47705,71.0,sequence_47792,12.0,373.71990000000005
sequence_47705,71.0,sequence_47791,4.0,287.7654
sequence_47705,71.0,sequence_47788,5.0,315.9361
sequence_47705,71.0,sequence_47729,34.0,335.7156
sequence_47705,71.0,sequence_47809,10.0,374.0738
sequence_47705,71.0,sequence_47737,27.0,336.06950000000006
sequence_47705,71.0,sequence_47810,5.57,304.65840000000003
sequence_47705,71.0,sequence_47766,4.19,309.87440000000004
sequence_47705,71.0,sequence_47736,19.0,284.0351
sequence_47694,51.0,sequence_47787,5.0,259.40880000000004
sequence_47694,51.0,sequence_47684,23.0,171.7829
sequence_47694,51.0,sequence_47789,10.0,301.3174
sequence_47694,51.0,sequence_47790,9.0,305.3933
sequence_47694,51.0,sequence_47781,12.0,350.63020000000006
sequence_47694,51.0,sequence_47777,11.0,344.689
sequence_47694,51.0,sequence_47779,11.0,344.689
sequence_47694,51.0,sequence_47784,21.0,222.4495
sequence_47694,51.0,sequence_47786,18.0,266.6711
sequence_47694,51.0,sequence_47782,17.0,266.6711
sequence_47694,51.0,sequence_47772,12.0,295.6261
sequence_47694,51.0,sequence_47795,7.0,349.58520000000004
sequence_47694,51.0,sequence_47776,9.0,438.65610000000004
sequence_47694,51.0,sequence_47685,24.0,166.0335
sequence_47694,51.0,sequence_47679,44.0,257.0631
sequence_47694,51.0,sequence_47695,52.0,170.88940000000002
sequence_47694,51.0,sequence_47710,43.0,208.0002
sequence_47694,51.0,sequence_47686,22.0,213.6915
sequence_47694,51.0,sequence_47778,26.0,386.59760000000006
sequence_47694,51.0,sequence_47780,23.0,386.5976
sequence_47694,51.0,sequence_47785,25.0,355.428
sequence_47694,51.0,sequence_47803,12.0,300.4239
sequence_47694,51.0,sequence_47663,36.0,207.0876
sequence_47694,51.0,sequence_47757,36.0,201.33820000000003
sequence_47694,51.0,sequence_47783,24.5,365.2533
sequence_47694,51.0,sequence_47796,20.0,246.9762
sequence_47694,51.0,sequence_47750,25.0,274.51480000000004
sequence_47694,51.0,sequence_47760,26.0,401.00570000000005
sequence_47694,51.0,sequence_47773,19.0,337.5347
sequence_47694,51.0,sequence_47768,17.0,380.9063
sequence_47694,51.0,sequence_47771,18.0,311.7324
sequence_47694,51.0,sequence_47681,44.0,251.3137
sequence_47694,51.0,sequence_47696,47.0,165.14000000000001
sequence_47694,51.0,sequence_47680,73.0,406.03430000000003
sequence_47694,51.0,sequence_47673,65.5,293.2804
sequence_47694,51.0,sequence_47700,65.0,579.3404
sequence_47694,51.0,sequence_47689,52.0,133.9301
sequence_47694,51.0,sequence_47683,75.0,447.9429
sequence_47694,51.0,sequence_47697,55.5,212.798
sequence_47694,51.0,sequence_47678,37.0,249.90879999999999
sequence_47694,51.0,sequence_47682,53.0,298.97170000000006
sequence_47694,51.0,sequence_47724,48.0,332.5317
sequence_47694,51.0,sequence_47806,73.0,708.8749
sequence_47694,51.0,sequence_47807,42.0,554.1543
sequence_47694,51.0,sequence_47804,23.0,379.9547
sequence_47694,51.0,sequence_47800,20.0,391.6453
sequence_47694,51.0,sequence_47799,24.0,385.7041
sequence_47694,51.0,sequence_47664,32.0,201.33820000000003
sequence_47694,51.0,sequence_47666,69.0,386.33490000000006
sequence_47694,51.0,sequence_47671,36.0,280.4157
sequence_47694,51.0,sequence_47727,45.0,327.249
sequence_47694,51.0,sequence_47756,37.0,344.142
sequence_47694,51.0,sequence_47775,23.0,544.5006000000001
sequence_47694,51.0,sequence_47730,35.0,208.9719
sequence_47694,51.0,sequence_47758,22.0,225.8649
sequence_47694,51.0,sequence_47797,27.0,357.7169
sequence_47694,51.0,sequence_47798,23.0,273.2899
sequence_47694,51.0,sequence_47751,34.0,268.7654
sequence_47694,51.0,sequence_47741,102.0,359.795
sequence_47694,51.0,sequence_47743,63.0,508.76619999999997
sequence_47694,51.0,sequence_47752,67.0,275.84040000000005
sequence_47694,51.0,sequence_47745,83.0,518.4199
sequence_47694,51.0,sequence_47747,72.0,397.001
sequence_47694,51.0,sequence_47748,79.0,380.58549999999997
sequence_47694,51.0,sequence_47749,81.0,471.6554
sequence_47694,51.0,sequence_47744,69.0,430.561
sequence_47694,51.0,sequence_47721,40.0,290.1097
sequence_47694,51.0,sequence_47759,36.0,291.0032
sequence_47694,51.0,sequence_47774,21.0,417.0655
sequence_47694,51.0,sequence_47770,25.0,493.58089999999993
sequence_47694,51.0,sequence_47713,51.0,381.1393
sequence_47694,51.0,sequence_47738,55.0,359.795
sequence_47694,51.0,sequence_47769,25.0,422.8149
sequence_47694,51.0,sequence_47702,69.0,573.591
sequence_47694,51.0,sequence_47672,76.0,257.2549
sequence_47694,51.0,sequence_47705,71.0,394.3437
sequence_47694,51.0,sequence_47691,40.0,244.6708
sequence_47694,51.0,sequence_47701,63.0,728.3116
sequence_47694,51.0,sequence_47706,77.0,596.9721999999999
sequence_47694,51.0,sequence_47675,57.0,516.0125
sequence_47694,51.0,sequence_47698,56.0,244.6708
sequence_47694,51.0,sequence_47688,90.0,181.58810000000003
sequence_47694,51.0,sequence_47704,98.0,770.2202
sequence_47694,51.0,sequence_47708,111.0,638.8807999999999
sequence_47694,51.0,sequence_47709,119.0,484.1602
sequence_47694,51.0,sequence_47677,103.0,484.1602
sequence_47694,51.0,sequence_47692,87.5,292.3288
sequence_47694,51.0,sequence_47703,95.0,621.249
sequence_47694,51.0,sequence_47707,79.0,489.9096
sequence_47694,51.0,sequence_47762,127.0,737.4585
sequence_47694,51.0,sequence_47765,118.0,880.4885
sequence_47694,51.0,sequence_47767,105.0,692.8133
sequence_47694,51.0,sequence_47812,121.0,725.7679
sequence_47694,51.0,sequence_47761,120.0,731.5173
sequence_47694,51.0,sequence_47764,118.0,747.1122
sequence_47694,51.0,sequence_47763,122.0,665.0072
sequence_47694,51.0,sequence_47699,62.0,292.3288
sequence_47694,51.0,sequence_47687,92.0,220.06029999999998
sequence_47694,51.0,sequence_47693,64.0,447.0494
sequence_47694,51.0,sequence_47690,63.0,175.8387
sequence_47694,51.0,sequence_47712,49.0,298.0827
sequence_47694,51.0,sequence_47714,51.0,380.1877
sequence_47694,51.0,sequence_47725,57.0,325.8888
sequence_47694,51.0,sequence_47669,32.0,312.2099
sequence_47694,51.0,sequence_47668,48.0,349.3207
sequence_47694,51.0,sequence_47670,97.0,249.2461
sequence_47694,51.0,sequence_47665,50.0,247.2092
sequence_47694,51.0,sequence_47661,52.0,237.5555
sequence_47694,51.0,sequence_47667,86.0,412.6486
sequence_47694,51.0,sequence_47726,120.0,363.4663
sequence_47694,51.0,sequence_47734,110.0,373.12
sequence_47694,51.0,sequence_47811,24.0,382.1463
sequence_47694,51.0,sequence_47662,28.0,349.89140000000003
sequence_47694,51.0,sequence_47731,32.0,303.2971
sequence_47694,51.0,sequence_47733,25.0,203.2225
sequence_47694,51.0,sequence_47732,30.0,319.7126
sequence_47694,51.0,sequence_47755,100.0,336.60560000000004
sequence_47694,51.0,sequence_47746,94.0,512.6705
sequence_47694,51.0,sequence_47754,70.0,236.531
sequence_47694,51.0,sequence_47753,74.0,357.9499
sequence_47694,51.0,sequence_47740,158.0,419.6667
sequence_47694,51.0,sequence_47742,108.0,401.7036
sequence_47694,51.0,sequence_47715,101.0,375.3899
sequence_47694,51.0,sequence_47718,81.0,369.6405
sequence_47694,51.0,sequence_47717,66.0,524.3611
sequence_47694,51.0,sequence_47720,80.0,396.18039999999996
sequence_47694,51.0,sequence_47716,84.0,297.37199999999996
sequence_47694,51.0,sequence_47719,66.0,412.5958999999999
sequence_47694,51.0,sequence_47723,69.0,362.9996
sequence_47694,51.0,sequence_47722,75.0,369.6405
sequence_47694,51.0,sequence_47674,38.0,287.531
sequence_47694,51.0,sequence_47676,56.0,335.189
sequence_47694,51.0,sequence_47711,57.0,340.9429
sequence_47694,51.0,sequence_47739,35.0,401.70360000000005
sequence_47694,51.0,sequence_47735,55.0,385.16450000000003
sequence_47694,51.0,sequence_47793,16.0,241.29450000000003
sequence_47694,51.0,sequence_47801,4.0,258.5153
sequence_47694,51.0,sequence_47805,22.0,240.401
sequence_47694,51.0,sequence_47802,4.0,252.76590000000002
sequence_47694,51.0,sequence_47794,18.0,236.4386
sequence_47694,51.0,sequence_47728,12.0,221.40450000000004
sequence_47694,51.0,sequence_47808,4.0,259.7627
sequence_47694,51.0,sequence_47792,12.0,207.3744
sequence_47694,51.0,sequence_47791,4.0,293.32890000000003
sequence_47694,51.0,sequence_47788,5.0,253.6594
sequence_47694,51.0,sequence_47729,34.0,169.3701
sequence_47694,51.0,sequence_47809,10.0,207.7283
sequence_47694,51.0,sequence_47737,27.0,169.724
sequence_47694,51.0,sequence_47810,5.57,242.38170000000002
sequence_47694,51.0,sequence_47766,4.19,247.59770000000003
sequence_47694,51.0,sequence_47736,19.0,221.75840000000002
sequence_47691,40.0,sequence_47787,5.0,173.7996
sequence_47691,40.0,sequence_47684,23.0,86.17370000000001
sequence_47691,40.0,sequence_47789,10.0,215.70819999999998
sequence_47691,40.0,sequence_47790,9.0,219.78410000000002
sequence_47691,40.0,sequence_47781,12.0,105.9594
sequence_47691,40.0,sequence_47777,11.0,111.90060000000001
sequence_47691,40.0,sequence_47779,11.0,100.01820000000001
sequence_47691,40.0,sequence_47784,21.0,210.7589
sequence_47691,40.0,sequence_47786,18.0,189.9185
sequence_47691,40.0,sequence_47782,17.0,166.53730000000002
sequence_47691,40.0,sequence_47772,12.0,210.01690000000002
sequence_47691,40.0,sequence_47795,7.0,263.976
sequence_47691,40.0,sequence_47776,9.0,353.04690000000005
sequence_47691,40.0,sequence_47685,24.0,80.4243
sequence_47691,40.0,sequence_47679,44.0,24.274700000000003
sequence_47691,40.0,sequence_47695,52.0,85.28020000000001
sequence_47691,40.0,sequence_47710,43.0,122.391
sequence_47691,40.0,sequence_47686,22.0,128.08229999999998
sequence_47691,40.0,sequence_47778,26.0,153.8092
sequence_47691,40.0,sequence_47780,23.0,141.92680000000001
sequence_47691,40.0,sequence_47785,25.0,161.5976
sequence_47691,40.0,sequence_47803,12.0,214.8147
sequence_47691,40.0,sequence_47663,36.0,195.39700000000002
sequence_47691,40.0,sequence_47757,36.0,189.6476
sequence_47691,40.0,sequence_47783,24.5,353.56270000000006
sequence_47691,40.0,sequence_47796,20.0,235.2856
sequence_47691,40.0,sequence_47750,25.0,188.9056
sequence_47691,40.0,sequence_47760,26.0,315.3965
sequence_47691,40.0,sequence_47773,19.0,251.9255
sequence_47691,40.0,sequence_47768,17.0,148.1179
sequence_47691,40.0,sequence_47771,18.0,193.9106
sequence_47691,40.0,sequence_47681,44.0,18.525300000000005
sequence_47691,40.0,sequence_47696,47.0,79.5308
sequence_47691,40.0,sequence_47680,73.0,173.24589999999998
sequence_47691,40.0,sequence_47673,65.5,60.492000000000004
sequence_47691,40.0,sequence_47700,65.0,346.55199999999996
sequence_47691,40.0,sequence_47689,52.0,122.2395
sequence_47691,40.0,sequence_47683,75.0,203.2721
sequence_47691,40.0,sequence_47697,55.5,127.18879999999999
sequence_47691,40.0,sequence_47678,37.0,164.2996
sequence_47691,40.0,sequence_47682,53.0,66.1833
sequence_47691,40.0,sequence_47724,48.0,99.74329999999999
sequence_47691,40.0,sequence_47806,73.0,476.0865
sequence_47691,40.0,sequence_47807,42.0,321.3659
sequence_47691,40.0,sequence_47804,23.0,158.6651
sequence_47691,40.0,sequence_47800,20.0,146.9745
sequence_47691,40.0,sequence_47799,24.0,141.0333
sequence_47691,40.0,sequence_47664,32.0,189.6476
sequence_47691,40.0,sequence_47666,69.0,374.64430000000004
sequence_47691,40.0,sequence_47671,36.0,268.7251
sequence_47691,40.0,sequence_47727,45.0,315.55840000000006
sequence_47691,40.0,sequence_47756,37.0,332.45140000000004
sequence_47691,40.0,sequence_47775,23.0,532.8100000000001
sequence_47691,40.0,sequence_47730,35.0,197.2813
sequence_47691,40.0,sequence_47758,22.0,214.17430000000002
sequence_47691,40.0,sequence_47797,27.0,346.0263
sequence_47691,40.0,sequence_47798,23.0,261.59929999999997
sequence_47691,40.0,sequence_47751,34.0,183.1562
sequence_47691,40.0,sequence_47741,102.0,115.1242
sequence_47691,40.0,sequence_47743,63.0,264.0954
sequence_47691,40.0,sequence_47752,67.0,187.57999999999998
sequence_47691,40.0,sequence_47745,83.0,273.7491
sequence_47691,40.0,sequence_47747,72.0,352.4794
sequence_47691,40.0,sequence_47748,79.0,368.8949
sequence_47691,40.0,sequence_47749,81.0,277.825
sequence_47691,40.0,sequence_47744,69.0,318.9194
sequence_47691,40.0,sequence_47721,40.0,204.5005
sequence_47691,40.0,sequence_47759,36.0,205.394
sequence_47691,40.0,sequence_47774,21.0,195.77589999999998
sequence_47691,40.0,sequence_47770,25.0,381.9393
sequence_47691,40.0,sequence_47713,51.0,148.3509
sequence_47691,40.0,sequence_47738,55.0,127.0066
sequence_47691,40.0,sequence_47769,25.0,190.0265
sequence_47691,40.0,sequence_47702,69.0,340.8026
sequence_47691,40.0,sequence_47672,76.0,24.466500000000007
sequence_47691,40.0,sequence_47705,71.0,161.5553
sequence_47691,40.0,sequence_47694,51.0,244.6708
sequence_47691,40.0,sequence_47701,63.0,495.5232
sequence_47691,40.0,sequence_47706,77.0,364.18379999999996
sequence_47691,40.0,sequence_47675,57.0,283.22409999999996
sequence_47691,40.0,sequence_47698,56.0,23.381200000000003
sequence_47691,40.0,sequence_47688,90.0,169.8975
sequence_47691,40.0,sequence_47704,98.0,525.5494
sequence_47691,40.0,sequence_47708,111.0,394.21
sequence_47691,40.0,sequence_47709,119.0,239.48940000000002
sequence_47691,40.0,sequence_47677,103.0,239.4894
sequence_47691,40.0,sequence_47692,87.5,47.657999999999994
sequence_47691,40.0,sequence_47703,95.0,388.4606
sequence_47691,40.0,sequence_47707,79.0,257.1212
sequence_47691,40.0,sequence_47762,127.0,504.6701
sequence_47691,40.0,sequence_47765,118.0,647.7001
sequence_47691,40.0,sequence_47767,105.0,460.0249
sequence_47691,40.0,sequence_47812,121.0,492.9795
sequence_47691,40.0,sequence_47761,120.0,498.7289
sequence_47691,40.0,sequence_47764,118.0,514.3238
sequence_47691,40.0,sequence_47763,122.0,432.2188
sequence_47691,40.0,sequence_47699,62.0,71.0392
sequence_47691,40.0,sequence_47687,92.0,119.92649999999999
sequence_47691,40.0,sequence_47693,64.0,202.3786
sequence_47691,40.0,sequence_47690,63.0,164.1481
sequence_47691,40.0,sequence_47712,49.0,76.79309999999998
sequence_47691,40.0,sequence_47714,51.0,158.8981
sequence_47691,40.0,sequence_47725,57.0,104.5992
sequence_47691,40.0,sequence_47669,32.0,300.51930000000004
sequence_47691,40.0,sequence_47668,48.0,337.63009999999997
sequence_47691,40.0,sequence_47670,97.0,237.55550000000002
sequence_47691,40.0,sequence_47665,50.0,235.51860000000002
sequence_47691,40.0,sequence_47661,52.0,225.86490000000003
sequence_47691,40.0,sequence_47667,86.0,400.958
sequence_47691,40.0,sequence_47726,120.0,351.77570000000003
sequence_47691,40.0,sequence_47734,110.0,361.42940000000004
sequence_47691,40.0,sequence_47811,24.0,370.45570000000004
sequence_47691,40.0,sequence_47662,28.0,338.2008000000001
sequence_47691,40.0,sequence_47731,32.0,291.6065
sequence_47691,40.0,sequence_47733,25.0,191.5319
sequence_47691,40.0,sequence_47732,30.0,308.02200000000005
sequence_47691,40.0,sequence_47755,100.0,115.316
sequence_47691,40.0,sequence_47746,94.0,267.9997
sequence_47691,40.0,sequence_47754,70.0,215.3906
sequence_47691,40.0,sequence_47753,74.0,136.6603
sequence_47691,40.0,sequence_47740,158.0,174.9959
sequence_47691,40.0,sequence_47742,108.0,157.0328
sequence_47691,40.0,sequence_47715,101.0,130.7191
sequence_47691,40.0,sequence_47718,81.0,124.96969999999999
sequence_47691,40.0,sequence_47717,66.0,279.6903
sequence_47691,40.0,sequence_47720,80.0,384.48980000000006
sequence_47691,40.0,sequence_47716,84.0,197.2382
sequence_47691,40.0,sequence_47719,66.0,368.0743
sequence_47691,40.0,sequence_47723,69.0,141.70999999999998
sequence_47691,40.0,sequence_47722,75.0,148.3509
sequence_47691,40.0,sequence_47674,38.0,54.7426
sequence_47691,40.0,sequence_47676,56.0,102.4006
sequence_47691,40.0,sequence_47711,57.0,108.15449999999998
sequence_47691,40.0,sequence_47739,35.0,168.9152
sequence_47691,40.0,sequence_47735,55.0,152.3761
sequence_47691,40.0,sequence_47793,16.0,191.9139
sequence_47691,40.0,sequence_47801,4.0,172.9061
sequence_47691,40.0,sequence_47805,22.0,191.0204
sequence_47691,40.0,sequence_47802,4.0,167.1567
sequence_47691,40.0,sequence_47794,18.0,187.05800000000002
sequence_47691,40.0,sequence_47728,12.0,135.7953
sequence_47691,40.0,sequence_47808,4.0,174.1535
sequence_47691,40.0,sequence_47792,12.0,225.834
sequence_47691,40.0,sequence_47791,4.0,139.8795
sequence_47691,40.0,sequence_47788,5.0,168.05020000000002
sequence_47691,40.0,sequence_47729,34.0,187.8297
sequence_47691,40.0,sequence_47809,10.0,226.1879
sequence_47691,40.0,sequence_47737,27.0,188.1836
sequence_47691,40.0,sequence_47810,5.57,156.7725
sequence_47691,40.0,sequence_47766,4.19,161.98850000000002
sequence_47691,40.0,sequence_47736,19.0,136.1492
sequence_47701,63.0,sequence_47787,5.0,645.9416
sequence_47701,63.0,sequence_47684,23.0,558.3157
sequence_47701,63.0,sequence_47789,10.0,656.6604
sequence_47701,63.0,sequence_47790,9.0,703.4249
sequence_47701,63.0,sequence_47781,12.0,566.6026
sequence_47701,63.0,sequence_47777,11.0,560.6614
sequence_47701,63.0,sequence_47779,11.0,572.5438
sequence_47701,63.0,sequence_47784,21.0,694.7833
sequence_47701,63.0,sequence_47786,18.0,638.6793
sequence_47701,63.0,sequence_47782,17.0,650.5617
sequence_47701,63.0,sequence_47772,12.0,607.9373
sequence_47701,63.0,sequence_47795,7.0,736.118
sequence_47701,63.0,sequence_47776,9.0,464.9073
sequence_47701,63.0,sequence_47685,24.0,564.0651
sequence_47701,63.0,sequence_47679,44.0,473.0355
sequence_47701,63.0,sequence_47695,52.0,557.4222
sequence_47701,63.0,sequence_47710,43.0,594.533
sequence_47701,63.0,sequence_47686,22.0,569.0345
sequence_47701,63.0,sequence_47778,26.0,571.3802000000001
sequence_47701,63.0,sequence_47780,23.0,583.2626
sequence_47701,63.0,sequence_47785,25.0,614.4322
sequence_47701,63.0,sequence_47803,12.0,655.7669
sequence_47701,63.0,sequence_47663,36.0,679.4214
sequence_47701,63.0,sequence_47757,36.0,673.672
sequence_47701,63.0,sequence_47783,24.5,849.0859
sequence_47701,63.0,sequence_47796,20.0,668.4696
sequence_47701,63.0,sequence_47750,25.0,586.826
sequence_47701,63.0,sequence_47760,26.0,713.3169
sequence_47701,63.0,sequence_47773,19.0,618.6560999999999
sequence_47701,63.0,sequence_47768,17.0,522.6571
sequence_47701,63.0,sequence_47771,18.0,591.831
sequence_47701,63.0,sequence_47681,44.0,478.7849
sequence_47701,63.0,sequence_47696,47.0,563.1716
sequence_47701,63.0,sequence_47680,73.0,324.0643
sequence_47701,63.0,sequence_47673,65.5,435.0312
sequence_47701,63.0,sequence_47700,65.0,148.9712
sequence_47701,63.0,sequence_47689,52.0,606.2638999999999
sequence_47701,63.0,sequence_47683,75.0,632.7255
sequence_47701,63.0,sequence_47697,55.5,568.141
sequence_47701,63.0,sequence_47678,37.0,531.0301999999999
sequence_47701,63.0,sequence_47682,53.0,483.7543
sequence_47701,63.0,sequence_47724,48.0,517.3143
sequence_47701,63.0,sequence_47806,73.0,247.3159
sequence_47701,63.0,sequence_47807,42.0,402.0365
sequence_47701,63.0,sequence_47804,23.0,576.2361
sequence_47701,63.0,sequence_47800,20.0,576.4278999999999
sequence_47701,63.0,sequence_47799,24.0,582.3691
sequence_47701,63.0,sequence_47664,32.0,685.1708
sequence_47701,63.0,sequence_47666,69.0,498.38710000000003
sequence_47701,63.0,sequence_47671,36.0,678.5279
sequence_47701,63.0,sequence_47727,45.0,811.0816
sequence_47701,63.0,sequence_47756,37.0,827.9746
sequence_47701,63.0,sequence_47775,23.0,668.0516
sequence_47701,63.0,sequence_47730,35.0,630.4653000000001
sequence_47701,63.0,sequence_47758,22.0,647.3583
sequence_47701,63.0,sequence_47797,27.0,790.7091
sequence_47701,63.0,sequence_47798,23.0,694.7833
sequence_47701,63.0,sequence_47751,34.0,592.5754000000001
sequence_47701,63.0,sequence_47741,102.0,513.4282000000001
sequence_47701,63.0,sequence_47743,63.0,650.517
sequence_47701,63.0,sequence_47752,67.0,585.5004
sequence_47701,63.0,sequence_47745,83.0,660.1707
sequence_47701,63.0,sequence_47747,72.0,762.2822000000001
sequence_47701,63.0,sequence_47748,79.0,778.6977
sequence_47701,63.0,sequence_47749,81.0,687.6278
sequence_47701,63.0,sequence_47744,69.0,728.7222
sequence_47701,63.0,sequence_47721,40.0,571.2311
sequence_47701,63.0,sequence_47759,36.0,572.1246
sequence_47701,63.0,sequence_47774,21.0,539.1252999999999
sequence_47701,63.0,sequence_47770,25.0,760.5523000000001
sequence_47701,63.0,sequence_47713,51.0,522.8901000000001
sequence_47701,63.0,sequence_47738,55.0,501.54580000000004
sequence_47701,63.0,sequence_47769,25.0,533.3759
sequence_47701,63.0,sequence_47702,69.0,154.7206
sequence_47701,63.0,sequence_47672,76.0,484.7261
sequence_47701,63.0,sequence_47705,71.0,335.7549
sequence_47701,63.0,sequence_47694,51.0,728.3116
sequence_47701,63.0,sequence_47691,40.0,495.5232
sequence_47701,63.0,sequence_47706,77.0,154.7206
sequence_47701,63.0,sequence_47675,57.0,359.8209
sequence_47701,63.0,sequence_47698,56.0,483.6408
sequence_47701,63.0,sequence_47688,90.0,653.9219
sequence_47701,63.0,sequence_47704,98.0,308.6612
sequence_47701,63.0,sequence_47708,111.0,463.3818
sequence_47701,63.0,sequence_47709,119.0,618.1024
sequence_47701,63.0,sequence_47677,103.0,594.7212
sequence_47701,63.0,sequence_47692,87.5,500.4925999999999
sequence_47701,63.0,sequence_47703,95.0,159.69
sequence_47701,63.0,sequence_47707,79.0,314.4106
sequence_47701,63.0,sequence_47762,127.0,275.8995
sequence_47701,63.0,sequence_47765,118.0,418.9295
sequence_47701,63.0,sequence_47767,105.0,231.2543
sequence_47701,63.0,sequence_47812,121.0,264.20889999999997
sequence_47701,63.0,sequence_47761,120.0,269.9583
sequence_47701,63.0,sequence_47764,118.0,285.5532
sequence_47701,63.0,sequence_47763,122.0,203.44819999999999
sequence_47701,63.0,sequence_47699,62.0,488.61019999999996
sequence_47701,63.0,sequence_47687,92.0,572.7610999999999
sequence_47701,63.0,sequence_47693,64.0,631.832
sequence_47701,63.0,sequence_47690,63.0,616.9827
sequence_47701,63.0,sequence_47712,49.0,494.36409999999995
sequence_47701,63.0,sequence_47714,51.0,576.4691
sequence_47701,63.0,sequence_47725,57.0,522.1702
sequence_47701,63.0,sequence_47669,32.0,796.0425
sequence_47701,63.0,sequence_47668,48.0,758.9317
sequence_47701,63.0,sequence_47670,97.0,658.8571
sequence_47701,63.0,sequence_47665,50.0,637.5128
sequence_47701,63.0,sequence_47661,52.0,647.1665
sequence_47701,63.0,sequence_47667,86.0,524.7008000000001
sequence_47701,63.0,sequence_47726,120.0,773.0772999999999
sequence_47701,63.0,sequence_47734,110.0,763.4236
sequence_47701,63.0,sequence_47811,24.0,865.9789
sequence_47701,63.0,sequence_47662,28.0,833.7239999999999
sequence_47701,63.0,sequence_47731,32.0,736.2893
sequence_47701,63.0,sequence_47733,25.0,636.2147
sequence_47701,63.0,sequence_47732,30.0,752.7048
sequence_47701,63.0,sequence_47755,100.0,524.7352000000001
sequence_47701,63.0,sequence_47746,94.0,665.9201
sequence_47701,63.0,sequence_47754,70.0,624.8098
sequence_47701,63.0,sequence_47753,74.0,522.6983
sequence_47701,63.0,sequence_47740,158.0,584.7987
sequence_47701,63.0,sequence_47742,108.0,524.147
sequence_47701,63.0,sequence_47715,101.0,497.8333
sequence_47701,63.0,sequence_47718,81.0,503.58269999999993
sequence_47701,63.0,sequence_47717,66.0,634.9221
sequence_47701,63.0,sequence_47720,80.0,763.1028
sequence_47701,63.0,sequence_47716,84.0,575.8512
sequence_47701,63.0,sequence_47719,66.0,746.6872999999999
sequence_47701,63.0,sequence_47723,69.0,485.0594
sequence_47701,63.0,sequence_47722,75.0,491.70029999999997
sequence_47701,63.0,sequence_47674,38.0,440.7806
sequence_47701,63.0,sequence_47676,56.0,445.75
sequence_47701,63.0,sequence_47711,57.0,451.5039
sequence_47701,63.0,sequence_47739,35.0,512.2646
sequence_47701,63.0,sequence_47735,55.0,495.7255
sequence_47701,63.0,sequence_47793,16.0,664.0559000000001
sequence_47701,63.0,sequence_47801,4.0,645.0481
sequence_47701,63.0,sequence_47805,22.0,663.1623999999999
sequence_47701,63.0,sequence_47802,4.0,650.7975
sequence_47701,63.0,sequence_47794,18.0,670.6988
sequence_47701,63.0,sequence_47728,12.0,607.9373
sequence_47701,63.0,sequence_47808,4.0,646.2955000000001
sequence_47701,63.0,sequence_47792,12.0,697.976
sequence_47701,63.0,sequence_47791,4.0,612.0215000000001
sequence_47701,63.0,sequence_47788,5.0,651.691
sequence_47701,63.0,sequence_47729,34.0,659.9717
sequence_47701,63.0,sequence_47809,10.0,698.3299
sequence_47701,63.0,sequence_47737,27.0,660.3256
sequence_47701,63.0,sequence_47810,5.57,628.9145000000001
sequence_47701,63.0,sequence_47766,4.19,634.1305000000001
sequence_47701,63.0,sequence_47736,19.0,608.2912
sequence_47706,77.0,sequence_47787,5.0,514.6022
sequence_47706,77.0,sequence_47684,23.0,426.97630000000004
sequence_47706,77.0,sequence_47789,10.0,525.3209999999999
sequence_47706,77.0,sequence_47790,9.0,572.0854999999999
sequence_47706,77.0,sequence_47781,12.0,435.2632
sequence_47706,77.0,sequence_47777,11.0,429.322
sequence_47706,77.0,sequence_47779,11.0,441.2044
sequence_47706,77.0,sequence_47784,21.0,563.4439
sequence_47706,77.0,sequence_47786,18.0,507.3399
sequence_47706,77.0,sequence_47782,17.0,519.2223
sequence_47706,77.0,sequence_47772,12.0,476.5979
sequence_47706,77.0,sequence_47795,7.0,604.7786
sequence_47706,77.0,sequence_47776,9.0,333.5679
sequence_47706,77.0,sequence_47685,24.0,432.72569999999996
sequence_47706,77.0,sequence_47679,44.0,341.6961
sequence_47706,77.0,sequence_47695,52.0,426.0828
sequence_47706,77.0,sequence_47710,43.0,439.8124
sequence_47706,77.0,sequence_47686,22.0,437.69509999999997
sequence_47706,77.0,sequence_47778,26.0,440.0408
sequence_47706,77.0,sequence_47780,23.0,451.92319999999995
sequence_47706,77.0,sequence_47785,25.0,483.0928
sequence_47706,77.0,sequence_47803,12.0,524.4275
sequence_47706,77.0,sequence_47663,36.0,548.082
sequence_47706,77.0,sequence_47757,36.0,542.3326
sequence_47706,77.0,sequence_47783,24.5,717.7465
sequence_47706,77.0,sequence_47796,20.0,537.1302000000001
sequence_47706,77.0,sequence_47750,25.0,455.48660000000007
sequence_47706,77.0,sequence_47760,26.0,581.9775
sequence_47706,77.0,sequence_47773,19.0,487.31669999999997
sequence_47706,77.0,sequence_47768,17.0,391.3177
sequence_47706,77.0,sequence_47771,18.0,460.49159999999995
sequence_47706,77.0,sequence_47681,44.0,347.4455
sequence_47706,77.0,sequence_47696,47.0,431.83219999999994
sequence_47706,77.0,sequence_47680,73.0,192.7249
sequence_47706,77.0,sequence_47673,65.5,303.6918
sequence_47706,77.0,sequence_47700,65.0,303.6918
sequence_47706,77.0,sequence_47689,52.0,474.92449999999997
sequence_47706,77.0,sequence_47683,75.0,501.3861
sequence_47706,77.0,sequence_47697,55.5,436.80159999999995
sequence_47706,77.0,sequence_47678,37.0,399.69079999999997
sequence_47706,77.0,sequence_47682,53.0,352.4149
sequence_47706,77.0,sequence_47724,48.0,385.9749
sequence_47706,77.0,sequence_47806,73.0,402.0365
sequence_47706,77.0,sequence_47807,42.0,556.7571
sequence_47706,77.0,sequence_47804,23.0,444.89669999999995
sequence_47706,77.0,sequence_47800,20.0,445.08849999999995
sequence_47706,77.0,sequence_47799,24.0,451.02969999999993
sequence_47706,77.0,sequence_47664,32.0,553.8314
sequence_47706,77.0,sequence_47666,69.0,653.1077
sequence_47706,77.0,sequence_47671,36.0,523.8072999999999
sequence_47706,77.0,sequence_47727,45.0,679.7421999999999
sequence_47706,77.0,sequence_47756,37.0,696.6351999999999
sequence_47706,77.0,sequence_47775,23.0,536.7121999999999
sequence_47706,77.0,sequence_47730,35.0,499.1259
sequence_47706,77.0,sequence_47758,22.0,516.0189
sequence_47706,77.0,sequence_47797,27.0,659.3697
sequence_47706,77.0,sequence_47798,23.0,563.4439
sequence_47706,77.0,sequence_47751,34.0,461.236
sequence_47706,77.0,sequence_47741,102.0,382.08880000000005
sequence_47706,77.0,sequence_47743,63.0,519.1776
sequence_47706,77.0,sequence_47752,67.0,454.16100000000006
sequence_47706,77.0,sequence_47745,83.0,528.8313
sequence_47706,77.0,sequence_47747,72.0,630.9428
sequence_47706,77.0,sequence_47748,79.0,647.3583000000001
sequence_47706,77.0,sequence_47749,81.0,556.2884
sequence_47706,77.0,sequence_47744,69.0,597.3828000000001
sequence_47706,77.0,sequence_47721,40.0,439.8917
sequence_47706,77.0,sequence_47759,36.0,440.7852
sequence_47706,77.0,sequence_47774,21.0,407.78589999999997
sequence_47706,77.0,sequence_47770,25.0,629.2129
sequence_47706,77.0,sequence_47713,51.0,391.5507
sequence_47706,77.0,sequence_47738,55.0,370.20640000000003
sequence_47706,77.0,sequence_47769,25.0,402.0365
sequence_47706,77.0,sequence_47702,69.0,309.4412
sequence_47706,77.0,sequence_47672,76.0,341.5043
sequence_47706,77.0,sequence_47705,71.0,490.4755
sequence_47706,77.0,sequence_47694,51.0,596.9721999999999
sequence_47706,77.0,sequence_47691,40.0,364.18379999999996
sequence_47706,77.0,sequence_47701,63.0,154.7206
sequence_47706,77.0,sequence_47675,57.0,228.48149999999998
sequence_47706,77.0,sequence_47698,56.0,352.30139999999994
sequence_47706,77.0,sequence_47688,90.0,522.5825
sequence_47706,77.0,sequence_47704,98.0,463.3818
sequence_47706,77.0,sequence_47708,111.0,308.6612
sequence_47706,77.0,sequence_47709,119.0,463.3818
sequence_47706,77.0,sequence_47677,103.0,463.3818
sequence_47706,77.0,sequence_47692,87.5,369.15319999999997
sequence_47706,77.0,sequence_47703,95.0,314.4106
sequence_47706,77.0,sequence_47707,79.0,159.69
sequence_47706,77.0,sequence_47762,127.0,430.6201
sequence_47706,77.0,sequence_47765,118.0,573.6501
sequence_47706,77.0,sequence_47767,105.0,385.9749
sequence_47706,77.0,sequence_47812,121.0,418.9295
sequence_47706,77.0,sequence_47761,120.0,424.6789
sequence_47706,77.0,sequence_47764,118.0,440.2738
sequence_47706,77.0,sequence_47763,122.0,358.1688
sequence_47706,77.0,sequence_47699,62.0,357.27079999999995
sequence_47706,77.0,sequence_47687,92.0,441.4217
sequence_47706,77.0,sequence_47693,64.0,500.4926
sequence_47706,77.0,sequence_47690,63.0,485.6433
sequence_47706,77.0,sequence_47712,49.0,363.02469999999994
sequence_47706,77.0,sequence_47714,51.0,445.12969999999996
sequence_47706,77.0,sequence_47725,57.0,390.83079999999995
sequence_47706,77.0,sequence_47669,32.0,641.3218999999999
sequence_47706,77.0,sequence_47668,48.0,604.2111
sequence_47706,77.0,sequence_47670,97.0,504.13649999999996
sequence_47706,77.0,sequence_47665,50.0,525.4808
sequence_47706,77.0,sequence_47661,52.0,515.8271
sequence_47706,77.0,sequence_47667,86.0,679.4214
sequence_47706,77.0,sequence_47726,120.0,641.7379
sequence_47706,77.0,sequence_47734,110.0,651.3915999999999
sequence_47706,77.0,sequence_47811,24.0,734.6395
sequence_47706,77.0,sequence_47662,28.0,702.3846
sequence_47706,77.0,sequence_47731,32.0,604.9499000000001
sequence_47706,77.0,sequence_47733,25.0,504.8753
sequence_47706,77.0,sequence_47732,30.0,621.3653999999999
sequence_47706,77.0,sequence_47755,100.0,393.3958
sequence_47706,77.0,sequence_47746,94.0,534.5807
sequence_47706,77.0,sequence_47754,70.0,493.4704
sequence_47706,77.0,sequence_47753,74.0,391.3589
sequence_47706,77.0,sequence_47740,158.0,453.4593
sequence_47706,77.0,sequence_47742,108.0,392.8076
sequence_47706,77.0,sequence_47715,101.0,366.4939
sequence_47706,77.0,sequence_47718,81.0,372.2433
sequence_47706,77.0,sequence_47717,66.0,503.58270000000005
sequence_47706,77.0,sequence_47720,80.0,631.7634
sequence_47706,77.0,sequence_47716,84.0,444.5118
sequence_47706,77.0,sequence_47719,66.0,615.3479
sequence_47706,77.0,sequence_47723,69.0,353.71999999999997
sequence_47706,77.0,sequence_47722,75.0,360.3609
sequence_47706,77.0,sequence_47674,38.0,309.4412
sequence_47706,77.0,sequence_47676,56.0,314.4106
sequence_47706,77.0,sequence_47711,57.0,320.1645
sequence_47706,77.0,sequence_47739,35.0,380.9252
sequence_47706,77.0,sequence_47735,55.0,364.3861
sequence_47706,77.0,sequence_47793,16.0,532.7165
sequence_47706,77.0,sequence_47801,4.0,513.7087
sequence_47706,77.0,sequence_47805,22.0,531.823
sequence_47706,77.0,sequence_47802,4.0,519.4581
sequence_47706,77.0,sequence_47794,18.0,539.3594
sequence_47706,77.0,sequence_47728,12.0,476.5979
sequence_47706,77.0,sequence_47808,4.0,514.9561
sequence_47706,77.0,sequence_47792,12.0,566.6366
sequence_47706,77.0,sequence_47791,4.0,480.6821
sequence_47706,77.0,sequence_47788,5.0,520.3516
sequence_47706,77.0,sequence_47729,34.0,528.6323
sequence_47706,77.0,sequence_47809,10.0,566.9905
sequence_47706,77.0,sequence_47737,27.0,528.9862
sequence_47706,77.0,sequence_47810,5.57,497.5751
sequence_47706,77.0,sequence_47766,4.19,502.79110000000003
sequence_47706,77.0,sequence_47736,19.0,476.95180000000005
sequence_47675,57.0,sequence_47787,5.0,433.6425
sequence_47675,57.0,sequence_47684,23.0,346.0166
sequence_47675,57.0,sequence_47789,10.0,444.36129999999997
sequence_47675,57.0,sequence_47790,9.0,491.12579999999997
sequence_47675,57.0,sequence_47781,12.0,354.3035
sequence_47675,57.0,sequence_47777,11.0,348.3623
sequence_47675,57.0,sequence_47779,11.0,360.2447
sequence_47675,57.0,sequence_47784,21.0,482.48420000000004
sequence_47675,57.0,sequence_47786,18.0,426.3802
sequence_47675,57.0,sequence_47782,17.0,438.2626
sequence_47675,57.0,sequence_47772,12.0,395.6382
sequence_47675,57.0,sequence_47795,7.0,523.8189
sequence_47675,57.0,sequence_47776,9.0,538.6682
sequence_47675,57.0,sequence_47685,24.0,351.766
sequence_47675,57.0,sequence_47679,44.0,260.7364
sequence_47675,57.0,sequence_47695,52.0,345.12309999999997
sequence_47675,57.0,sequence_47710,43.0,382.23389999999995
sequence_47675,57.0,sequence_47686,22.0,356.73539999999997
sequence_47675,57.0,sequence_47778,26.0,359.0811
sequence_47675,57.0,sequence_47780,23.0,370.9635
sequence_47675,57.0,sequence_47785,25.0,402.1331
sequence_47675,57.0,sequence_47803,12.0,443.46779999999995
sequence_47675,57.0,sequence_47663,36.0,467.12230000000005
sequence_47675,57.0,sequence_47757,36.0,461.3729000000001
sequence_47675,57.0,sequence_47783,24.5,636.7868
sequence_47675,57.0,sequence_47796,20.0,456.17050000000006
sequence_47675,57.0,sequence_47750,25.0,374.52689999999996
sequence_47675,57.0,sequence_47760,26.0,501.01779999999997
sequence_47675,57.0,sequence_47773,19.0,406.35699999999997
sequence_47675,57.0,sequence_47768,17.0,310.358
sequence_47675,57.0,sequence_47771,18.0,379.53189999999995
sequence_47675,57.0,sequence_47681,44.0,266.4858
sequence_47675,57.0,sequence_47696,47.0,350.8725
sequence_47675,57.0,sequence_47680,73.0,111.7652
sequence_47675,57.0,sequence_47673,65.5,222.7321
sequence_47675,57.0,sequence_47700,65.0,508.7921
sequence_47675,57.0,sequence_47689,52.0,393.9648
sequence_47675,57.0,sequence_47683,75.0,420.4264
sequence_47675,57.0,sequence_47697,55.5,355.84189999999995
sequence_47675,57.0,sequence_47678,37.0,318.73109999999997
sequence_47675,57.0,sequence_47682,53.0,271.4552
sequence_47675,57.0,sequence_47724,48.0,305.0152
sequence_47675,57.0,sequence_47806,73.0,607.1368
sequence_47675,57.0,sequence_47807,42.0,475.7974
sequence_47675,57.0,sequence_47804,23.0,363.93699999999995
sequence_47675,57.0,sequence_47800,20.0,364.1288
sequence_47675,57.0,sequence_47799,24.0,370.07
sequence_47675,57.0,sequence_47664,32.0,472.8717
sequence_47675,57.0,sequence_47666,69.0,572.148
sequence_47675,57.0,sequence_47671,36.0,466.22880000000004
sequence_47675,57.0,sequence_47727,45.0,598.7825
sequence_47675,57.0,sequence_47756,37.0,615.6754999999999
sequence_47675,57.0,sequence_47775,23.0,741.8125
sequence_47675,57.0,sequence_47730,35.0,418.16620000000006
sequence_47675,57.0,sequence_47758,22.0,435.05920000000003
sequence_47675,57.0,sequence_47797,27.0,578.41
sequence_47675,57.0,sequence_47798,23.0,482.48420000000004
sequence_47675,57.0,sequence_47751,34.0,380.2763
sequence_47675,57.0,sequence_47741,102.0,301.1291
sequence_47675,57.0,sequence_47743,63.0,438.2179
sequence_47675,57.0,sequence_47752,67.0,373.20129999999995
sequence_47675,57.0,sequence_47745,83.0,447.87159999999994
sequence_47675,57.0,sequence_47747,72.0,549.9831
sequence_47675,57.0,sequence_47748,79.0,566.3986
sequence_47675,57.0,sequence_47749,81.0,475.3287
sequence_47675,57.0,sequence_47744,69.0,516.4231
sequence_47675,57.0,sequence_47721,40.0,358.93199999999996
sequence_47675,57.0,sequence_47759,36.0,359.8255
sequence_47675,57.0,sequence_47774,21.0,326.8262
sequence_47675,57.0,sequence_47770,25.0,548.2532
sequence_47675,57.0,sequence_47713,51.0,310.591
sequence_47675,57.0,sequence_47738,55.0,289.24670000000003
sequence_47675,57.0,sequence_47769,25.0,321.0768
sequence_47675,57.0,sequence_47702,69.0,514.5415
sequence_47675,57.0,sequence_47672,76.0,272.42699999999996
sequence_47675,57.0,sequence_47705,71.0,409.5158
sequence_47675,57.0,sequence_47694,51.0,516.0125
sequence_47675,57.0,sequence_47691,40.0,283.22409999999996
sequence_47675,57.0,sequence_47701,63.0,359.8209
sequence_47675,57.0,sequence_47706,77.0,228.48149999999998
sequence_47675,57.0,sequence_47698,56.0,271.34169999999995
sequence_47675,57.0,sequence_47688,90.0,441.6228
sequence_47675,57.0,sequence_47704,98.0,668.4821
sequence_47675,57.0,sequence_47708,111.0,537.1427
sequence_47675,57.0,sequence_47709,119.0,405.8033
sequence_47675,57.0,sequence_47677,103.0,382.4221
sequence_47675,57.0,sequence_47692,87.5,288.1935
sequence_47675,57.0,sequence_47703,95.0,519.5109
sequence_47675,57.0,sequence_47707,79.0,388.1715
sequence_47675,57.0,sequence_47762,127.0,635.7204
sequence_47675,57.0,sequence_47765,118.0,778.7504000000001
sequence_47675,57.0,sequence_47767,105.0,591.0752
sequence_47675,57.0,sequence_47812,121.0,624.0298
sequence_47675,57.0,sequence_47761,120.0,629.7792
sequence_47675,57.0,sequence_47764,118.0,645.3741
sequence_47675,57.0,sequence_47763,122.0,563.2691
sequence_47675,57.0,sequence_47699,62.0,276.31109999999995
sequence_47675,57.0,sequence_47687,92.0,360.462
sequence_47675,57.0,sequence_47693,64.0,419.5329
sequence_47675,57.0,sequence_47690,63.0,404.6836
sequence_47675,57.0,sequence_47712,49.0,282.06499999999994
sequence_47675,57.0,sequence_47714,51.0,364.16999999999996
sequence_47675,57.0,sequence_47725,57.0,309.87109999999996
sequence_47675,57.0,sequence_47669,32.0,583.7434
sequence_47675,57.0,sequence_47668,48.0,546.6325999999999
sequence_47675,57.0,sequence_47670,97.0,446.558
sequence_47675,57.0,sequence_47665,50.0,444.5211
sequence_47675,57.0,sequence_47661,52.0,434.8674
sequence_47675,57.0,sequence_47667,86.0,598.4617000000001
sequence_47675,57.0,sequence_47726,120.0,560.7782
sequence_47675,57.0,sequence_47734,110.0,570.4318999999999
sequence_47675,57.0,sequence_47811,24.0,653.6798
sequence_47675,57.0,sequence_47662,28.0,621.4249
sequence_47675,57.0,sequence_47731,32.0,523.9902
sequence_47675,57.0,sequence_47733,25.0,423.9156
sequence_47675,57.0,sequence_47732,30.0,540.4056999999999
sequence_47675,57.0,sequence_47755,100.0,312.4361
sequence_47675,57.0,sequence_47746,94.0,453.621
sequence_47675,57.0,sequence_47754,70.0,412.51069999999993
sequence_47675,57.0,sequence_47753,74.0,310.39919999999995
sequence_47675,57.0,sequence_47740,158.0,292.0978
sequence_47675,57.0,sequence_47742,108.0,311.8479
sequence_47675,57.0,sequence_47715,101.0,285.5342
sequence_47675,57.0,sequence_47718,81.0,291.2836
sequence_47675,57.0,sequence_47717,66.0,422.623
sequence_47675,57.0,sequence_47720,80.0,550.8037
sequence_47675,57.0,sequence_47716,84.0,363.5521
sequence_47675,57.0,sequence_47719,66.0,534.3882
sequence_47675,57.0,sequence_47723,69.0,272.7603
sequence_47675,57.0,sequence_47722,75.0,279.40119999999996
sequence_47675,57.0,sequence_47674,38.0,228.48149999999998
sequence_47675,57.0,sequence_47676,56.0,233.4509
sequence_47675,57.0,sequence_47711,57.0,239.20479999999998
sequence_47675,57.0,sequence_47739,35.0,299.9655
sequence_47675,57.0,sequence_47735,55.0,283.4264
sequence_47675,57.0,sequence_47793,16.0,451.7568
sequence_47675,57.0,sequence_47801,4.0,432.74899999999997
sequence_47675,57.0,sequence_47805,22.0,450.8633
sequence_47675,57.0,sequence_47802,4.0,438.4984
sequence_47675,57.0,sequence_47794,18.0,458.3997
sequence_47675,57.0,sequence_47728,12.0,395.6382
sequence_47675,57.0,sequence_47808,4.0,433.9964
sequence_47675,57.0,sequence_47792,12.0,485.6769
sequence_47675,57.0,sequence_47791,4.0,399.7224
sequence_47675,57.0,sequence_47788,5.0,439.3919
sequence_47675,57.0,sequence_47729,34.0,447.6726
sequence_47675,57.0,sequence_47809,10.0,486.0308
sequence_47675,57.0,sequence_47737,27.0,448.0265
sequence_47675,57.0,sequence_47810,5.57,416.6154
sequence_47675,57.0,sequence_47766,4.19,421.8314
sequence_47675,57.0,sequence_47736,19.0,395.9921
sequence_47698,56.0,sequence_47787,5.0,173.7996
sequence_47698,56.0,sequence_47684,23.0,86.17370000000001
sequence_47698,56.0,sequence_47789,10.0,215.70819999999998
sequence_47698,56.0,sequence_47790,9.0,219.78410000000002
sequence_47698,56.0,sequence_47781,12.0,105.9594
sequence_47698,56.0,sequence_47777,11.0,100.01820000000001
sequence_47698,56.0,sequence_47779,11.0,111.90060000000001
sequence_47698,56.0,sequence_47784,21.0,234.14010000000002
sequence_47698,56.0,sequence_47786,18.0,166.53730000000002
sequence_47698,56.0,sequence_47782,17.0,189.9185
sequence_47698,56.0,sequence_47772,12.0,210.01690000000002
sequence_47698,56.0,sequence_47795,7.0,263.976
sequence_47698,56.0,sequence_47776,9.0,353.04690000000005
sequence_47698,56.0,sequence_47685,24.0,80.4243
sequence_47698,56.0,sequence_47679,44.0,12.392299999999999
sequence_47698,56.0,sequence_47695,52.0,85.28020000000001
sequence_47698,56.0,sequence_47710,43.0,122.391
sequence_47698,56.0,sequence_47686,22.0,128.08229999999998
sequence_47698,56.0,sequence_47778,26.0,141.92680000000001
sequence_47698,56.0,sequence_47780,23.0,153.8092
sequence_47698,56.0,sequence_47785,25.0,184.97879999999998
sequence_47698,56.0,sequence_47803,12.0,214.8147
sequence_47698,56.0,sequence_47663,36.0,218.77820000000003
sequence_47698,56.0,sequence_47757,36.0,213.0288
sequence_47698,56.0,sequence_47783,24.5,376.94390000000004
sequence_47698,56.0,sequence_47796,20.0,258.66679999999997
sequence_47698,56.0,sequence_47750,25.0,188.9056
sequence_47698,56.0,sequence_47760,26.0,315.3965
sequence_47698,56.0,sequence_47773,19.0,251.9255
sequence_47698,56.0,sequence_47768,17.0,136.2355
sequence_47698,56.0,sequence_47771,18.0,193.9106
sequence_47698,56.0,sequence_47681,44.0,6.642899999999999
sequence_47698,56.0,sequence_47696,47.0,79.5308
sequence_47698,56.0,sequence_47680,73.0,161.3635
sequence_47698,56.0,sequence_47673,65.5,48.6096
sequence_47698,56.0,sequence_47700,65.0,334.6696
sequence_47698,56.0,sequence_47689,52.0,145.6207
sequence_47698,56.0,sequence_47683,75.0,203.27209999999997
sequence_47698,56.0,sequence_47697,55.5,127.18879999999999
sequence_47698,56.0,sequence_47678,37.0,164.2996
sequence_47698,56.0,sequence_47682,53.0,54.3009
sequence_47698,56.0,sequence_47724,48.0,87.86089999999999
sequence_47698,56.0,sequence_47806,73.0,464.2041
sequence_47698,56.0,sequence_47807,42.0,309.4835
sequence_47698,56.0,sequence_47804,23.0,135.2839
sequence_47698,56.0,sequence_47800,20.0,146.9745
sequence_47698,56.0,sequence_47799,24.0,152.91570000000002
sequence_47698,56.0,sequence_47664,32.0,213.0288
sequence_47698,56.0,sequence_47666,69.0,398.0255
sequence_47698,56.0,sequence_47671,36.0,292.10630000000003
sequence_47698,56.0,sequence_47727,45.0,338.93960000000004
sequence_47698,56.0,sequence_47756,37.0,355.8326
sequence_47698,56.0,sequence_47775,23.0,556.1912
sequence_47698,56.0,sequence_47730,35.0,220.6625
sequence_47698,56.0,sequence_47758,22.0,237.5555
sequence_47698,56.0,sequence_47797,27.0,369.4075
sequence_47698,56.0,sequence_47798,23.0,284.9805
sequence_47698,56.0,sequence_47751,34.0,183.1562
sequence_47698,56.0,sequence_47741,102.0,127.0066
sequence_47698,56.0,sequence_47743,63.0,264.0954
sequence_47698,56.0,sequence_47752,67.0,187.57999999999998
sequence_47698,56.0,sequence_47745,83.0,273.7491
sequence_47698,56.0,sequence_47747,72.0,375.8606
sequence_47698,56.0,sequence_47748,79.0,392.27610000000004
sequence_47698,56.0,sequence_47749,81.0,301.20619999999997
sequence_47698,56.0,sequence_47744,69.0,342.3006
sequence_47698,56.0,sequence_47721,40.0,204.5005
sequence_47698,56.0,sequence_47759,36.0,205.394
sequence_47698,56.0,sequence_47774,21.0,172.3947
sequence_47698,56.0,sequence_47770,25.0,405.3205
sequence_47698,56.0,sequence_47713,51.0,136.4685
sequence_47698,56.0,sequence_47738,55.0,115.1242
sequence_47698,56.0,sequence_47769,25.0,178.14409999999998
sequence_47698,56.0,sequence_47702,69.0,328.92019999999997
sequence_47698,56.0,sequence_47672,76.0,12.584100000000001
sequence_47698,56.0,sequence_47705,71.0,149.6729
sequence_47698,56.0,sequence_47694,51.0,244.6708
sequence_47698,56.0,sequence_47691,40.0,23.381200000000003
sequence_47698,56.0,sequence_47701,63.0,483.6408
sequence_47698,56.0,sequence_47706,77.0,352.30139999999994
sequence_47698,56.0,sequence_47675,57.0,271.34169999999995
sequence_47698,56.0,sequence_47688,90.0,193.27870000000001
sequence_47698,56.0,sequence_47704,98.0,525.5494
sequence_47698,56.0,sequence_47708,111.0,394.2099999999999
sequence_47698,56.0,sequence_47709,119.0,239.4894
sequence_47698,56.0,sequence_47677,103.0,239.4894
sequence_47698,56.0,sequence_47692,87.5,71.0392
sequence_47698,56.0,sequence_47703,95.0,376.5782
sequence_47698,56.0,sequence_47707,79.0,245.23879999999997
sequence_47698,56.0,sequence_47762,127.0,492.7877
sequence_47698,56.0,sequence_47765,118.0,635.8177000000001
sequence_47698,56.0,sequence_47767,105.0,448.1425
sequence_47698,56.0,sequence_47812,121.0,481.09709999999995
sequence_47698,56.0,sequence_47761,120.0,486.8465
sequence_47698,56.0,sequence_47764,118.0,502.4414
sequence_47698,56.0,sequence_47763,122.0,420.33639999999997
sequence_47698,56.0,sequence_47699,62.0,47.657999999999994
sequence_47698,56.0,sequence_47687,92.0,143.3077
sequence_47698,56.0,sequence_47693,64.0,202.37859999999998
sequence_47698,56.0,sequence_47690,63.0,187.5293
sequence_47698,56.0,sequence_47712,49.0,53.41189999999999
sequence_47698,56.0,sequence_47714,51.0,135.5169
sequence_47698,56.0,sequence_47725,57.0,81.21799999999999
sequence_47698,56.0,sequence_47669,32.0,323.90049999999997
sequence_47698,56.0,sequence_47668,48.0,361.0113
sequence_47698,56.0,sequence_47670,97.0,260.9367
sequence_47698,56.0,sequence_47665,50.0,258.8998
sequence_47698,56.0,sequence_47661,52.0,249.2461
sequence_47698,56.0,sequence_47667,86.0,424.3392
sequence_47698,56.0,sequence_47726,120.0,375.1569
sequence_47698,56.0,sequence_47734,110.0,384.8106
sequence_47698,56.0,sequence_47811,24.0,393.8369
sequence_47698,56.0,sequence_47662,28.0,361.58200000000005
sequence_47698,56.0,sequence_47731,32.0,314.9877
sequence_47698,56.0,sequence_47733,25.0,214.9131
sequence_47698,56.0,sequence_47732,30.0,331.40319999999997
sequence_47698,56.0,sequence_47755,100.0,115.316
sequence_47698,56.0,sequence_47746,94.0,267.99969999999996
sequence_47698,56.0,sequence_47754,70.0,215.3906
sequence_47698,56.0,sequence_47753,74.0,113.2791
sequence_47698,56.0,sequence_47740,158.0,186.87830000000002
sequence_47698,56.0,sequence_47742,108.0,168.9152
sequence_47698,56.0,sequence_47715,101.0,142.6015
sequence_47698,56.0,sequence_47718,81.0,148.3509
sequence_47698,56.0,sequence_47717,66.0,279.6903
sequence_47698,56.0,sequence_47720,80.0,407.871
sequence_47698,56.0,sequence_47716,84.0,220.6194
sequence_47698,56.0,sequence_47719,66.0,391.4554999999999
sequence_47698,56.0,sequence_47723,69.0,118.32879999999997
sequence_47698,56.0,sequence_47722,75.0,124.96969999999999
sequence_47698,56.0,sequence_47674,38.0,42.8602
sequence_47698,56.0,sequence_47676,56.0,90.5182
sequence_47698,56.0,sequence_47711,57.0,96.2721
sequence_47698,56.0,sequence_47739,35.0,157.0328
sequence_47698,56.0,sequence_47735,55.0,140.4937
sequence_47698,56.0,sequence_47793,16.0,191.9139
sequence_47698,56.0,sequence_47801,4.0,172.9061
sequence_47698,56.0,sequence_47805,22.0,191.0204
sequence_47698,56.0,sequence_47802,4.0,167.1567
sequence_47698,56.0,sequence_47794,18.0,187.05800000000002
sequence_47698,56.0,sequence_47728,12.0,135.7953
sequence_47698,56.0,sequence_47808,4.0,174.1535
sequence_47698,56.0,sequence_47792,12.0,225.834
sequence_47698,56.0,sequence_47791,4.0,139.8795
sequence_47698,56.0,sequence_47788,5.0,168.05020000000002
sequence_47698,56.0,sequence_47729,34.0,187.8297
sequence_47698,56.0,sequence_47809,10.0,226.1879
sequence_47698,56.0,sequence_47737,27.0,188.1836
sequence_47698,56.0,sequence_47810,5.57,156.7725
sequence_47698,56.0,sequence_47766,4.19,161.98850000000002
sequence_47698,56.0,sequence_47736,19.0,136.1492
sequence_47688,90.0,sequence_47787,5.0,264.35810000000004
sequence_47688,90.0,sequence_47684,23.0,176.7322
sequence_47688,90.0,sequence_47789,10.0,253.6393
sequence_47688,90.0,sequence_47790,9.0,269.214
sequence_47688,90.0,sequence_47781,12.0,264.35810000000004
sequence_47688,90.0,sequence_47777,11.0,270.2993
sequence_47688,90.0,sequence_47779,11.0,258.4169
sequence_47688,90.0,sequence_47784,21.0,136.1774
sequence_47688,90.0,sequence_47786,18.0,348.3172
sequence_47688,90.0,sequence_47782,17.0,180.399
sequence_47688,90.0,sequence_47772,12.0,300.5754
sequence_47688,90.0,sequence_47795,7.0,354.53450000000004
sequence_47688,90.0,sequence_47776,9.0,443.60540000000003
sequence_47688,90.0,sequence_47685,24.0,182.4816
sequence_47688,90.0,sequence_47679,44.0,182.6734
sequence_47688,90.0,sequence_47695,52.0,175.83870000000002
sequence_47688,90.0,sequence_47710,43.0,212.9495
sequence_47688,90.0,sequence_47686,22.0,166.0134
sequence_47688,90.0,sequence_47778,26.0,259.58050000000003
sequence_47688,90.0,sequence_47780,23.0,247.6981
sequence_47688,90.0,sequence_47785,25.0,216.5285
sequence_47688,90.0,sequence_47803,12.0,252.7458
sequence_47688,90.0,sequence_47663,36.0,120.81550000000001
sequence_47688,90.0,sequence_47757,36.0,115.0661
sequence_47688,90.0,sequence_47783,24.5,226.35380000000004
sequence_47688,90.0,sequence_47796,20.0,160.70409999999998
sequence_47688,90.0,sequence_47750,25.0,279.46410000000003
sequence_47688,90.0,sequence_47760,26.0,405.95500000000004
sequence_47688,90.0,sequence_47773,19.0,289.8566
sequence_47688,90.0,sequence_47768,17.0,306.5166
sequence_47688,90.0,sequence_47771,18.0,301.4689
sequence_47688,90.0,sequence_47681,44.0,188.4228
sequence_47688,90.0,sequence_47696,47.0,181.5881
sequence_47688,90.0,sequence_47680,73.0,331.6446
sequence_47688,90.0,sequence_47673,65.5,218.89069999999998
sequence_47688,90.0,sequence_47700,65.0,504.9507
sequence_47688,90.0,sequence_47689,52.0,47.658
sequence_47688,90.0,sequence_47683,75.0,309.0434
sequence_47688,90.0,sequence_47697,55.5,165.1199
sequence_47688,90.0,sequence_47678,37.0,202.2307
sequence_47688,90.0,sequence_47682,53.0,171.9546
sequence_47688,90.0,sequence_47724,48.0,205.5146
sequence_47688,90.0,sequence_47806,73.0,581.8578
sequence_47688,90.0,sequence_47807,42.0,427.1372
sequence_47688,90.0,sequence_47804,23.0,264.4364
sequence_47688,90.0,sequence_47800,20.0,252.7458
sequence_47688,90.0,sequence_47799,24.0,246.80460000000002
sequence_47688,90.0,sequence_47664,32.0,126.56490000000002
sequence_47688,90.0,sequence_47666,69.0,300.06280000000004
sequence_47688,90.0,sequence_47671,36.0,194.1436
sequence_47688,90.0,sequence_47727,45.0,188.34950000000003
sequence_47688,90.0,sequence_47756,37.0,205.2425
sequence_47688,90.0,sequence_47775,23.0,405.60110000000003
sequence_47688,90.0,sequence_47730,35.0,122.6998
sequence_47688,90.0,sequence_47758,22.0,139.5928
sequence_47688,90.0,sequence_47797,27.0,282.9436
sequence_47688,90.0,sequence_47798,23.0,134.3904
sequence_47688,90.0,sequence_47751,34.0,285.2135
sequence_47688,90.0,sequence_47741,102.0,273.5229
sequence_47688,90.0,sequence_47743,63.0,422.4941
sequence_47688,90.0,sequence_47752,67.0,212.9495
sequence_47688,90.0,sequence_47745,83.0,432.1478
sequence_47688,90.0,sequence_47747,72.0,310.7289
sequence_47688,90.0,sequence_47748,79.0,294.3134
sequence_47688,90.0,sequence_47749,81.0,385.3833
sequence_47688,90.0,sequence_47744,69.0,344.2889
sequence_47688,90.0,sequence_47721,40.0,242.4316
sequence_47688,90.0,sequence_47759,36.0,243.32510000000002
sequence_47688,90.0,sequence_47774,21.0,301.5472
sequence_47688,90.0,sequence_47770,25.0,354.6814
sequence_47688,90.0,sequence_47713,51.0,306.7496
sequence_47688,90.0,sequence_47738,55.0,285.4053
sequence_47688,90.0,sequence_47769,25.0,295.7978
sequence_47688,90.0,sequence_47702,69.0,510.7001
sequence_47688,90.0,sequence_47672,76.0,194.364
sequence_47688,90.0,sequence_47705,71.0,331.4528
sequence_47688,90.0,sequence_47694,51.0,181.58810000000003
sequence_47688,90.0,sequence_47691,40.0,169.8975
sequence_47688,90.0,sequence_47701,63.0,653.9219
sequence_47688,90.0,sequence_47706,77.0,522.5825
sequence_47688,90.0,sequence_47675,57.0,441.6228
sequence_47688,90.0,sequence_47698,56.0,193.27870000000001
sequence_47688,90.0,sequence_47704,98.0,631.3207
sequence_47688,90.0,sequence_47708,111.0,499.9813
sequence_47688,90.0,sequence_47709,119.0,345.2607
sequence_47688,90.0,sequence_47677,103.0,345.2607
sequence_47688,90.0,sequence_47692,87.5,153.4293
sequence_47688,90.0,sequence_47703,95.0,494.2319
sequence_47688,90.0,sequence_47707,79.0,362.8925
sequence_47688,90.0,sequence_47762,127.0,610.4413999999999
sequence_47688,90.0,sequence_47765,118.0,753.4714
sequence_47688,90.0,sequence_47767,105.0,565.7962
sequence_47688,90.0,sequence_47812,121.0,598.7508
sequence_47688,90.0,sequence_47761,120.0,604.5002
sequence_47688,90.0,sequence_47764,118.0,620.0951
sequence_47688,90.0,sequence_47763,122.0,537.9901
sequence_47688,90.0,sequence_47699,62.0,176.8105
sequence_47688,90.0,sequence_47687,92.0,81.1608
sequence_47688,90.0,sequence_47693,64.0,308.1499
sequence_47688,90.0,sequence_47690,63.0,36.9392
sequence_47688,90.0,sequence_47712,49.0,182.56439999999998
sequence_47688,90.0,sequence_47714,51.0,264.6694
sequence_47688,90.0,sequence_47725,57.0,210.3705
sequence_47688,90.0,sequence_47669,32.0,237.4366
sequence_47688,90.0,sequence_47668,48.0,274.5474
sequence_47688,90.0,sequence_47670,97.0,174.4728
sequence_47688,90.0,sequence_47665,50.0,172.4359
sequence_47688,90.0,sequence_47661,52.0,162.78220000000002
sequence_47688,90.0,sequence_47667,86.0,273.7491
sequence_47688,90.0,sequence_47726,120.0,224.5668
sequence_47688,90.0,sequence_47734,110.0,234.22050000000002
sequence_47688,90.0,sequence_47811,24.0,243.2468
sequence_47688,90.0,sequence_47662,28.0,210.99190000000004
sequence_47688,90.0,sequence_47731,32.0,228.5238
sequence_47688,90.0,sequence_47733,25.0,128.4492
sequence_47688,90.0,sequence_47732,30.0,244.9393
sequence_47688,90.0,sequence_47755,100.0,285.2135
sequence_47688,90.0,sequence_47746,94.0,437.8972
sequence_47688,90.0,sequence_47754,70.0,185.13890000000004
sequence_47688,90.0,sequence_47753,74.0,306.55780000000004
sequence_47688,90.0,sequence_47740,158.0,344.8934
sequence_47688,90.0,sequence_47742,108.0,262.8041
sequence_47688,90.0,sequence_47715,101.0,236.49040000000002
sequence_47688,90.0,sequence_47718,81.0,230.741
sequence_47688,90.0,sequence_47717,66.0,385.4616
sequence_47688,90.0,sequence_47720,80.0,257.2809
sequence_47688,90.0,sequence_47716,84.0,158.4725
sequence_47688,90.0,sequence_47719,66.0,273.69640000000004
sequence_47688,90.0,sequence_47723,69.0,247.48129999999998
sequence_47688,90.0,sequence_47722,75.0,254.1222
sequence_47688,90.0,sequence_47674,38.0,224.64010000000002
sequence_47688,90.0,sequence_47676,56.0,208.1719
sequence_47688,90.0,sequence_47711,57.0,213.9258
sequence_47688,90.0,sequence_47739,35.0,274.6865
sequence_47688,90.0,sequence_47735,55.0,258.1474
sequence_47688,90.0,sequence_47793,16.0,350.3126000000001
sequence_47688,90.0,sequence_47801,4.0,263.4646
sequence_47688,90.0,sequence_47805,22.0,349.41910000000007
sequence_47688,90.0,sequence_47802,4.0,269.214
sequence_47688,90.0,sequence_47794,18.0,355.16850000000005
sequence_47688,90.0,sequence_47728,12.0,226.35380000000004
sequence_47688,90.0,sequence_47808,4.0,264.712
sequence_47688,90.0,sequence_47792,12.0,316.39250000000004
sequence_47688,90.0,sequence_47791,4.0,298.2782
sequence_47688,90.0,sequence_47788,5.0,270.1075
sequence_47688,90.0,sequence_47729,34.0,278.38820000000004
sequence_47688,90.0,sequence_47809,10.0,316.7464
sequence_47688,90.0,sequence_47737,27.0,278.74210000000005
sequence_47688,90.0,sequence_47810,5.57,247.33100000000002
sequence_47688,90.0,sequence_47766,4.19,252.54700000000003
sequence_47688,90.0,sequence_47736,19.0,226.70770000000002
sequence_47704,98.0,sequence_47787,5.0,687.8502
sequence_47704,98.0,sequence_47684,23.0,600.2243
sequence_47704,98.0,sequence_47789,10.0,645.9416
sequence_47704,98.0,sequence_47790,9.0,692.7061
sequence_47704,98.0,sequence_47781,12.0,596.6288
sequence_47704,98.0,sequence_47777,11.0,602.5699999999999
sequence_47704,98.0,sequence_47779,11.0,602.57
sequence_47704,98.0,sequence_47784,21.0,724.8095000000001
sequence_47704,98.0,sequence_47786,18.0,680.5879
sequence_47704,98.0,sequence_47782,17.0,680.5879
sequence_47704,98.0,sequence_47772,12.0,649.8459
sequence_47704,98.0,sequence_47795,7.0,778.0265999999999
sequence_47704,98.0,sequence_47776,9.0,506.81589999999994
sequence_47704,98.0,sequence_47685,24.0,605.9737
sequence_47704,98.0,sequence_47679,44.0,514.9440999999999
sequence_47704,98.0,sequence_47695,52.0,599.3308
sequence_47704,98.0,sequence_47710,43.0,636.4415999999999
sequence_47704,98.0,sequence_47686,22.0,558.3157
sequence_47704,98.0,sequence_47778,26.0,560.6614
sequence_47704,98.0,sequence_47780,23.0,560.6614
sequence_47704,98.0,sequence_47785,25.0,591.831
sequence_47704,98.0,sequence_47803,12.0,645.0481
sequence_47704,98.0,sequence_47663,36.0,709.4476
sequence_47704,98.0,sequence_47757,36.0,703.6982
sequence_47704,98.0,sequence_47783,24.5,826.4847
sequence_47704,98.0,sequence_47796,20.0,698.4958
sequence_47704,98.0,sequence_47750,25.0,628.7346
sequence_47704,98.0,sequence_47760,26.0,755.2255
sequence_47704,98.0,sequence_47773,19.0,607.9373
sequence_47704,98.0,sequence_47768,17.0,564.5657
sequence_47704,98.0,sequence_47771,18.0,633.7396
sequence_47704,98.0,sequence_47681,44.0,520.6935
sequence_47704,98.0,sequence_47696,47.0,605.0801999999999
sequence_47704,98.0,sequence_47680,73.0,632.7255
sequence_47704,98.0,sequence_47673,65.5,476.9398
sequence_47704,98.0,sequence_47700,65.0,190.8798
sequence_47704,98.0,sequence_47689,52.0,636.2900999999999
sequence_47704,98.0,sequence_47683,75.0,324.0643
sequence_47704,98.0,sequence_47697,55.5,557.4222
sequence_47704,98.0,sequence_47678,37.0,520.3114
sequence_47704,98.0,sequence_47682,53.0,473.0355
sequence_47704,98.0,sequence_47724,48.0,506.5955
sequence_47704,98.0,sequence_47806,73.0,236.5971
sequence_47704,98.0,sequence_47807,42.0,391.3177
sequence_47704,98.0,sequence_47804,23.0,565.5173
sequence_47704,98.0,sequence_47800,20.0,553.8267
sequence_47704,98.0,sequence_47799,24.0,559.7679
sequence_47704,98.0,sequence_47664,32.0,715.197
sequence_47704,98.0,sequence_47666,69.0,528.4133
sequence_47704,98.0,sequence_47671,36.0,708.5541000000001
sequence_47704,98.0,sequence_47727,45.0,788.4804
sequence_47704,98.0,sequence_47756,37.0,805.3734
sequence_47704,98.0,sequence_47775,23.0,645.4504000000001
sequence_47704,98.0,sequence_47730,35.0,660.4915000000001
sequence_47704,98.0,sequence_47758,22.0,677.3845
sequence_47704,98.0,sequence_47797,27.0,820.7353
sequence_47704,98.0,sequence_47798,23.0,672.1821
sequence_47704,98.0,sequence_47751,34.0,634.4839999999999
sequence_47704,98.0,sequence_47741,102.0,543.4544000000001
sequence_47704,98.0,sequence_47743,63.0,680.5432000000001
sequence_47704,98.0,sequence_47752,67.0,627.409
sequence_47704,98.0,sequence_47745,83.0,404.1369
sequence_47704,98.0,sequence_47747,72.0,506.2484
sequence_47704,98.0,sequence_47748,79.0,522.6639
sequence_47704,98.0,sequence_47749,81.0,431.59400000000005
sequence_47704,98.0,sequence_47744,69.0,472.6884
sequence_47704,98.0,sequence_47721,40.0,560.5123
sequence_47704,98.0,sequence_47759,36.0,561.4058
sequence_47704,98.0,sequence_47774,21.0,528.4065
sequence_47704,98.0,sequence_47770,25.0,451.8911
sequence_47704,98.0,sequence_47713,51.0,564.7987
sequence_47704,98.0,sequence_47738,55.0,543.4544000000001
sequence_47704,98.0,sequence_47769,25.0,522.6571
sequence_47704,98.0,sequence_47702,69.0,196.6292
sequence_47704,98.0,sequence_47672,76.0,526.6347
sequence_47704,98.0,sequence_47705,71.0,377.6635
sequence_47704,98.0,sequence_47694,51.0,770.2202
sequence_47704,98.0,sequence_47691,40.0,525.5494
sequence_47704,98.0,sequence_47701,63.0,308.6612
sequence_47704,98.0,sequence_47706,77.0,463.3818
sequence_47704,98.0,sequence_47675,57.0,668.4821
sequence_47704,98.0,sequence_47698,56.0,525.5494
sequence_47704,98.0,sequence_47688,90.0,631.3207
sequence_47704,98.0,sequence_47708,111.0,154.7206
sequence_47704,98.0,sequence_47709,119.0,309.4412
sequence_47704,98.0,sequence_47677,103.0,286.06
sequence_47704,98.0,sequence_47692,87.5,477.8914
sequence_47704,98.0,sequence_47703,95.0,148.9712
sequence_47704,98.0,sequence_47707,79.0,303.6918
sequence_47704,98.0,sequence_47762,127.0,265.1807
sequence_47704,98.0,sequence_47765,118.0,408.21070000000003
sequence_47704,98.0,sequence_47767,105.0,220.5355
sequence_47704,98.0,sequence_47812,121.0,253.4901
sequence_47704,98.0,sequence_47761,120.0,259.2395
sequence_47704,98.0,sequence_47764,118.0,274.8344
sequence_47704,98.0,sequence_47763,122.0,192.7294
sequence_47704,98.0,sequence_47699,62.0,477.8914
sequence_47704,98.0,sequence_47687,92.0,550.1599
sequence_47704,98.0,sequence_47693,64.0,323.1708
sequence_47704,98.0,sequence_47690,63.0,594.3815
sequence_47704,98.0,sequence_47712,49.0,483.64529999999996
sequence_47704,98.0,sequence_47714,51.0,565.7502999999999
sequence_47704,98.0,sequence_47725,57.0,511.4514
sequence_47704,98.0,sequence_47669,32.0,826.0687
sequence_47704,98.0,sequence_47668,48.0,788.9579
sequence_47704,98.0,sequence_47670,97.0,688.8833
sequence_47704,98.0,sequence_47665,50.0,667.539
sequence_47704,98.0,sequence_47661,52.0,677.1927000000001
sequence_47704,98.0,sequence_47667,86.0,502.0996
sequence_47704,98.0,sequence_47726,120.0,750.4761000000001
sequence_47704,98.0,sequence_47734,110.0,740.8224
sequence_47704,98.0,sequence_47811,24.0,843.3777
sequence_47704,98.0,sequence_47662,28.0,811.1228000000001
sequence_47704,98.0,sequence_47731,32.0,766.3155
sequence_47704,98.0,sequence_47733,25.0,666.2409
sequence_47704,98.0,sequence_47732,30.0,782.731
sequence_47704,98.0,sequence_47755,100.0,566.6438
sequence_47704,98.0,sequence_47746,94.0,409.8863
sequence_47704,98.0,sequence_47754,70.0,666.7184
sequence_47704,98.0,sequence_47753,74.0,564.6069
sequence_47704,98.0,sequence_47740,158.0,614.8249000000001
sequence_47704,98.0,sequence_47742,108.0,501.54580000000004
sequence_47704,98.0,sequence_47715,101.0,475.2321
sequence_47704,98.0,sequence_47718,81.0,480.9815
sequence_47704,98.0,sequence_47717,66.0,612.3208999999999
sequence_47704,98.0,sequence_47720,80.0,454.4416
sequence_47704,98.0,sequence_47716,84.0,553.25
sequence_47704,98.0,sequence_47719,66.0,438.0261
sequence_47704,98.0,sequence_47723,69.0,474.3406
sequence_47704,98.0,sequence_47722,75.0,480.9815
sequence_47704,98.0,sequence_47674,38.0,482.6892
sequence_47704,98.0,sequence_47676,56.0,435.0312
sequence_47704,98.0,sequence_47711,57.0,440.7851
sequence_47704,98.0,sequence_47739,35.0,501.54580000000004
sequence_47704,98.0,sequence_47735,55.0,485.0067
sequence_47704,98.0,sequence_47793,16.0,705.9645
sequence_47704,98.0,sequence_47801,4.0,686.9567
sequence_47704,98.0,sequence_47805,22.0,705.0709999999999
sequence_47704,98.0,sequence_47802,4.0,692.7060999999999
sequence_47704,98.0,sequence_47794,18.0,710.8204000000001
sequence_47704,98.0,sequence_47728,12.0,649.8459
sequence_47704,98.0,sequence_47808,4.0,688.2040999999999
sequence_47704,98.0,sequence_47792,12.0,739.8846
sequence_47704,98.0,sequence_47791,4.0,653.9301
sequence_47704,98.0,sequence_47788,5.0,693.5996
sequence_47704,98.0,sequence_47729,34.0,701.8803
sequence_47704,98.0,sequence_47809,10.0,740.2384999999999
sequence_47704,98.0,sequence_47737,27.0,702.2342
sequence_47704,98.0,sequence_47810,5.57,670.8231000000001
sequence_47704,98.0,sequence_47766,4.19,676.0391
sequence_47704,98.0,sequence_47736,19.0,650.1998
sequence_47708,111.0,sequence_47787,5.0,556.5108
sequence_47708,111.0,sequence_47684,23.0,468.88489999999996
sequence_47708,111.0,sequence_47789,10.0,514.6022
sequence_47708,111.0,sequence_47790,9.0,561.3667
sequence_47708,111.0,sequence_47781,12.0,465.2894
sequence_47708,111.0,sequence_47777,11.0,471.2306
sequence_47708,111.0,sequence_47779,11.0,471.2306
sequence_47708,111.0,sequence_47784,21.0,593.4701
sequence_47708,111.0,sequence_47786,18.0,549.2484999999999
sequence_47708,111.0,sequence_47782,17.0,549.2484999999999
sequence_47708,111.0,sequence_47772,12.0,518.5065
sequence_47708,111.0,sequence_47795,7.0,646.6872
sequence_47708,111.0,sequence_47776,9.0,375.4765
sequence_47708,111.0,sequence_47685,24.0,474.63429999999994
sequence_47708,111.0,sequence_47679,44.0,383.6047
sequence_47708,111.0,sequence_47695,52.0,467.99139999999994
sequence_47708,111.0,sequence_47710,43.0,481.72099999999995
sequence_47708,111.0,sequence_47686,22.0,426.9763
sequence_47708,111.0,sequence_47778,26.0,429.322
sequence_47708,111.0,sequence_47780,23.0,429.322
sequence_47708,111.0,sequence_47785,25.0,460.4916
sequence_47708,111.0,sequence_47803,12.0,513.7086999999999
sequence_47708,111.0,sequence_47663,36.0,578.1082
sequence_47708,111.0,sequence_47757,36.0,572.3588
sequence_47708,111.0,sequence_47783,24.5,695.1453
sequence_47708,111.0,sequence_47796,20.0,567.1564000000001
sequence_47708,111.0,sequence_47750,25.0,497.3952
sequence_47708,111.0,sequence_47760,26.0,623.8860999999999
sequence_47708,111.0,sequence_47773,19.0,476.5979
sequence_47708,111.0,sequence_47768,17.0,433.2263
sequence_47708,111.0,sequence_47771,18.0,502.4002
sequence_47708,111.0,sequence_47681,44.0,389.3541
sequence_47708,111.0,sequence_47696,47.0,473.7407999999999
sequence_47708,111.0,sequence_47680,73.0,501.3861
sequence_47708,111.0,sequence_47673,65.5,345.6004
sequence_47708,111.0,sequence_47700,65.0,345.6004
sequence_47708,111.0,sequence_47689,52.0,504.9507
sequence_47708,111.0,sequence_47683,75.0,192.7249
sequence_47708,111.0,sequence_47697,55.5,426.08279999999996
sequence_47708,111.0,sequence_47678,37.0,388.972
sequence_47708,111.0,sequence_47682,53.0,341.6961
sequence_47708,111.0,sequence_47724,48.0,375.2561
sequence_47708,111.0,sequence_47806,73.0,391.3177
sequence_47708,111.0,sequence_47807,42.0,546.0382999999999
sequence_47708,111.0,sequence_47804,23.0,434.17789999999997
sequence_47708,111.0,sequence_47800,20.0,422.4873
sequence_47708,111.0,sequence_47799,24.0,428.4285
sequence_47708,111.0,sequence_47664,32.0,583.8576
sequence_47708,111.0,sequence_47666,69.0,683.1339
sequence_47708,111.0,sequence_47671,36.0,553.8335
sequence_47708,111.0,sequence_47727,45.0,657.1410000000001
sequence_47708,111.0,sequence_47756,37.0,674.0340000000001
sequence_47708,111.0,sequence_47775,23.0,514.111
sequence_47708,111.0,sequence_47730,35.0,529.1521
sequence_47708,111.0,sequence_47758,22.0,546.0451
sequence_47708,111.0,sequence_47797,27.0,689.3959
sequence_47708,111.0,sequence_47798,23.0,540.8427
sequence_47708,111.0,sequence_47751,34.0,503.14459999999997
sequence_47708,111.0,sequence_47741,102.0,412.115
sequence_47708,111.0,sequence_47743,63.0,549.2038
sequence_47708,111.0,sequence_47752,67.0,496.0696
sequence_47708,111.0,sequence_47745,83.0,272.7975
sequence_47708,111.0,sequence_47747,72.0,374.909
sequence_47708,111.0,sequence_47748,79.0,391.3245
sequence_47708,111.0,sequence_47749,81.0,300.2546
sequence_47708,111.0,sequence_47744,69.0,341.34900000000005
sequence_47708,111.0,sequence_47721,40.0,429.1729
sequence_47708,111.0,sequence_47759,36.0,430.0664
sequence_47708,111.0,sequence_47774,21.0,397.0671
sequence_47708,111.0,sequence_47770,25.0,320.5517
sequence_47708,111.0,sequence_47713,51.0,433.4593
sequence_47708,111.0,sequence_47738,55.0,412.115
sequence_47708,111.0,sequence_47769,25.0,391.3177
sequence_47708,111.0,sequence_47702,69.0,351.34979999999996
sequence_47708,111.0,sequence_47672,76.0,383.41290000000004
sequence_47708,111.0,sequence_47705,71.0,532.3841
sequence_47708,111.0,sequence_47694,51.0,638.8807999999999
sequence_47708,111.0,sequence_47691,40.0,394.21
sequence_47708,111.0,sequence_47701,63.0,463.3818
sequence_47708,111.0,sequence_47706,77.0,308.6612
sequence_47708,111.0,sequence_47675,57.0,537.1427
sequence_47708,111.0,sequence_47698,56.0,394.2099999999999
sequence_47708,111.0,sequence_47688,90.0,499.9813
sequence_47708,111.0,sequence_47704,98.0,154.7206
sequence_47708,111.0,sequence_47709,119.0,154.7206
sequence_47708,111.0,sequence_47677,103.0,154.7206
sequence_47708,111.0,sequence_47692,87.5,346.55199999999996
sequence_47708,111.0,sequence_47703,95.0,303.6918
sequence_47708,111.0,sequence_47707,79.0,148.9712
sequence_47708,111.0,sequence_47762,127.0,419.9013
sequence_47708,111.0,sequence_47765,118.0,562.9313
sequence_47708,111.0,sequence_47767,105.0,375.2561
sequence_47708,111.0,sequence_47812,121.0,408.21070000000003
sequence_47708,111.0,sequence_47761,120.0,413.9601
sequence_47708,111.0,sequence_47764,118.0,429.555
sequence_47708,111.0,sequence_47763,122.0,347.45
sequence_47708,111.0,sequence_47699,62.0,346.55199999999996
sequence_47708,111.0,sequence_47687,92.0,418.8205
sequence_47708,111.0,sequence_47693,64.0,191.83139999999997
sequence_47708,111.0,sequence_47690,63.0,463.04209999999995
sequence_47708,111.0,sequence_47712,49.0,352.30589999999995
sequence_47708,111.0,sequence_47714,51.0,434.41089999999997
sequence_47708,111.0,sequence_47725,57.0,380.11199999999997
sequence_47708,111.0,sequence_47669,32.0,671.3480999999999
sequence_47708,111.0,sequence_47668,48.0,634.2373
sequence_47708,111.0,sequence_47670,97.0,534.1627
sequence_47708,111.0,sequence_47665,50.0,555.5070000000001
sequence_47708,111.0,sequence_47661,52.0,545.8533
sequence_47708,111.0,sequence_47667,86.0,656.8202
sequence_47708,111.0,sequence_47726,120.0,619.1367
sequence_47708,111.0,sequence_47734,110.0,628.7904000000001
sequence_47708,111.0,sequence_47811,24.0,712.0383
sequence_47708,111.0,sequence_47662,28.0,679.7834
sequence_47708,111.0,sequence_47731,32.0,634.9761000000001
sequence_47708,111.0,sequence_47733,25.0,534.9014999999999
sequence_47708,111.0,sequence_47732,30.0,651.3916
sequence_47708,111.0,sequence_47755,100.0,435.3044
sequence_47708,111.0,sequence_47746,94.0,278.5469
sequence_47708,111.0,sequence_47754,70.0,535.3789999999999
sequence_47708,111.0,sequence_47753,74.0,433.2675
sequence_47708,111.0,sequence_47740,158.0,483.4855
sequence_47708,111.0,sequence_47742,108.0,370.20640000000003
sequence_47708,111.0,sequence_47715,101.0,343.8927
sequence_47708,111.0,sequence_47718,81.0,349.6421
sequence_47708,111.0,sequence_47717,66.0,480.9815
sequence_47708,111.0,sequence_47720,80.0,323.10220000000004
sequence_47708,111.0,sequence_47716,84.0,421.91060000000004
sequence_47708,111.0,sequence_47719,66.0,306.6867
sequence_47708,111.0,sequence_47723,69.0,343.0012
sequence_47708,111.0,sequence_47722,75.0,349.6421
sequence_47708,111.0,sequence_47674,38.0,351.34979999999996
sequence_47708,111.0,sequence_47676,56.0,303.6918
sequence_47708,111.0,sequence_47711,57.0,309.4457
sequence_47708,111.0,sequence_47739,35.0,370.20640000000003
sequence_47708,111.0,sequence_47735,55.0,353.6673
sequence_47708,111.0,sequence_47793,16.0,574.6251
sequence_47708,111.0,sequence_47801,4.0,555.6172999999999
sequence_47708,111.0,sequence_47805,22.0,573.7316
sequence_47708,111.0,sequence_47802,4.0,561.3666999999999
sequence_47708,111.0,sequence_47794,18.0,579.481
sequence_47708,111.0,sequence_47728,12.0,518.5065
sequence_47708,111.0,sequence_47808,4.0,556.8647
sequence_47708,111.0,sequence_47792,12.0,608.5452
sequence_47708,111.0,sequence_47791,4.0,522.5907
sequence_47708,111.0,sequence_47788,5.0,562.2601999999999
sequence_47708,111.0,sequence_47729,34.0,570.5409
sequence_47708,111.0,sequence_47809,10.0,608.8991
sequence_47708,111.0,sequence_47737,27.0,570.8948
sequence_47708,111.0,sequence_47810,5.57,539.4837
sequence_47708,111.0,sequence_47766,4.19,544.6997
sequence_47708,111.0,sequence_47736,19.0,518.8604
sequence_47709,119.0,sequence_47787,5.0,401.79019999999997
sequence_47709,119.0,sequence_47684,23.0,314.16429999999997
sequence_47709,119.0,sequence_47789,10.0,359.8816
sequence_47709,119.0,sequence_47790,9.0,406.6461
sequence_47709,119.0,sequence_47781,12.0,310.5688
sequence_47709,119.0,sequence_47777,11.0,316.51
sequence_47709,119.0,sequence_47779,11.0,316.51
sequence_47709,119.0,sequence_47784,21.0,438.7495
sequence_47709,119.0,sequence_47786,18.0,394.5279
sequence_47709,119.0,sequence_47782,17.0,394.5279
sequence_47709,119.0,sequence_47772,12.0,387.1671
sequence_47709,119.0,sequence_47795,7.0,491.96659999999997
sequence_47709,119.0,sequence_47776,9.0,530.1971
sequence_47709,119.0,sequence_47685,24.0,319.91369999999995
sequence_47709,119.0,sequence_47679,44.0,228.8841
sequence_47709,119.0,sequence_47695,52.0,313.27079999999995
sequence_47709,119.0,sequence_47710,43.0,327.00039999999996
sequence_47709,119.0,sequence_47686,22.0,272.2557
sequence_47709,119.0,sequence_47778,26.0,274.6014
sequence_47709,119.0,sequence_47780,23.0,274.6014
sequence_47709,119.0,sequence_47785,25.0,305.771
sequence_47709,119.0,sequence_47803,12.0,358.98810000000003
sequence_47709,119.0,sequence_47663,36.0,423.3876
sequence_47709,119.0,sequence_47757,36.0,417.6382
sequence_47709,119.0,sequence_47783,24.5,540.4247
sequence_47709,119.0,sequence_47796,20.0,412.43580000000003
sequence_47709,119.0,sequence_47750,25.0,366.0558
sequence_47709,119.0,sequence_47760,26.0,492.5467
sequence_47709,119.0,sequence_47773,19.0,345.2585
sequence_47709,119.0,sequence_47768,17.0,301.88689999999997
sequence_47709,119.0,sequence_47771,18.0,371.0608
sequence_47709,119.0,sequence_47681,44.0,234.6335
sequence_47709,119.0,sequence_47696,47.0,319.02019999999993
sequence_47709,119.0,sequence_47680,73.0,346.6655
sequence_47709,119.0,sequence_47673,65.5,214.261
sequence_47709,119.0,sequence_47700,65.0,500.32099999999997
sequence_47709,119.0,sequence_47689,52.0,350.2301
sequence_47709,119.0,sequence_47683,75.0,38.0043
sequence_47709,119.0,sequence_47697,55.5,271.3622
sequence_47709,119.0,sequence_47678,37.0,257.63259999999997
sequence_47709,119.0,sequence_47682,53.0,186.9755
sequence_47709,119.0,sequence_47724,48.0,220.5355
sequence_47709,119.0,sequence_47806,73.0,546.0382999999999
sequence_47709,119.0,sequence_47807,42.0,391.3177
sequence_47709,119.0,sequence_47804,23.0,279.45730000000003
sequence_47709,119.0,sequence_47800,20.0,267.7667
sequence_47709,119.0,sequence_47799,24.0,273.7079
sequence_47709,119.0,sequence_47664,32.0,429.137
sequence_47709,119.0,sequence_47666,69.0,551.7945
sequence_47709,119.0,sequence_47671,36.0,422.4941
sequence_47709,119.0,sequence_47727,45.0,502.42040000000003
sequence_47709,119.0,sequence_47756,37.0,519.3134
sequence_47709,119.0,sequence_47775,23.0,668.8316
sequence_47709,119.0,sequence_47730,35.0,374.4315
sequence_47709,119.0,sequence_47758,22.0,391.3245
sequence_47709,119.0,sequence_47797,27.0,534.6753
sequence_47709,119.0,sequence_47798,23.0,386.12210000000005
sequence_47709,119.0,sequence_47751,34.0,371.80519999999996
sequence_47709,119.0,sequence_47741,102.0,280.77560000000005
sequence_47709,119.0,sequence_47743,63.0,417.86440000000005
sequence_47709,119.0,sequence_47752,67.0,364.73019999999997
sequence_47709,119.0,sequence_47745,83.0,141.4581
sequence_47709,119.0,sequence_47747,72.0,243.56959999999998
sequence_47709,119.0,sequence_47748,79.0,259.9851
sequence_47709,119.0,sequence_47749,81.0,168.9152
sequence_47709,119.0,sequence_47744,69.0,210.0096
sequence_47709,119.0,sequence_47721,40.0,297.8335
sequence_47709,119.0,sequence_47759,36.0,298.727
sequence_47709,119.0,sequence_47774,21.0,265.7277
sequence_47709,119.0,sequence_47770,25.0,189.21230000000003
sequence_47709,119.0,sequence_47713,51.0,302.11990000000003
sequence_47709,119.0,sequence_47738,55.0,280.7756
sequence_47709,119.0,sequence_47769,25.0,259.9783
sequence_47709,119.0,sequence_47702,69.0,506.07039999999995
sequence_47709,119.0,sequence_47672,76.0,228.6923
sequence_47709,119.0,sequence_47705,71.0,377.6635
sequence_47709,119.0,sequence_47694,51.0,484.1602
sequence_47709,119.0,sequence_47691,40.0,239.48940000000002
sequence_47709,119.0,sequence_47701,63.0,618.1024
sequence_47709,119.0,sequence_47706,77.0,463.3818
sequence_47709,119.0,sequence_47675,57.0,405.8033
sequence_47709,119.0,sequence_47698,56.0,239.4894
sequence_47709,119.0,sequence_47688,90.0,345.2607
sequence_47709,119.0,sequence_47704,98.0,309.4412
sequence_47709,119.0,sequence_47708,111.0,154.7206
sequence_47709,119.0,sequence_47677,103.0,23.381200000000003
sequence_47709,119.0,sequence_47692,87.5,191.8314
sequence_47709,119.0,sequence_47703,95.0,458.4124
sequence_47709,119.0,sequence_47707,79.0,303.6918
sequence_47709,119.0,sequence_47762,127.0,574.6219
sequence_47709,119.0,sequence_47765,118.0,717.6518999999998
sequence_47709,119.0,sequence_47767,105.0,529.9766999999999
sequence_47709,119.0,sequence_47812,121.0,562.9313
sequence_47709,119.0,sequence_47761,120.0,568.6807
sequence_47709,119.0,sequence_47764,118.0,584.2755999999999
sequence_47709,119.0,sequence_47763,122.0,502.1706
sequence_47709,119.0,sequence_47699,62.0,191.8314
sequence_47709,119.0,sequence_47687,92.0,264.0999
sequence_47709,119.0,sequence_47693,64.0,37.110800000000005
sequence_47709,119.0,sequence_47690,63.0,308.32149999999996
sequence_47709,119.0,sequence_47712,49.0,197.5853
sequence_47709,119.0,sequence_47714,51.0,279.6903
sequence_47709,119.0,sequence_47725,57.0,225.39139999999998
sequence_47709,119.0,sequence_47669,32.0,516.6275
sequence_47709,119.0,sequence_47668,48.0,502.8979
sequence_47709,119.0,sequence_47670,97.0,402.8233
sequence_47709,119.0,sequence_47665,50.0,424.1676
sequence_47709,119.0,sequence_47661,52.0,414.51390000000004
sequence_47709,119.0,sequence_47667,86.0,525.4808
sequence_47709,119.0,sequence_47726,120.0,487.79730000000006
sequence_47709,119.0,sequence_47734,110.0,497.451
sequence_47709,119.0,sequence_47811,24.0,557.3177000000001
sequence_47709,119.0,sequence_47662,28.0,525.0628
sequence_47709,119.0,sequence_47731,32.0,480.25550000000004
sequence_47709,119.0,sequence_47733,25.0,380.1809
sequence_47709,119.0,sequence_47732,30.0,496.67100000000005
sequence_47709,119.0,sequence_47755,100.0,303.965
sequence_47709,119.0,sequence_47746,94.0,147.20749999999998
sequence_47709,119.0,sequence_47754,70.0,404.03959999999995
sequence_47709,119.0,sequence_47753,74.0,301.9281
sequence_47709,119.0,sequence_47740,158.0,352.1461
sequence_47709,119.0,sequence_47742,108.0,238.86700000000002
sequence_47709,119.0,sequence_47715,101.0,212.55330000000004
sequence_47709,119.0,sequence_47718,81.0,218.30270000000002
sequence_47709,119.0,sequence_47717,66.0,349.6421
sequence_47709,119.0,sequence_47720,80.0,191.76280000000003
sequence_47709,119.0,sequence_47716,84.0,290.57120000000003
sequence_47709,119.0,sequence_47719,66.0,175.34730000000002
sequence_47709,119.0,sequence_47723,69.0,211.6618
sequence_47709,119.0,sequence_47722,75.0,218.30270000000002
sequence_47709,119.0,sequence_47674,38.0,220.0104
sequence_47709,119.0,sequence_47676,56.0,172.35240000000002
sequence_47709,119.0,sequence_47711,57.0,178.1063
sequence_47709,119.0,sequence_47739,35.0,238.86700000000002
sequence_47709,119.0,sequence_47735,55.0,222.3279
sequence_47709,119.0,sequence_47793,16.0,419.9045
sequence_47709,119.0,sequence_47801,4.0,400.8967
sequence_47709,119.0,sequence_47805,22.0,419.01099999999997
sequence_47709,119.0,sequence_47802,4.0,406.64609999999993
sequence_47709,119.0,sequence_47794,18.0,424.7604
sequence_47709,119.0,sequence_47728,12.0,363.78589999999997
sequence_47709,119.0,sequence_47808,4.0,402.1441
sequence_47709,119.0,sequence_47792,12.0,453.8246
sequence_47709,119.0,sequence_47791,4.0,367.8701
sequence_47709,119.0,sequence_47788,5.0,407.53959999999995
sequence_47709,119.0,sequence_47729,34.0,415.8203
sequence_47709,119.0,sequence_47809,10.0,454.1785
sequence_47709,119.0,sequence_47737,27.0,416.1742
sequence_47709,119.0,sequence_47810,5.57,384.7631
sequence_47709,119.0,sequence_47766,4.19,389.97909999999996
sequence_47709,119.0,sequence_47736,19.0,364.1398
sequence_47677,103.0,sequence_47787,5.0,401.79019999999997
sequence_47677,103.0,sequence_47684,23.0,314.16429999999997
sequence_47677,103.0,sequence_47789,10.0,359.8816
sequence_47677,103.0,sequence_47790,9.0,406.6461
sequence_47677,103.0,sequence_47781,12.0,310.5688
sequence_47677,103.0,sequence_47777,11.0,316.51
sequence_47677,103.0,sequence_47779,11.0,316.51
sequence_47677,103.0,sequence_47784,21.0,438.7495
sequence_47677,103.0,sequence_47786,18.0,394.5279
sequence_47677,103.0,sequence_47782,17.0,394.5279
sequence_47677,103.0,sequence_47772,12.0,363.78589999999997
sequence_47677,103.0,sequence_47795,7.0,491.96659999999997
sequence_47677,103.0,sequence_47776,9.0,506.81589999999994
sequence_47677,103.0,sequence_47685,24.0,319.91369999999995
sequence_47677,103.0,sequence_47679,44.0,228.8841
sequence_47677,103.0,sequence_47695,52.0,313.27079999999995
sequence_47677,103.0,sequence_47710,43.0,350.38159999999993
sequence_47677,103.0,sequence_47686,22.0,272.2557
sequence_47677,103.0,sequence_47778,26.0,274.6014
sequence_47677,103.0,sequence_47780,23.0,274.6014
sequence_47677,103.0,sequence_47785,25.0,305.771
sequence_47677,103.0,sequence_47803,12.0,358.9881
sequence_47677,103.0,sequence_47663,36.0,423.3876
sequence_47677,103.0,sequence_47757,36.0,417.6382
sequence_47677,103.0,sequence_47783,24.5,540.4247
sequence_47677,103.0,sequence_47796,20.0,412.43580000000003
sequence_47677,103.0,sequence_47750,25.0,342.67459999999994
sequence_47677,103.0,sequence_47760,26.0,469.16549999999995
sequence_47677,103.0,sequence_47773,19.0,321.8773
sequence_47677,103.0,sequence_47768,17.0,278.5057
sequence_47677,103.0,sequence_47771,18.0,347.6796
sequence_47677,103.0,sequence_47681,44.0,234.6335
sequence_47677,103.0,sequence_47696,47.0,319.02019999999993
sequence_47677,103.0,sequence_47680,73.0,346.6655
sequence_47677,103.0,sequence_47673,65.5,190.8798
sequence_47677,103.0,sequence_47700,65.0,476.9398
sequence_47677,103.0,sequence_47689,52.0,350.2301
sequence_47677,103.0,sequence_47683,75.0,38.0043
sequence_47677,103.0,sequence_47697,55.5,271.3622
sequence_47677,103.0,sequence_47678,37.0,234.2514
sequence_47677,103.0,sequence_47682,53.0,186.9755
sequence_47677,103.0,sequence_47724,48.0,220.5355
sequence_47677,103.0,sequence_47806,73.0,522.6571
sequence_47677,103.0,sequence_47807,42.0,391.3177
sequence_47677,103.0,sequence_47804,23.0,279.4573
sequence_47677,103.0,sequence_47800,20.0,267.7667
sequence_47677,103.0,sequence_47799,24.0,273.7079
sequence_47677,103.0,sequence_47664,32.0,429.137
sequence_47677,103.0,sequence_47666,69.0,528.4133
sequence_47677,103.0,sequence_47671,36.0,422.4941
sequence_47677,103.0,sequence_47727,45.0,502.42040000000003
sequence_47677,103.0,sequence_47756,37.0,519.3134
sequence_47677,103.0,sequence_47775,23.0,645.4504000000001
sequence_47677,103.0,sequence_47730,35.0,374.4315
sequence_47677,103.0,sequence_47758,22.0,391.3245
sequence_47677,103.0,sequence_47797,27.0,534.6753
sequence_47677,103.0,sequence_47798,23.0,386.12210000000005
sequence_47677,103.0,sequence_47751,34.0,348.424
sequence_47677,103.0,sequence_47741,102.0,257.3944
sequence_47677,103.0,sequence_47743,63.0,394.4832
sequence_47677,103.0,sequence_47752,67.0,341.34899999999993
sequence_47677,103.0,sequence_47745,83.0,118.0769
sequence_47677,103.0,sequence_47747,72.0,220.18839999999997
sequence_47677,103.0,sequence_47748,79.0,236.60389999999998
sequence_47677,103.0,sequence_47749,81.0,145.534
sequence_47677,103.0,sequence_47744,69.0,186.6284
sequence_47677,103.0,sequence_47721,40.0,274.4523
sequence_47677,103.0,sequence_47759,36.0,275.3458
sequence_47677,103.0,sequence_47774,21.0,242.3465
sequence_47677,103.0,sequence_47770,25.0,165.8311
sequence_47677,103.0,sequence_47713,51.0,278.7387
sequence_47677,103.0,sequence_47738,55.0,257.3944
sequence_47677,103.0,sequence_47769,25.0,236.5971
sequence_47677,103.0,sequence_47702,69.0,482.6892
sequence_47677,103.0,sequence_47672,76.0,240.5747
sequence_47677,103.0,sequence_47705,71.0,377.6635
sequence_47677,103.0,sequence_47694,51.0,484.1602
sequence_47677,103.0,sequence_47691,40.0,239.4894
sequence_47677,103.0,sequence_47701,63.0,594.7212
sequence_47677,103.0,sequence_47706,77.0,463.3818
sequence_47677,103.0,sequence_47675,57.0,382.4221
sequence_47677,103.0,sequence_47698,56.0,239.4894
sequence_47677,103.0,sequence_47688,90.0,345.2607
sequence_47677,103.0,sequence_47704,98.0,286.06
sequence_47677,103.0,sequence_47708,111.0,154.7206
sequence_47677,103.0,sequence_47709,119.0,23.381200000000003
sequence_47677,103.0,sequence_47692,87.5,191.83139999999997
sequence_47677,103.0,sequence_47703,95.0,435.0312
sequence_47677,103.0,sequence_47707,79.0,303.6918
sequence_47677,103.0,sequence_47762,127.0,551.2407000000001
sequence_47677,103.0,sequence_47765,118.0,694.2707
sequence_47677,103.0,sequence_47767,105.0,506.5955
sequence_47677,103.0,sequence_47812,121.0,539.5501
sequence_47677,103.0,sequence_47761,120.0,545.2995000000001
sequence_47677,103.0,sequence_47764,118.0,560.8944
sequence_47677,103.0,sequence_47763,122.0,478.7894
sequence_47677,103.0,sequence_47699,62.0,191.83139999999997
sequence_47677,103.0,sequence_47687,92.0,264.0999
sequence_47677,103.0,sequence_47693,64.0,37.1108
sequence_47677,103.0,sequence_47690,63.0,308.32149999999996
sequence_47677,103.0,sequence_47712,49.0,197.5853
sequence_47677,103.0,sequence_47714,51.0,279.6903
sequence_47677,103.0,sequence_47725,57.0,225.39139999999998
sequence_47677,103.0,sequence_47669,32.0,540.0087
sequence_47677,103.0,sequence_47668,48.0,502.8979
sequence_47677,103.0,sequence_47670,97.0,402.8233
sequence_47677,103.0,sequence_47665,50.0,400.7864
sequence_47677,103.0,sequence_47661,52.0,391.1327
sequence_47677,103.0,sequence_47667,86.0,502.0996
sequence_47677,103.0,sequence_47726,120.0,464.41610000000003
sequence_47677,103.0,sequence_47734,110.0,474.06980000000004
sequence_47677,103.0,sequence_47811,24.0,557.3177000000001
sequence_47677,103.0,sequence_47662,28.0,525.0628
sequence_47677,103.0,sequence_47731,32.0,480.25550000000004
sequence_47677,103.0,sequence_47733,25.0,380.1809
sequence_47677,103.0,sequence_47732,30.0,496.67100000000005
sequence_47677,103.0,sequence_47755,100.0,280.5838
sequence_47677,103.0,sequence_47746,94.0,123.82629999999999
sequence_47677,103.0,sequence_47754,70.0,380.6583999999999
sequence_47677,103.0,sequence_47753,74.0,278.54689999999994
sequence_47677,103.0,sequence_47740,158.0,328.7649
sequence_47677,103.0,sequence_47742,108.0,215.4858
sequence_47677,103.0,sequence_47715,101.0,189.1721
sequence_47677,103.0,sequence_47718,81.0,194.92149999999998
sequence_47677,103.0,sequence_47717,66.0,326.2609
sequence_47677,103.0,sequence_47720,80.0,168.3816
sequence_47677,103.0,sequence_47716,84.0,267.19
sequence_47677,103.0,sequence_47719,66.0,151.96609999999998
sequence_47677,103.0,sequence_47723,69.0,188.2806
sequence_47677,103.0,sequence_47722,75.0,194.92149999999998
sequence_47677,103.0,sequence_47674,38.0,196.6292
sequence_47677,103.0,sequence_47676,56.0,148.9712
sequence_47677,103.0,sequence_47711,57.0,154.7251
sequence_47677,103.0,sequence_47739,35.0,215.4858
sequence_47677,103.0,sequence_47735,55.0,198.94670000000002
sequence_47677,103.0,sequence_47793,16.0,419.9045
sequence_47677,103.0,sequence_47801,4.0,400.89669999999995
sequence_47677,103.0,sequence_47805,22.0,419.01099999999997
sequence_47677,103.0,sequence_47802,4.0,406.64609999999993
sequence_47677,103.0,sequence_47794,18.0,424.7604
sequence_47677,103.0,sequence_47728,12.0,363.78589999999997
sequence_47677,103.0,sequence_47808,4.0,402.1441
sequence_47677,103.0,sequence_47792,12.0,453.8246
sequence_47677,103.0,sequence_47791,4.0,367.8701
sequence_47677,103.0,sequence_47788,5.0,407.53959999999995
sequence_47677,103.0,sequence_47729,34.0,415.8203
sequence_47677,103.0,sequence_47809,10.0,454.1785
sequence_47677,103.0,sequence_47737,27.0,416.1742
sequence_47677,103.0,sequence_47810,5.57,384.7631
sequence_47677,103.0,sequence_47766,4.19,389.97909999999996
sequence_47677,103.0,sequence_47736,19.0,364.1398
sequence_47692,87.5,sequence_47787,5.0,209.9588
sequence_47692,87.5,sequence_47684,23.0,122.3329
sequence_47692,87.5,sequence_47789,10.0,168.05020000000002
sequence_47692,87.5,sequence_47790,9.0,214.81470000000002
sequence_47692,87.5,sequence_47781,12.0,142.11860000000001
sequence_47692,87.5,sequence_47777,11.0,148.0598
sequence_47692,87.5,sequence_47779,11.0,136.1774
sequence_47692,87.5,sequence_47784,21.0,246.91810000000004
sequence_47692,87.5,sequence_47786,18.0,226.0777
sequence_47692,87.5,sequence_47782,17.0,202.69650000000001
sequence_47692,87.5,sequence_47772,12.0,246.1761
sequence_47692,87.5,sequence_47795,7.0,300.1352
sequence_47692,87.5,sequence_47776,9.0,389.2061
sequence_47692,87.5,sequence_47685,24.0,128.08229999999998
sequence_47692,87.5,sequence_47679,44.0,60.433899999999994
sequence_47692,87.5,sequence_47695,52.0,121.43939999999999
sequence_47692,87.5,sequence_47710,43.0,158.5502
sequence_47692,87.5,sequence_47686,22.0,80.4243
sequence_47692,87.5,sequence_47778,26.0,106.15120000000002
sequence_47692,87.5,sequence_47780,23.0,94.2688
sequence_47692,87.5,sequence_47785,25.0,113.93960000000001
sequence_47692,87.5,sequence_47803,12.0,167.1567
sequence_47692,87.5,sequence_47663,36.0,231.55620000000005
sequence_47692,87.5,sequence_47757,36.0,225.8068
sequence_47692,87.5,sequence_47783,24.5,348.59330000000006
sequence_47692,87.5,sequence_47796,20.0,271.4448
sequence_47692,87.5,sequence_47750,25.0,225.0648
sequence_47692,87.5,sequence_47760,26.0,351.5557
sequence_47692,87.5,sequence_47773,19.0,204.26749999999998
sequence_47692,87.5,sequence_47768,17.0,184.2771
sequence_47692,87.5,sequence_47771,18.0,230.0698
sequence_47692,87.5,sequence_47681,44.0,66.1833
sequence_47692,87.5,sequence_47696,47.0,127.18879999999999
sequence_47692,87.5,sequence_47680,73.0,178.21529999999996
sequence_47692,87.5,sequence_47673,65.5,96.65119999999999
sequence_47692,87.5,sequence_47700,65.0,382.71119999999996
sequence_47692,87.5,sequence_47689,52.0,158.39870000000002
sequence_47692,87.5,sequence_47683,75.0,155.61409999999998
sequence_47692,87.5,sequence_47697,55.5,79.5308
sequence_47692,87.5,sequence_47678,37.0,116.6416
sequence_47692,87.5,sequence_47682,53.0,18.525300000000005
sequence_47692,87.5,sequence_47724,48.0,52.0853
sequence_47692,87.5,sequence_47806,73.0,428.4285
sequence_47692,87.5,sequence_47807,42.0,273.7079
sequence_47692,87.5,sequence_47804,23.0,111.00710000000001
sequence_47692,87.5,sequence_47800,20.0,99.3165
sequence_47692,87.5,sequence_47799,24.0,93.3753
sequence_47692,87.5,sequence_47664,32.0,237.30560000000003
sequence_47692,87.5,sequence_47666,69.0,410.80350000000004
sequence_47692,87.5,sequence_47671,36.0,304.88430000000005
sequence_47692,87.5,sequence_47727,45.0,310.58900000000006
sequence_47692,87.5,sequence_47756,37.0,327.482
sequence_47692,87.5,sequence_47775,23.0,527.8406
sequence_47692,87.5,sequence_47730,35.0,233.44050000000001
sequence_47692,87.5,sequence_47758,22.0,250.33350000000002
sequence_47692,87.5,sequence_47797,27.0,393.6843
sequence_47692,87.5,sequence_47798,23.0,245.1311
sequence_47692,87.5,sequence_47751,34.0,230.81419999999997
sequence_47692,87.5,sequence_47741,102.0,151.2834
sequence_47692,87.5,sequence_47743,63.0,300.2546
sequence_47692,87.5,sequence_47752,67.0,223.73919999999998
sequence_47692,87.5,sequence_47745,83.0,309.9083
sequence_47692,87.5,sequence_47747,72.0,388.6386
sequence_47692,87.5,sequence_47748,79.0,405.05410000000006
sequence_47692,87.5,sequence_47749,81.0,313.98420000000004
sequence_47692,87.5,sequence_47744,69.0,355.0786
sequence_47692,87.5,sequence_47721,40.0,156.8425
sequence_47692,87.5,sequence_47759,36.0,157.736
sequence_47692,87.5,sequence_47774,21.0,148.1179
sequence_47692,87.5,sequence_47770,25.0,334.2813
sequence_47692,87.5,sequence_47713,51.0,184.5101
sequence_47692,87.5,sequence_47738,55.0,163.1658
sequence_47692,87.5,sequence_47769,25.0,142.3685
sequence_47692,87.5,sequence_47702,69.0,388.4606
sequence_47692,87.5,sequence_47672,76.0,72.1245
sequence_47692,87.5,sequence_47705,71.0,209.2133
sequence_47692,87.5,sequence_47694,51.0,292.3288
sequence_47692,87.5,sequence_47691,40.0,47.657999999999994
sequence_47692,87.5,sequence_47701,63.0,500.4925999999999
sequence_47692,87.5,sequence_47706,77.0,369.15319999999997
sequence_47692,87.5,sequence_47675,57.0,288.1935
sequence_47692,87.5,sequence_47698,56.0,71.0392
sequence_47692,87.5,sequence_47688,90.0,153.4293
sequence_47692,87.5,sequence_47704,98.0,477.8914
sequence_47692,87.5,sequence_47708,111.0,346.55199999999996
sequence_47692,87.5,sequence_47709,119.0,191.8314
sequence_47692,87.5,sequence_47677,103.0,191.83139999999997
sequence_47692,87.5,sequence_47703,95.0,340.8026
sequence_47692,87.5,sequence_47707,79.0,209.46319999999997
sequence_47692,87.5,sequence_47762,127.0,457.0121
sequence_47692,87.5,sequence_47765,118.0,600.0421
sequence_47692,87.5,sequence_47767,105.0,412.3669
sequence_47692,87.5,sequence_47812,121.0,445.32149999999996
sequence_47692,87.5,sequence_47761,120.0,451.0709
sequence_47692,87.5,sequence_47764,118.0,466.6658
sequence_47692,87.5,sequence_47763,122.0,384.5608
sequence_47692,87.5,sequence_47699,62.0,23.381200000000003
sequence_47692,87.5,sequence_47687,92.0,72.2685
sequence_47692,87.5,sequence_47693,64.0,154.7206
sequence_47692,87.5,sequence_47690,63.0,116.49010000000001
sequence_47692,87.5,sequence_47712,49.0,29.135099999999998
sequence_47692,87.5,sequence_47714,51.0,111.24010000000001
sequence_47692,87.5,sequence_47725,57.0,56.941199999999995
sequence_47692,87.5,sequence_47669,32.0,348.1773
sequence_47692,87.5,sequence_47668,48.0,385.2881
sequence_47692,87.5,sequence_47670,97.0,285.2135
sequence_47692,87.5,sequence_47665,50.0,283.1766
sequence_47692,87.5,sequence_47661,52.0,273.5229
sequence_47692,87.5,sequence_47667,86.0,384.48980000000006
sequence_47692,87.5,sequence_47726,120.0,346.8063
sequence_47692,87.5,sequence_47734,110.0,356.46000000000004
sequence_47692,87.5,sequence_47811,24.0,365.4863
sequence_47692,87.5,sequence_47662,28.0,333.23140000000006
sequence_47692,87.5,sequence_47731,32.0,339.2645
sequence_47692,87.5,sequence_47733,25.0,239.1899
sequence_47692,87.5,sequence_47732,30.0,355.68000000000006
sequence_47692,87.5,sequence_47755,100.0,162.974
sequence_47692,87.5,sequence_47746,94.0,315.65770000000003
sequence_47692,87.5,sequence_47754,70.0,263.0486
sequence_47692,87.5,sequence_47753,74.0,184.3183
sequence_47692,87.5,sequence_47740,158.0,222.65390000000002
sequence_47692,87.5,sequence_47742,108.0,109.3748
sequence_47692,87.5,sequence_47715,101.0,83.0611
sequence_47692,87.5,sequence_47718,81.0,77.3117
sequence_47692,87.5,sequence_47717,66.0,232.0323
sequence_47692,87.5,sequence_47720,80.0,336.83180000000004
sequence_47692,87.5,sequence_47716,84.0,149.5802
sequence_47692,87.5,sequence_47719,66.0,320.4163
sequence_47692,87.5,sequence_47723,69.0,94.05199999999999
sequence_47692,87.5,sequence_47722,75.0,100.69290000000001
sequence_47692,87.5,sequence_47674,38.0,102.4006
sequence_47692,87.5,sequence_47676,56.0,54.7426
sequence_47692,87.5,sequence_47711,57.0,60.4965
sequence_47692,87.5,sequence_47739,35.0,121.25720000000001
sequence_47692,87.5,sequence_47735,55.0,104.71809999999999
sequence_47692,87.5,sequence_47793,16.0,228.0731
sequence_47692,87.5,sequence_47801,4.0,209.06529999999998
sequence_47692,87.5,sequence_47805,22.0,227.17960000000002
sequence_47692,87.5,sequence_47802,4.0,214.8147
sequence_47692,87.5,sequence_47794,18.0,232.92900000000003
sequence_47692,87.5,sequence_47728,12.0,171.9545
sequence_47692,87.5,sequence_47808,4.0,210.3127
sequence_47692,87.5,sequence_47792,12.0,261.9932
sequence_47692,87.5,sequence_47791,4.0,176.0387
sequence_47692,87.5,sequence_47788,5.0,215.70819999999998
sequence_47692,87.5,sequence_47729,34.0,223.9889
sequence_47692,87.5,sequence_47809,10.0,262.3471
sequence_47692,87.5,sequence_47737,27.0,224.3428
sequence_47692,87.5,sequence_47810,5.57,192.93169999999998
sequence_47692,87.5,sequence_47766,4.19,198.1477
sequence_47692,87.5,sequence_47736,19.0,172.3084
sequence_47703,95.0,sequence_47787,5.0,538.879
sequence_47703,95.0,sequence_47684,23.0,451.2531
sequence_47703,95.0,sequence_47789,10.0,496.97040000000004
sequence_47703,95.0,sequence_47790,9.0,543.7349
sequence_47703,95.0,sequence_47781,12.0,459.54
sequence_47703,95.0,sequence_47777,11.0,453.5988
sequence_47703,95.0,sequence_47779,11.0,465.4812
sequence_47703,95.0,sequence_47784,21.0,587.7207
sequence_47703,95.0,sequence_47786,18.0,531.6167
sequence_47703,95.0,sequence_47782,17.0,543.4991
sequence_47703,95.0,sequence_47772,12.0,500.8747
sequence_47703,95.0,sequence_47795,7.0,629.0554
sequence_47703,95.0,sequence_47776,9.0,357.8447
sequence_47703,95.0,sequence_47685,24.0,457.0025
sequence_47703,95.0,sequence_47679,44.0,365.9729
sequence_47703,95.0,sequence_47695,52.0,450.3596
sequence_47703,95.0,sequence_47710,43.0,487.4704
sequence_47703,95.0,sequence_47686,22.0,409.34450000000004
sequence_47703,95.0,sequence_47778,26.0,411.6902
sequence_47703,95.0,sequence_47780,23.0,423.5726
sequence_47703,95.0,sequence_47785,25.0,454.7422
sequence_47703,95.0,sequence_47803,12.0,496.0769
sequence_47703,95.0,sequence_47663,36.0,572.3588
sequence_47703,95.0,sequence_47757,36.0,566.6093999999999
sequence_47703,95.0,sequence_47783,24.5,689.3959
sequence_47703,95.0,sequence_47796,20.0,561.407
sequence_47703,95.0,sequence_47750,25.0,479.76340000000005
sequence_47703,95.0,sequence_47760,26.0,606.2543000000001
sequence_47703,95.0,sequence_47773,19.0,458.9661
sequence_47703,95.0,sequence_47768,17.0,415.5945
sequence_47703,95.0,sequence_47771,18.0,484.7684
sequence_47703,95.0,sequence_47681,44.0,371.7223
sequence_47703,95.0,sequence_47696,47.0,456.109
sequence_47703,95.0,sequence_47680,73.0,483.7543
sequence_47703,95.0,sequence_47673,65.5,327.9686
sequence_47703,95.0,sequence_47700,65.0,41.90859999999999
sequence_47703,95.0,sequence_47689,52.0,499.20129999999995
sequence_47703,95.0,sequence_47683,75.0,473.0355
sequence_47703,95.0,sequence_47697,55.5,408.451
sequence_47703,95.0,sequence_47678,37.0,371.3402
sequence_47703,95.0,sequence_47682,53.0,324.0643
sequence_47703,95.0,sequence_47724,48.0,357.6243
sequence_47703,95.0,sequence_47806,73.0,87.6259
sequence_47703,95.0,sequence_47807,42.0,242.3465
sequence_47703,95.0,sequence_47804,23.0,416.54609999999997
sequence_47703,95.0,sequence_47800,20.0,416.73789999999997
sequence_47703,95.0,sequence_47799,24.0,422.6791
sequence_47703,95.0,sequence_47664,32.0,578.1082
sequence_47703,95.0,sequence_47666,69.0,391.3245
sequence_47703,95.0,sequence_47671,36.0,571.4653
sequence_47703,95.0,sequence_47727,45.0,651.3916
sequence_47703,95.0,sequence_47756,37.0,668.2846
sequence_47703,95.0,sequence_47775,23.0,508.36160000000007
sequence_47703,95.0,sequence_47730,35.0,523.4027
sequence_47703,95.0,sequence_47758,22.0,540.2957
sequence_47703,95.0,sequence_47797,27.0,683.6465000000001
sequence_47703,95.0,sequence_47798,23.0,535.0933
sequence_47703,95.0,sequence_47751,34.0,485.5128
sequence_47703,95.0,sequence_47741,102.0,406.36560000000003
sequence_47703,95.0,sequence_47743,63.0,543.4544000000001
sequence_47703,95.0,sequence_47752,67.0,478.43780000000004
sequence_47703,95.0,sequence_47745,83.0,553.1081
sequence_47703,95.0,sequence_47747,72.0,655.2196
sequence_47703,95.0,sequence_47748,79.0,671.6351
sequence_47703,95.0,sequence_47749,81.0,580.5652
sequence_47703,95.0,sequence_47744,69.0,621.6596
sequence_47703,95.0,sequence_47721,40.0,411.54110000000003
sequence_47703,95.0,sequence_47759,36.0,412.43460000000005
sequence_47703,95.0,sequence_47774,21.0,379.4353
sequence_47703,95.0,sequence_47770,25.0,600.8623
sequence_47703,95.0,sequence_47713,51.0,415.8275
sequence_47703,95.0,sequence_47738,55.0,394.4832
sequence_47703,95.0,sequence_47769,25.0,373.6859
sequence_47703,95.0,sequence_47702,69.0,47.657999999999994
sequence_47703,95.0,sequence_47672,76.0,377.6635
sequence_47703,95.0,sequence_47705,71.0,228.6923
sequence_47703,95.0,sequence_47694,51.0,621.249
sequence_47703,95.0,sequence_47691,40.0,388.4606
sequence_47703,95.0,sequence_47701,63.0,159.69
sequence_47703,95.0,sequence_47706,77.0,314.4106
sequence_47703,95.0,sequence_47675,57.0,519.5109
sequence_47703,95.0,sequence_47698,56.0,376.5782
sequence_47703,95.0,sequence_47688,90.0,494.2319
sequence_47703,95.0,sequence_47704,98.0,148.9712
sequence_47703,95.0,sequence_47708,111.0,303.6918
sequence_47703,95.0,sequence_47709,119.0,458.4124
sequence_47703,95.0,sequence_47677,103.0,435.0312
sequence_47703,95.0,sequence_47692,87.5,340.8026
sequence_47703,95.0,sequence_47707,79.0,154.7206
sequence_47703,95.0,sequence_47762,127.0,116.2095
sequence_47703,95.0,sequence_47765,118.0,259.2395
sequence_47703,95.0,sequence_47767,105.0,71.5643
sequence_47703,95.0,sequence_47812,121.0,104.5189
sequence_47703,95.0,sequence_47761,120.0,110.26830000000001
sequence_47703,95.0,sequence_47764,118.0,125.8632
sequence_47703,95.0,sequence_47763,122.0,43.758199999999995
sequence_47703,95.0,sequence_47699,62.0,328.92019999999997
sequence_47703,95.0,sequence_47687,92.0,413.0711
sequence_47703,95.0,sequence_47693,64.0,472.142
sequence_47703,95.0,sequence_47690,63.0,457.29269999999997
sequence_47703,95.0,sequence_47712,49.0,334.67409999999995
sequence_47703,95.0,sequence_47714,51.0,416.77909999999997
sequence_47703,95.0,sequence_47725,57.0,362.48019999999997
sequence_47703,95.0,sequence_47669,32.0,688.9799
sequence_47703,95.0,sequence_47668,48.0,651.8691
sequence_47703,95.0,sequence_47670,97.0,551.7945
sequence_47703,95.0,sequence_47665,50.0,530.4502
sequence_47703,95.0,sequence_47661,52.0,540.1039000000001
sequence_47703,95.0,sequence_47667,86.0,365.0108
sequence_47703,95.0,sequence_47726,120.0,613.3873000000001
sequence_47703,95.0,sequence_47734,110.0,603.7336
sequence_47703,95.0,sequence_47811,24.0,706.2889
sequence_47703,95.0,sequence_47662,28.0,674.0340000000001
sequence_47703,95.0,sequence_47731,32.0,629.2267
sequence_47703,95.0,sequence_47733,25.0,529.1521
sequence_47703,95.0,sequence_47732,30.0,645.6422
sequence_47703,95.0,sequence_47755,100.0,417.67260000000005
sequence_47703,95.0,sequence_47746,94.0,558.8575000000001
sequence_47703,95.0,sequence_47754,70.0,517.7472
sequence_47703,95.0,sequence_47753,74.0,415.63570000000004
sequence_47703,95.0,sequence_47740,158.0,477.7361000000001
sequence_47703,95.0,sequence_47742,108.0,364.45700000000005
sequence_47703,95.0,sequence_47715,101.0,338.1433
sequence_47703,95.0,sequence_47718,81.0,343.8927
sequence_47703,95.0,sequence_47717,66.0,475.2321
sequence_47703,95.0,sequence_47720,80.0,603.4128000000001
sequence_47703,95.0,sequence_47716,84.0,416.1612
sequence_47703,95.0,sequence_47719,66.0,586.9973
sequence_47703,95.0,sequence_47723,69.0,325.3694
sequence_47703,95.0,sequence_47722,75.0,332.0103
sequence_47703,95.0,sequence_47674,38.0,333.718
sequence_47703,95.0,sequence_47676,56.0,286.06
sequence_47703,95.0,sequence_47711,57.0,291.8139
sequence_47703,95.0,sequence_47739,35.0,352.57460000000003
sequence_47703,95.0,sequence_47735,55.0,336.0355
sequence_47703,95.0,sequence_47793,16.0,556.9933
sequence_47703,95.0,sequence_47801,4.0,537.9855
sequence_47703,95.0,sequence_47805,22.0,556.0998
sequence_47703,95.0,sequence_47802,4.0,543.7348999999999
sequence_47703,95.0,sequence_47794,18.0,561.8492
sequence_47703,95.0,sequence_47728,12.0,500.8747
sequence_47703,95.0,sequence_47808,4.0,539.2329
sequence_47703,95.0,sequence_47792,12.0,590.9134
sequence_47703,95.0,sequence_47791,4.0,504.95889999999997
sequence_47703,95.0,sequence_47788,5.0,544.6284
sequence_47703,95.0,sequence_47729,34.0,552.9091000000001
sequence_47703,95.0,sequence_47809,10.0,591.2673
sequence_47703,95.0,sequence_47737,27.0,553.263
sequence_47703,95.0,sequence_47810,5.57,521.8519
sequence_47703,95.0,sequence_47766,4.19,527.0679
sequence_47703,95.0,sequence_47736,19.0,501.22860000000003
sequence_47707,79.0,sequence_47787,5.0,407.5396
sequence_47707,79.0,sequence_47684,23.0,319.9137
sequence_47707,79.0,sequence_47789,10.0,365.631
sequence_47707,79.0,sequence_47790,9.0,412.39549999999997
sequence_47707,79.0,sequence_47781,12.0,328.2006
sequence_47707,79.0,sequence_47777,11.0,322.25939999999997
sequence_47707,79.0,sequence_47779,11.0,334.1418
sequence_47707,79.0,sequence_47784,21.0,456.3813
sequence_47707,79.0,sequence_47786,18.0,400.27729999999997
sequence_47707,79.0,sequence_47782,17.0,412.1597
sequence_47707,79.0,sequence_47772,12.0,369.5353
sequence_47707,79.0,sequence_47795,7.0,497.716
sequence_47707,79.0,sequence_47776,9.0,226.5053
sequence_47707,79.0,sequence_47685,24.0,325.6631
sequence_47707,79.0,sequence_47679,44.0,234.63349999999997
sequence_47707,79.0,sequence_47695,52.0,319.0202
sequence_47707,79.0,sequence_47710,43.0,332.7498
sequence_47707,79.0,sequence_47686,22.0,278.00509999999997
sequence_47707,79.0,sequence_47778,26.0,280.3508
sequence_47707,79.0,sequence_47780,23.0,292.2332
sequence_47707,79.0,sequence_47785,25.0,323.4028
sequence_47707,79.0,sequence_47803,12.0,364.73749999999995
sequence_47707,79.0,sequence_47663,36.0,441.0194
sequence_47707,79.0,sequence_47757,36.0,435.27
sequence_47707,79.0,sequence_47783,24.5,558.0565
sequence_47707,79.0,sequence_47796,20.0,430.06759999999997
sequence_47707,79.0,sequence_47750,25.0,348.42400000000004
sequence_47707,79.0,sequence_47760,26.0,474.9149
sequence_47707,79.0,sequence_47773,19.0,327.6267
sequence_47707,79.0,sequence_47768,17.0,284.25509999999997
sequence_47707,79.0,sequence_47771,18.0,353.429
sequence_47707,79.0,sequence_47681,44.0,240.38289999999998
sequence_47707,79.0,sequence_47696,47.0,324.76959999999997
sequence_47707,79.0,sequence_47680,73.0,352.4149
sequence_47707,79.0,sequence_47673,65.5,196.62919999999997
sequence_47707,79.0,sequence_47700,65.0,196.62919999999997
sequence_47707,79.0,sequence_47689,52.0,367.8619
sequence_47707,79.0,sequence_47683,75.0,341.6961
sequence_47707,79.0,sequence_47697,55.5,277.11159999999995
sequence_47707,79.0,sequence_47678,37.0,240.0008
sequence_47707,79.0,sequence_47682,53.0,192.7249
sequence_47707,79.0,sequence_47724,48.0,226.2849
sequence_47707,79.0,sequence_47806,73.0,242.3465
sequence_47707,79.0,sequence_47807,42.0,397.0671
sequence_47707,79.0,sequence_47804,23.0,285.20669999999996
sequence_47707,79.0,sequence_47800,20.0,285.39849999999996
sequence_47707,79.0,sequence_47799,24.0,291.3397
sequence_47707,79.0,sequence_47664,32.0,446.7688
sequence_47707,79.0,sequence_47666,69.0,546.0450999999999
sequence_47707,79.0,sequence_47671,36.0,416.74469999999997
sequence_47707,79.0,sequence_47727,45.0,520.0522000000001
sequence_47707,79.0,sequence_47756,37.0,536.9452000000001
sequence_47707,79.0,sequence_47775,23.0,377.02220000000005
sequence_47707,79.0,sequence_47730,35.0,392.0633
sequence_47707,79.0,sequence_47758,22.0,408.95629999999994
sequence_47707,79.0,sequence_47797,27.0,552.3071
sequence_47707,79.0,sequence_47798,23.0,403.75390000000004
sequence_47707,79.0,sequence_47751,34.0,354.1734
sequence_47707,79.0,sequence_47741,102.0,275.0262
sequence_47707,79.0,sequence_47743,63.0,412.115
sequence_47707,79.0,sequence_47752,67.0,347.0984
sequence_47707,79.0,sequence_47745,83.0,421.7687
sequence_47707,79.0,sequence_47747,72.0,523.8802000000001
sequence_47707,79.0,sequence_47748,79.0,540.2957
sequence_47707,79.0,sequence_47749,81.0,449.2258
sequence_47707,79.0,sequence_47744,69.0,490.3202
sequence_47707,79.0,sequence_47721,40.0,280.2017
sequence_47707,79.0,sequence_47759,36.0,281.0952
sequence_47707,79.0,sequence_47774,21.0,248.0959
sequence_47707,79.0,sequence_47770,25.0,469.5229
sequence_47707,79.0,sequence_47713,51.0,284.4881
sequence_47707,79.0,sequence_47738,55.0,263.1438
sequence_47707,79.0,sequence_47769,25.0,242.3465
sequence_47707,79.0,sequence_47702,69.0,202.37859999999998
sequence_47707,79.0,sequence_47672,76.0,234.4417
sequence_47707,79.0,sequence_47705,71.0,383.41290000000004
sequence_47707,79.0,sequence_47694,51.0,489.9096
sequence_47707,79.0,sequence_47691,40.0,257.1212
sequence_47707,79.0,sequence_47701,63.0,314.4106
sequence_47707,79.0,sequence_47706,77.0,159.69
sequence_47707,79.0,sequence_47675,57.0,388.1715
sequence_47707,79.0,sequence_47698,56.0,245.23879999999997
sequence_47707,79.0,sequence_47688,90.0,362.8925
sequence_47707,79.0,sequence_47704,98.0,303.6918
sequence_47707,79.0,sequence_47708,111.0,148.9712
sequence_47707,79.0,sequence_47709,119.0,303.6918
sequence_47707,79.0,sequence_47677,103.0,303.6918
sequence_47707,79.0,sequence_47692,87.5,209.46319999999997
sequence_47707,79.0,sequence_47703,95.0,154.7206
sequence_47707,79.0,sequence_47762,127.0,270.9301
sequence_47707,79.0,sequence_47765,118.0,413.96009999999995
sequence_47707,79.0,sequence_47767,105.0,226.2849
sequence_47707,79.0,sequence_47812,121.0,259.2395
sequence_47707,79.0,sequence_47761,120.0,264.9889
sequence_47707,79.0,sequence_47764,118.0,280.5838
sequence_47707,79.0,sequence_47763,122.0,198.47879999999998
sequence_47707,79.0,sequence_47699,62.0,197.58079999999998
sequence_47707,79.0,sequence_47687,92.0,281.7317
sequence_47707,79.0,sequence_47693,64.0,340.8026
sequence_47707,79.0,sequence_47690,63.0,325.9533
sequence_47707,79.0,sequence_47712,49.0,203.3347
sequence_47707,79.0,sequence_47714,51.0,285.43969999999996
sequence_47707,79.0,sequence_47725,57.0,231.14079999999998
sequence_47707,79.0,sequence_47669,32.0,534.2592999999999
sequence_47707,79.0,sequence_47668,48.0,497.1485
sequence_47707,79.0,sequence_47670,97.0,397.0739
sequence_47707,79.0,sequence_47665,50.0,418.4182
sequence_47707,79.0,sequence_47661,52.0,408.7645
sequence_47707,79.0,sequence_47667,86.0,519.7314
sequence_47707,79.0,sequence_47726,120.0,482.0479
sequence_47707,79.0,sequence_47734,110.0,491.70160000000004
sequence_47707,79.0,sequence_47811,24.0,574.9495000000001
sequence_47707,79.0,sequence_47662,28.0,542.6946
sequence_47707,79.0,sequence_47731,32.0,497.88730000000004
sequence_47707,79.0,sequence_47733,25.0,397.8127
sequence_47707,79.0,sequence_47732,30.0,514.3028
sequence_47707,79.0,sequence_47755,100.0,286.33320000000003
sequence_47707,79.0,sequence_47746,94.0,427.5181
sequence_47707,79.0,sequence_47754,70.0,386.4078
sequence_47707,79.0,sequence_47753,74.0,284.29630000000003
sequence_47707,79.0,sequence_47740,158.0,346.3967
sequence_47707,79.0,sequence_47742,108.0,233.11760000000004
sequence_47707,79.0,sequence_47715,101.0,206.8039
sequence_47707,79.0,sequence_47718,81.0,212.5533
sequence_47707,79.0,sequence_47717,66.0,343.8927
sequence_47707,79.0,sequence_47720,80.0,472.0734
sequence_47707,79.0,sequence_47716,84.0,284.82180000000005
sequence_47707,79.0,sequence_47719,66.0,455.65790000000004
sequence_47707,79.0,sequence_47723,69.0,194.03
sequence_47707,79.0,sequence_47722,75.0,200.67090000000002
sequence_47707,79.0,sequence_47674,38.0,202.37859999999998
sequence_47707,79.0,sequence_47676,56.0,154.7206
sequence_47707,79.0,sequence_47711,57.0,160.4745
sequence_47707,79.0,sequence_47739,35.0,221.23520000000002
sequence_47707,79.0,sequence_47735,55.0,204.6961
sequence_47707,79.0,sequence_47793,16.0,425.6539
sequence_47707,79.0,sequence_47801,4.0,406.6461
sequence_47707,79.0,sequence_47805,22.0,424.7604
sequence_47707,79.0,sequence_47802,4.0,412.39549999999997
sequence_47707,79.0,sequence_47794,18.0,430.5098
sequence_47707,79.0,sequence_47728,12.0,369.5353
sequence_47707,79.0,sequence_47808,4.0,407.8935
sequence_47707,79.0,sequence_47792,12.0,459.574
sequence_47707,79.0,sequence_47791,4.0,373.6195
sequence_47707,79.0,sequence_47788,5.0,413.289
sequence_47707,79.0,sequence_47729,34.0,421.5697
sequence_47707,79.0,sequence_47809,10.0,459.9279
sequence_47707,79.0,sequence_47737,27.0,421.9236
sequence_47707,79.0,sequence_47810,5.57,390.51250000000005
sequence_47707,79.0,sequence_47766,4.19,395.72850000000005
sequence_47707,79.0,sequence_47736,19.0,369.8892
sequence_47762,127.0,sequence_47787,5.0,479.8367
sequence_47762,127.0,sequence_47684,23.0,567.4626
sequence_47762,127.0,sequence_47789,10.0,437.9281
sequence_47762,127.0,sequence_47790,9.0,484.69259999999997
sequence_47762,127.0,sequence_47781,12.0,400.4977
sequence_47762,127.0,sequence_47777,11.0,394.55649999999997
sequence_47762,127.0,sequence_47779,11.0,406.4389
sequence_47762,127.0,sequence_47784,21.0,528.6784
sequence_47762,127.0,sequence_47786,18.0,472.57439999999997
sequence_47762,127.0,sequence_47782,17.0,484.4568
sequence_47762,127.0,sequence_47772,12.0,441.8324
sequence_47762,127.0,sequence_47795,7.0,570.0131
sequence_47762,127.0,sequence_47776,9.0,298.8024
sequence_47762,127.0,sequence_47685,24.0,573.212
sequence_47762,127.0,sequence_47679,44.0,482.1824
sequence_47762,127.0,sequence_47695,52.0,566.5690999999999
sequence_47762,127.0,sequence_47710,43.0,603.6799
sequence_47762,127.0,sequence_47686,22.0,525.554
sequence_47762,127.0,sequence_47778,26.0,352.6479
sequence_47762,127.0,sequence_47780,23.0,364.5303
sequence_47762,127.0,sequence_47785,25.0,395.6999
sequence_47762,127.0,sequence_47803,12.0,437.03459999999995
sequence_47762,127.0,sequence_47663,36.0,544.0403
sequence_47762,127.0,sequence_47757,36.0,549.7897
sequence_47762,127.0,sequence_47783,24.5,630.3536
sequence_47762,127.0,sequence_47796,20.0,502.36469999999997
sequence_47762,127.0,sequence_47750,25.0,462.9437
sequence_47762,127.0,sequence_47760,26.0,722.4638
sequence_47762,127.0,sequence_47773,19.0,399.9238
sequence_47762,127.0,sequence_47768,17.0,356.55219999999997
sequence_47762,127.0,sequence_47771,18.0,425.7261
sequence_47762,127.0,sequence_47681,44.0,487.9318
sequence_47762,127.0,sequence_47696,47.0,572.3185
sequence_47762,127.0,sequence_47680,73.0,599.9638
sequence_47762,127.0,sequence_47673,65.5,444.17810000000003
sequence_47762,127.0,sequence_47700,65.0,158.1181
sequence_47762,127.0,sequence_47689,52.0,615.4108
sequence_47762,127.0,sequence_47683,75.0,589.245
sequence_47762,127.0,sequence_47697,55.5,524.6605
sequence_47762,127.0,sequence_47678,37.0,487.54970000000003
sequence_47762,127.0,sequence_47682,53.0,440.2738
sequence_47762,127.0,sequence_47724,48.0,473.8338
sequence_47762,127.0,sequence_47806,73.0,28.5836
sequence_47762,127.0,sequence_47807,42.0,183.30419999999998
sequence_47762,127.0,sequence_47804,23.0,357.50379999999996
sequence_47762,127.0,sequence_47800,20.0,357.69559999999996
sequence_47762,127.0,sequence_47799,24.0,363.6368
sequence_47762,127.0,sequence_47664,32.0,549.7897
sequence_47762,127.0,sequence_47666,69.0,363.006
sequence_47762,127.0,sequence_47671,36.0,543.1468
sequence_47762,127.0,sequence_47727,45.0,668.3579
sequence_47762,127.0,sequence_47756,37.0,651.4649000000001
sequence_47762,127.0,sequence_47775,23.0,449.3193
sequence_47762,127.0,sequence_47730,35.0,540.369
sequence_47762,127.0,sequence_47758,22.0,523.476
sequence_47762,127.0,sequence_47797,27.0,624.6042
sequence_47762,127.0,sequence_47798,23.0,476.05100000000004
sequence_47762,127.0,sequence_47751,34.0,468.69309999999996
sequence_47762,127.0,sequence_47741,102.0,389.54589999999996
sequence_47762,127.0,sequence_47743,63.0,526.6347
sequence_47762,127.0,sequence_47752,67.0,461.61809999999997
sequence_47762,127.0,sequence_47745,83.0,536.2883999999999
sequence_47762,127.0,sequence_47747,72.0,638.3998999999999
sequence_47762,127.0,sequence_47748,79.0,654.8154
sequence_47762,127.0,sequence_47749,81.0,563.7455
sequence_47762,127.0,sequence_47744,69.0,604.8399
sequence_47762,127.0,sequence_47721,40.0,447.3488
sequence_47762,127.0,sequence_47759,36.0,446.45529999999997
sequence_47762,127.0,sequence_47774,21.0,320.393
sequence_47762,127.0,sequence_47770,25.0,541.8199999999999
sequence_47762,127.0,sequence_47713,51.0,375.6266
sequence_47762,127.0,sequence_47738,55.0,377.66349999999994
sequence_47762,127.0,sequence_47769,25.0,314.6436
sequence_47762,127.0,sequence_47702,69.0,163.8675
sequence_47762,127.0,sequence_47672,76.0,493.873
sequence_47762,127.0,sequence_47705,71.0,344.90180000000004
sequence_47762,127.0,sequence_47694,51.0,737.4585
sequence_47762,127.0,sequence_47691,40.0,504.6701
sequence_47762,127.0,sequence_47701,63.0,275.8995
sequence_47762,127.0,sequence_47706,77.0,430.6201
sequence_47762,127.0,sequence_47675,57.0,635.7204
sequence_47762,127.0,sequence_47698,56.0,492.7877
sequence_47762,127.0,sequence_47688,90.0,610.4413999999999
sequence_47762,127.0,sequence_47704,98.0,265.1807
sequence_47762,127.0,sequence_47708,111.0,419.9013
sequence_47762,127.0,sequence_47709,119.0,574.6219
sequence_47762,127.0,sequence_47677,103.0,551.2407000000001
sequence_47762,127.0,sequence_47692,87.5,457.0121
sequence_47762,127.0,sequence_47703,95.0,116.2095
sequence_47762,127.0,sequence_47707,79.0,270.9301
sequence_47762,127.0,sequence_47765,118.0,143.03
sequence_47762,127.0,sequence_47767,105.0,111.7652
sequence_47762,127.0,sequence_47812,121.0,11.690600000000002
sequence_47762,127.0,sequence_47761,120.0,5.941200000000002
sequence_47762,127.0,sequence_47764,118.0,9.653699999999997
sequence_47762,127.0,sequence_47763,122.0,83.9591
sequence_47762,127.0,sequence_47699,62.0,445.12969999999996
sequence_47762,127.0,sequence_47687,92.0,529.2806
sequence_47762,127.0,sequence_47693,64.0,588.3515
sequence_47762,127.0,sequence_47690,63.0,573.5022
sequence_47762,127.0,sequence_47712,49.0,450.8836
sequence_47762,127.0,sequence_47714,51.0,376.5781999999999
sequence_47762,127.0,sequence_47725,57.0,478.68969999999996
sequence_47762,127.0,sequence_47669,32.0,660.6614
sequence_47762,127.0,sequence_47668,48.0,623.5506
sequence_47762,127.0,sequence_47670,97.0,523.476
sequence_47762,127.0,sequence_47665,50.0,502.13169999999997
sequence_47762,127.0,sequence_47661,52.0,511.78540000000004
sequence_47762,127.0,sequence_47667,86.0,336.69230000000005
sequence_47762,127.0,sequence_47726,120.0,630.3536
sequence_47762,127.0,sequence_47734,110.0,620.6999000000001
sequence_47762,127.0,sequence_47811,24.0,613.4606000000001
sequence_47762,127.0,sequence_47662,28.0,645.7155
sequence_47762,127.0,sequence_47731,32.0,646.193
sequence_47762,127.0,sequence_47733,25.0,546.1184000000001
sequence_47762,127.0,sequence_47732,30.0,662.6085
sequence_47762,127.0,sequence_47755,100.0,400.8529
sequence_47762,127.0,sequence_47746,94.0,542.0378
sequence_47762,127.0,sequence_47754,70.0,500.92749999999995
sequence_47762,127.0,sequence_47753,74.0,398.816
sequence_47762,127.0,sequence_47740,158.0,460.91639999999995
sequence_47762,127.0,sequence_47742,108.0,347.6373
sequence_47762,127.0,sequence_47715,101.0,373.951
sequence_47762,127.0,sequence_47718,81.0,379.7004
sequence_47762,127.0,sequence_47717,66.0,511.0398
sequence_47762,127.0,sequence_47720,80.0,639.2205
sequence_47762,127.0,sequence_47716,84.0,451.9689
sequence_47762,127.0,sequence_47719,66.0,622.8050000000001
sequence_47762,127.0,sequence_47723,69.0,441.5789
sequence_47762,127.0,sequence_47722,75.0,367.818
sequence_47762,127.0,sequence_47674,38.0,449.92750000000007
sequence_47762,127.0,sequence_47676,56.0,402.26950000000005
sequence_47762,127.0,sequence_47711,57.0,408.0234
sequence_47762,127.0,sequence_47739,35.0,335.75489999999996
sequence_47762,127.0,sequence_47735,55.0,452.24499999999995
sequence_47762,127.0,sequence_47793,16.0,497.951
sequence_47762,127.0,sequence_47801,4.0,478.9432
sequence_47762,127.0,sequence_47805,22.0,497.0575
sequence_47762,127.0,sequence_47802,4.0,484.69259999999997
sequence_47762,127.0,sequence_47794,18.0,502.8069
sequence_47762,127.0,sequence_47728,12.0,517.841
sequence_47762,127.0,sequence_47808,4.0,579.4338
sequence_47762,127.0,sequence_47792,12.0,531.8711000000001
sequence_47762,127.0,sequence_47791,4.0,445.9166
sequence_47762,127.0,sequence_47788,5.0,485.5861
sequence_47762,127.0,sequence_47729,34.0,569.8754
sequence_47762,127.0,sequence_47809,10.0,631.4682
sequence_47762,127.0,sequence_47737,27.0,669.4725000000001
sequence_47762,127.0,sequence_47810,5.57,496.8638
sequence_47762,127.0,sequence_47766,4.19,491.6478
sequence_47762,127.0,sequence_47736,19.0,617.4381
sequence_47765,118.0,sequence_47787,5.0,622.8667
sequence_47765,118.0,sequence_47684,23.0,710.4925999999999
sequence_47765,118.0,sequence_47789,10.0,580.9581000000001
sequence_47765,118.0,sequence_47790,9.0,627.7226
sequence_47765,118.0,sequence_47781,12.0,543.5277
sequence_47765,118.0,sequence_47777,11.0,537.5865
sequence_47765,118.0,sequence_47779,11.0,549.4689000000001
sequence_47765,118.0,sequence_47784,21.0,671.7084
sequence_47765,118.0,sequence_47786,18.0,615.6044
sequence_47765,118.0,sequence_47782,17.0,627.4868
sequence_47765,118.0,sequence_47772,12.0,584.8624
sequence_47765,118.0,sequence_47795,7.0,713.0431
sequence_47765,118.0,sequence_47776,9.0,441.8324
sequence_47765,118.0,sequence_47685,24.0,716.242
sequence_47765,118.0,sequence_47679,44.0,625.2123999999999
sequence_47765,118.0,sequence_47695,52.0,709.5991
sequence_47765,118.0,sequence_47710,43.0,746.7099
sequence_47765,118.0,sequence_47686,22.0,668.584
sequence_47765,118.0,sequence_47778,26.0,495.6779
sequence_47765,118.0,sequence_47780,23.0,507.56030000000004
sequence_47765,118.0,sequence_47785,25.0,538.7299
sequence_47765,118.0,sequence_47803,12.0,580.0646
sequence_47765,118.0,sequence_47663,36.0,687.0703000000001
sequence_47765,118.0,sequence_47757,36.0,692.8196999999999
sequence_47765,118.0,sequence_47783,24.5,773.3836000000001
sequence_47765,118.0,sequence_47796,20.0,645.3947
sequence_47765,118.0,sequence_47750,25.0,605.9736999999999
sequence_47765,118.0,sequence_47760,26.0,865.4938
sequence_47765,118.0,sequence_47773,19.0,542.9538
sequence_47765,118.0,sequence_47768,17.0,499.58219999999994
sequence_47765,118.0,sequence_47771,18.0,568.7561
sequence_47765,118.0,sequence_47681,44.0,630.9617999999999
sequence_47765,118.0,sequence_47696,47.0,715.3485000000001
sequence_47765,118.0,sequence_47680,73.0,742.9938
sequence_47765,118.0,sequence_47673,65.5,587.2081000000001
sequence_47765,118.0,sequence_47700,65.0,301.1481
sequence_47765,118.0,sequence_47689,52.0,758.4408
sequence_47765,118.0,sequence_47683,75.0,732.2749999999999
sequence_47765,118.0,sequence_47697,55.5,667.6905
sequence_47765,118.0,sequence_47678,37.0,630.5797000000001
sequence_47765,118.0,sequence_47682,53.0,583.3037999999999
sequence_47765,118.0,sequence_47724,48.0,616.8638000000001
sequence_47765,118.0,sequence_47806,73.0,171.6136
sequence_47765,118.0,sequence_47807,42.0,326.3342
sequence_47765,118.0,sequence_47804,23.0,500.5338
sequence_47765,118.0,sequence_47800,20.0,500.7256
sequence_47765,118.0,sequence_47799,24.0,506.6668
sequence_47765,118.0,sequence_47664,32.0,692.8197
sequence_47765,118.0,sequence_47666,69.0,506.03600000000006
sequence_47765,118.0,sequence_47671,36.0,686.1768
sequence_47765,118.0,sequence_47727,45.0,811.3879
sequence_47765,118.0,sequence_47756,37.0,794.4948999999999
sequence_47765,118.0,sequence_47775,23.0,592.3493000000001
sequence_47765,118.0,sequence_47730,35.0,683.399
sequence_47765,118.0,sequence_47758,22.0,666.506
sequence_47765,118.0,sequence_47797,27.0,767.6342
sequence_47765,118.0,sequence_47798,23.0,619.081
sequence_47765,118.0,sequence_47751,34.0,611.7230999999999
sequence_47765,118.0,sequence_47741,102.0,532.5758999999999
sequence_47765,118.0,sequence_47743,63.0,669.6646999999999
sequence_47765,118.0,sequence_47752,67.0,604.6480999999999
sequence_47765,118.0,sequence_47745,83.0,679.3183999999999
sequence_47765,118.0,sequence_47747,72.0,781.4298999999999
sequence_47765,118.0,sequence_47748,79.0,797.8453999999999
sequence_47765,118.0,sequence_47749,81.0,706.7755
sequence_47765,118.0,sequence_47744,69.0,747.8698999999999
sequence_47765,118.0,sequence_47721,40.0,590.3788
sequence_47765,118.0,sequence_47759,36.0,589.4852999999999
sequence_47765,118.0,sequence_47774,21.0,463.42299999999994
sequence_47765,118.0,sequence_47770,25.0,684.8499999999999
sequence_47765,118.0,sequence_47713,51.0,499.34919999999994
sequence_47765,118.0,sequence_47738,55.0,520.6935
sequence_47765,118.0,sequence_47769,25.0,457.67359999999996
sequence_47765,118.0,sequence_47702,69.0,306.89750000000004
sequence_47765,118.0,sequence_47672,76.0,636.9030000000001
sequence_47765,118.0,sequence_47705,71.0,487.9318
sequence_47765,118.0,sequence_47694,51.0,880.4885
sequence_47765,118.0,sequence_47691,40.0,647.7001
sequence_47765,118.0,sequence_47701,63.0,418.9295
sequence_47765,118.0,sequence_47706,77.0,573.6501
sequence_47765,118.0,sequence_47675,57.0,778.7504000000001
sequence_47765,118.0,sequence_47698,56.0,635.8177000000001
sequence_47765,118.0,sequence_47688,90.0,753.4714
sequence_47765,118.0,sequence_47704,98.0,408.21070000000003
sequence_47765,118.0,sequence_47708,111.0,562.9313
sequence_47765,118.0,sequence_47709,119.0,717.6518999999998
sequence_47765,118.0,sequence_47677,103.0,694.2707
sequence_47765,118.0,sequence_47692,87.5,600.0421
sequence_47765,118.0,sequence_47703,95.0,259.2395
sequence_47765,118.0,sequence_47707,79.0,413.96009999999995
sequence_47765,118.0,sequence_47762,127.0,143.03
sequence_47765,118.0,sequence_47767,105.0,254.7952
sequence_47765,118.0,sequence_47812,121.0,154.7206
sequence_47765,118.0,sequence_47761,120.0,148.9712
sequence_47765,118.0,sequence_47764,118.0,133.3763
sequence_47765,118.0,sequence_47763,122.0,226.9891
sequence_47765,118.0,sequence_47699,62.0,588.1597
sequence_47765,118.0,sequence_47687,92.0,672.3106
sequence_47765,118.0,sequence_47693,64.0,731.3815
sequence_47765,118.0,sequence_47690,63.0,716.5322
sequence_47765,118.0,sequence_47712,49.0,593.9136
sequence_47765,118.0,sequence_47714,51.0,500.3008
sequence_47765,118.0,sequence_47725,57.0,621.7197
sequence_47765,118.0,sequence_47669,32.0,803.6913999999999
sequence_47765,118.0,sequence_47668,48.0,766.5806
sequence_47765,118.0,sequence_47670,97.0,666.5060000000001
sequence_47765,118.0,sequence_47665,50.0,645.1616999999999
sequence_47765,118.0,sequence_47661,52.0,654.8154
sequence_47765,118.0,sequence_47667,86.0,479.7223
sequence_47765,118.0,sequence_47726,120.0,773.3836
sequence_47765,118.0,sequence_47734,110.0,763.7299
sequence_47765,118.0,sequence_47811,24.0,756.4906000000001
sequence_47765,118.0,sequence_47662,28.0,788.7455000000001
sequence_47765,118.0,sequence_47731,32.0,789.223
sequence_47765,118.0,sequence_47733,25.0,689.1484
sequence_47765,118.0,sequence_47732,30.0,805.6385
sequence_47765,118.0,sequence_47755,100.0,543.8829
sequence_47765,118.0,sequence_47746,94.0,685.0677999999999
sequence_47765,118.0,sequence_47754,70.0,643.9575
sequence_47765,118.0,sequence_47753,74.0,541.8459999999999
sequence_47765,118.0,sequence_47740,158.0,603.9463999999999
sequence_47765,118.0,sequence_47742,108.0,490.66729999999995
sequence_47765,118.0,sequence_47715,101.0,516.981
sequence_47765,118.0,sequence_47718,81.0,522.7304
sequence_47765,118.0,sequence_47717,66.0,654.0698
sequence_47765,118.0,sequence_47720,80.0,782.2505
sequence_47765,118.0,sequence_47716,84.0,594.9989
sequence_47765,118.0,sequence_47719,66.0,765.835
sequence_47765,118.0,sequence_47723,69.0,584.6089000000001
sequence_47765,118.0,sequence_47722,75.0,510.84799999999996
sequence_47765,118.0,sequence_47674,38.0,592.9575000000001
sequence_47765,118.0,sequence_47676,56.0,545.2995000000001
sequence_47765,118.0,sequence_47711,57.0,551.0534
sequence_47765,118.0,sequence_47739,35.0,478.78489999999994
sequence_47765,118.0,sequence_47735,55.0,595.2749999999999
sequence_47765,118.0,sequence_47793,16.0,640.981
sequence_47765,118.0,sequence_47801,4.0,621.9732
sequence_47765,118.0,sequence_47805,22.0,640.0875
sequence_47765,118.0,sequence_47802,4.0,627.7226
sequence_47765,118.0,sequence_47794,18.0,645.8369
sequence_47765,118.0,sequence_47728,12.0,660.871
sequence_47765,118.0,sequence_47808,4.0,722.4638
sequence_47765,118.0,sequence_47792,12.0,674.9011
sequence_47765,118.0,sequence_47791,4.0,588.9466
sequence_47765,118.0,sequence_47788,5.0,628.6161
sequence_47765,118.0,sequence_47729,34.0,712.9054
sequence_47765,118.0,sequence_47809,10.0,774.4982
sequence_47765,118.0,sequence_47737,27.0,812.5024999999999
sequence_47765,118.0,sequence_47810,5.57,639.8938
sequence_47765,118.0,sequence_47766,4.19,634.6778
sequence_47765,118.0,sequence_47736,19.0,760.4680999999999
sequence_47767,105.0,sequence_47787,5.0,534.4347
sequence_47767,105.0,sequence_47684,23.0,522.8174
sequence_47767,105.0,sequence_47789,10.0,492.52610000000004
sequence_47767,105.0,sequence_47790,9.0,539.2906
sequence_47767,105.0,sequence_47781,12.0,455.0957
sequence_47767,105.0,sequence_47777,11.0,449.1545
sequence_47767,105.0,sequence_47779,11.0,461.0369
sequence_47767,105.0,sequence_47784,21.0,583.2764
sequence_47767,105.0,sequence_47786,18.0,527.1724
sequence_47767,105.0,sequence_47782,17.0,539.0548
sequence_47767,105.0,sequence_47772,12.0,496.4304
sequence_47767,105.0,sequence_47795,7.0,624.6111
sequence_47767,105.0,sequence_47776,9.0,353.4004
sequence_47767,105.0,sequence_47685,24.0,528.5668000000001
sequence_47767,105.0,sequence_47679,44.0,437.5372
sequence_47767,105.0,sequence_47695,52.0,521.9239
sequence_47767,105.0,sequence_47710,43.0,559.0346999999999
sequence_47767,105.0,sequence_47686,22.0,480.90880000000004
sequence_47767,105.0,sequence_47778,26.0,407.2459
sequence_47767,105.0,sequence_47780,23.0,419.1283
sequence_47767,105.0,sequence_47785,25.0,450.2979
sequence_47767,105.0,sequence_47803,12.0,491.6326
sequence_47767,105.0,sequence_47663,36.0,643.9231
sequence_47767,105.0,sequence_47757,36.0,638.1737
sequence_47767,105.0,sequence_47783,24.5,684.9516000000001
sequence_47767,105.0,sequence_47796,20.0,556.9626999999999
sequence_47767,105.0,sequence_47750,25.0,551.3276999999999
sequence_47767,105.0,sequence_47760,26.0,610.6986
sequence_47767,105.0,sequence_47773,19.0,454.5218
sequence_47767,105.0,sequence_47768,17.0,411.1502
sequence_47767,105.0,sequence_47771,18.0,480.3241
sequence_47767,105.0,sequence_47681,44.0,443.2866
sequence_47767,105.0,sequence_47696,47.0,527.6732999999999
sequence_47767,105.0,sequence_47680,73.0,555.3186000000001
sequence_47767,105.0,sequence_47673,65.5,399.5329
sequence_47767,105.0,sequence_47700,65.0,113.4729
sequence_47767,105.0,sequence_47689,52.0,570.7656
sequence_47767,105.0,sequence_47683,75.0,544.5998
sequence_47767,105.0,sequence_47697,55.5,480.0153
sequence_47767,105.0,sequence_47678,37.0,442.9045
sequence_47767,105.0,sequence_47682,53.0,395.6286
sequence_47767,105.0,sequence_47724,48.0,362.0686
sequence_47767,105.0,sequence_47806,73.0,83.1816
sequence_47767,105.0,sequence_47807,42.0,237.9022
sequence_47767,105.0,sequence_47804,23.0,412.10179999999997
sequence_47767,105.0,sequence_47800,20.0,412.29359999999997
sequence_47767,105.0,sequence_47799,24.0,418.2348
sequence_47767,105.0,sequence_47664,32.0,649.6724999999999
sequence_47767,105.0,sequence_47666,69.0,462.88879999999995
sequence_47767,105.0,sequence_47671,36.0,643.0296
sequence_47767,105.0,sequence_47727,45.0,722.9559
sequence_47767,105.0,sequence_47756,37.0,739.8489000000001
sequence_47767,105.0,sequence_47775,23.0,503.91730000000007
sequence_47767,105.0,sequence_47730,35.0,594.967
sequence_47767,105.0,sequence_47758,22.0,611.86
sequence_47767,105.0,sequence_47797,27.0,679.2022
sequence_47767,105.0,sequence_47798,23.0,530.649
sequence_47767,105.0,sequence_47751,34.0,557.0771
sequence_47767,105.0,sequence_47741,102.0,477.9299
sequence_47767,105.0,sequence_47743,63.0,615.0187
sequence_47767,105.0,sequence_47752,67.0,550.0020999999999
sequence_47767,105.0,sequence_47745,83.0,624.6723999999999
sequence_47767,105.0,sequence_47747,72.0,726.7838999999999
sequence_47767,105.0,sequence_47748,79.0,743.1994
sequence_47767,105.0,sequence_47749,81.0,652.1295
sequence_47767,105.0,sequence_47744,69.0,693.2239
sequence_47767,105.0,sequence_47721,40.0,483.10540000000003
sequence_47767,105.0,sequence_47759,36.0,483.99889999999994
sequence_47767,105.0,sequence_47774,21.0,374.991
sequence_47767,105.0,sequence_47770,25.0,596.418
sequence_47767,105.0,sequence_47713,51.0,487.39179999999993
sequence_47767,105.0,sequence_47738,55.0,466.04749999999996
sequence_47767,105.0,sequence_47769,25.0,369.2416
sequence_47767,105.0,sequence_47702,69.0,119.22229999999999
sequence_47767,105.0,sequence_47672,76.0,449.22780000000006
sequence_47767,105.0,sequence_47705,71.0,300.2566
sequence_47767,105.0,sequence_47694,51.0,692.8133
sequence_47767,105.0,sequence_47691,40.0,460.0249
sequence_47767,105.0,sequence_47701,63.0,231.2543
sequence_47767,105.0,sequence_47706,77.0,385.9749
sequence_47767,105.0,sequence_47675,57.0,591.0752
sequence_47767,105.0,sequence_47698,56.0,448.1425
sequence_47767,105.0,sequence_47688,90.0,565.7962
sequence_47767,105.0,sequence_47704,98.0,220.5355
sequence_47767,105.0,sequence_47708,111.0,375.2561
sequence_47767,105.0,sequence_47709,119.0,529.9766999999999
sequence_47767,105.0,sequence_47677,103.0,506.5955
sequence_47767,105.0,sequence_47692,87.5,412.3669
sequence_47767,105.0,sequence_47703,95.0,71.5643
sequence_47767,105.0,sequence_47707,79.0,226.2849
sequence_47767,105.0,sequence_47762,127.0,111.7652
sequence_47767,105.0,sequence_47765,118.0,254.7952
sequence_47767,105.0,sequence_47812,121.0,100.0746
sequence_47767,105.0,sequence_47761,120.0,105.824
sequence_47767,105.0,sequence_47764,118.0,121.4189
sequence_47767,105.0,sequence_47763,122.0,27.8061
sequence_47767,105.0,sequence_47699,62.0,400.48449999999997
sequence_47767,105.0,sequence_47687,92.0,484.6354
sequence_47767,105.0,sequence_47693,64.0,543.7063
sequence_47767,105.0,sequence_47690,63.0,528.857
sequence_47767,105.0,sequence_47712,49.0,394.7306
sequence_47767,105.0,sequence_47714,51.0,488.3434
sequence_47767,105.0,sequence_47725,57.0,366.92449999999997
sequence_47767,105.0,sequence_47669,32.0,760.5442
sequence_47767,105.0,sequence_47668,48.0,723.4333999999999
sequence_47767,105.0,sequence_47670,97.0,623.3588
sequence_47767,105.0,sequence_47665,50.0,602.0145
sequence_47767,105.0,sequence_47661,52.0,611.6682000000001
sequence_47767,105.0,sequence_47667,86.0,436.5751
sequence_47767,105.0,sequence_47726,120.0,684.9516000000001
sequence_47767,105.0,sequence_47734,110.0,675.2979
sequence_47767,105.0,sequence_47811,24.0,701.8446000000001
sequence_47767,105.0,sequence_47662,28.0,745.5983
sequence_47767,105.0,sequence_47731,32.0,700.7909999999999
sequence_47767,105.0,sequence_47733,25.0,600.7164
sequence_47767,105.0,sequence_47732,30.0,717.2065
sequence_47767,105.0,sequence_47755,100.0,489.2369
sequence_47767,105.0,sequence_47746,94.0,630.4218
sequence_47767,105.0,sequence_47754,70.0,589.3115
sequence_47767,105.0,sequence_47753,74.0,487.2
sequence_47767,105.0,sequence_47740,158.0,549.3004
sequence_47767,105.0,sequence_47742,108.0,436.0213
sequence_47767,105.0,sequence_47715,101.0,409.7076
sequence_47767,105.0,sequence_47718,81.0,415.457
sequence_47767,105.0,sequence_47717,66.0,546.7964
sequence_47767,105.0,sequence_47720,80.0,674.9771000000001
sequence_47767,105.0,sequence_47716,84.0,487.7255
sequence_47767,105.0,sequence_47719,66.0,658.5616
sequence_47767,105.0,sequence_47723,69.0,329.8137
sequence_47767,105.0,sequence_47722,75.0,403.5746
sequence_47767,105.0,sequence_47674,38.0,405.2823
sequence_47767,105.0,sequence_47676,56.0,357.6243
sequence_47767,105.0,sequence_47711,57.0,351.87039999999996
sequence_47767,105.0,sequence_47739,35.0,424.1389
sequence_47767,105.0,sequence_47735,55.0,340.4798
sequence_47767,105.0,sequence_47793,16.0,552.549
sequence_47767,105.0,sequence_47801,4.0,533.5412
sequence_47767,105.0,sequence_47805,22.0,551.6555
sequence_47767,105.0,sequence_47802,4.0,539.2906
sequence_47767,105.0,sequence_47794,18.0,557.4049
sequence_47767,105.0,sequence_47728,12.0,572.439
sequence_47767,105.0,sequence_47808,4.0,467.6686
sequence_47767,105.0,sequence_47792,12.0,586.4691
sequence_47767,105.0,sequence_47791,4.0,500.5146
sequence_47767,105.0,sequence_47788,5.0,540.1841
sequence_47767,105.0,sequence_47729,34.0,624.4734000000001
sequence_47767,105.0,sequence_47809,10.0,519.703
sequence_47767,105.0,sequence_47737,27.0,557.7073
sequence_47767,105.0,sequence_47810,5.57,517.4076
sequence_47767,105.0,sequence_47766,4.19,522.6236
sequence_47767,105.0,sequence_47736,19.0,505.6729
sequence_47812,121.0,sequence_47787,5.0,468.14610000000005
sequence_47812,121.0,sequence_47684,23.0,555.7719999999999
sequence_47812,121.0,sequence_47789,10.0,426.23750000000007
sequence_47812,121.0,sequence_47790,9.0,473.00200000000007
sequence_47812,121.0,sequence_47781,12.0,388.80710000000005
sequence_47812,121.0,sequence_47777,11.0,382.8659
sequence_47812,121.0,sequence_47779,11.0,394.74830000000003
sequence_47812,121.0,sequence_47784,21.0,516.9878
sequence_47812,121.0,sequence_47786,18.0,460.8838
sequence_47812,121.0,sequence_47782,17.0,472.7662
sequence_47812,121.0,sequence_47772,12.0,430.1418
sequence_47812,121.0,sequence_47795,7.0,558.3225
sequence_47812,121.0,sequence_47776,9.0,287.1118
sequence_47812,121.0,sequence_47685,24.0,561.5214
sequence_47812,121.0,sequence_47679,44.0,470.49179999999996
sequence_47812,121.0,sequence_47695,52.0,554.8784999999999
sequence_47812,121.0,sequence_47710,43.0,591.9893
sequence_47812,121.0,sequence_47686,22.0,513.8634
sequence_47812,121.0,sequence_47778,26.0,340.95730000000003
sequence_47812,121.0,sequence_47780,23.0,352.83970000000005
sequence_47812,121.0,sequence_47785,25.0,384.00930000000005
sequence_47812,121.0,sequence_47803,12.0,425.34400000000005
sequence_47812,121.0,sequence_47663,36.0,543.8485000000001
sequence_47812,121.0,sequence_47757,36.0,538.0991
sequence_47812,121.0,sequence_47783,24.5,618.663
sequence_47812,121.0,sequence_47796,20.0,490.67409999999995
sequence_47812,121.0,sequence_47750,25.0,451.2531
sequence_47812,121.0,sequence_47760,26.0,710.7732000000001
sequence_47812,121.0,sequence_47773,19.0,388.2332
sequence_47812,121.0,sequence_47768,17.0,344.86159999999995
sequence_47812,121.0,sequence_47771,18.0,414.03549999999996
sequence_47812,121.0,sequence_47681,44.0,476.2412
sequence_47812,121.0,sequence_47696,47.0,560.6279
sequence_47812,121.0,sequence_47680,73.0,588.2732
sequence_47812,121.0,sequence_47673,65.5,432.4875
sequence_47812,121.0,sequence_47700,65.0,146.4275
sequence_47812,121.0,sequence_47689,52.0,603.7202
sequence_47812,121.0,sequence_47683,75.0,577.5544
sequence_47812,121.0,sequence_47697,55.5,512.9698999999999
sequence_47812,121.0,sequence_47678,37.0,475.8591
sequence_47812,121.0,sequence_47682,53.0,428.5832
sequence_47812,121.0,sequence_47724,48.0,462.14320000000004
sequence_47812,121.0,sequence_47806,73.0,16.893
sequence_47812,121.0,sequence_47807,42.0,171.6136
sequence_47812,121.0,sequence_47804,23.0,345.8132
sequence_47812,121.0,sequence_47800,20.0,346.005
sequence_47812,121.0,sequence_47799,24.0,351.94620000000003
sequence_47812,121.0,sequence_47664,32.0,549.5979
sequence_47812,121.0,sequence_47666,69.0,362.8142
sequence_47812,121.0,sequence_47671,36.0,542.955
sequence_47812,121.0,sequence_47727,45.0,656.6673000000001
sequence_47812,121.0,sequence_47756,37.0,639.7743
sequence_47812,121.0,sequence_47775,23.0,437.62870000000004
sequence_47812,121.0,sequence_47730,35.0,528.6784
sequence_47812,121.0,sequence_47758,22.0,511.7854
sequence_47812,121.0,sequence_47797,27.0,612.9136000000001
sequence_47812,121.0,sequence_47798,23.0,464.3604
sequence_47812,121.0,sequence_47751,34.0,457.0025
sequence_47812,121.0,sequence_47741,102.0,377.8553
sequence_47812,121.0,sequence_47743,63.0,514.9440999999999
sequence_47812,121.0,sequence_47752,67.0,449.9275
sequence_47812,121.0,sequence_47745,83.0,524.5978
sequence_47812,121.0,sequence_47747,72.0,626.7093
sequence_47812,121.0,sequence_47748,79.0,643.1248
sequence_47812,121.0,sequence_47749,81.0,552.0549
sequence_47812,121.0,sequence_47744,69.0,593.1493
sequence_47812,121.0,sequence_47721,40.0,435.65819999999997
sequence_47812,121.0,sequence_47759,36.0,434.76469999999995
sequence_47812,121.0,sequence_47774,21.0,308.70239999999995
sequence_47812,121.0,sequence_47770,25.0,530.1294
sequence_47812,121.0,sequence_47713,51.0,387.3172
sequence_47812,121.0,sequence_47738,55.0,365.9729
sequence_47812,121.0,sequence_47769,25.0,302.953
sequence_47812,121.0,sequence_47702,69.0,152.1769
sequence_47812,121.0,sequence_47672,76.0,482.18240000000003
sequence_47812,121.0,sequence_47705,71.0,333.2112
sequence_47812,121.0,sequence_47694,51.0,725.7679
sequence_47812,121.0,sequence_47691,40.0,492.9795
sequence_47812,121.0,sequence_47701,63.0,264.20889999999997
sequence_47812,121.0,sequence_47706,77.0,418.9295
sequence_47812,121.0,sequence_47675,57.0,624.0298
sequence_47812,121.0,sequence_47698,56.0,481.09709999999995
sequence_47812,121.0,sequence_47688,90.0,598.7508
sequence_47812,121.0,sequence_47704,98.0,253.4901
sequence_47812,121.0,sequence_47708,111.0,408.21070000000003
sequence_47812,121.0,sequence_47709,119.0,562.9313
sequence_47812,121.0,sequence_47677,103.0,539.5501
sequence_47812,121.0,sequence_47692,87.5,445.32149999999996
sequence_47812,121.0,sequence_47703,95.0,104.5189
sequence_47812,121.0,sequence_47707,79.0,259.2395
sequence_47812,121.0,sequence_47762,127.0,11.690600000000002
sequence_47812,121.0,sequence_47765,118.0,154.7206
sequence_47812,121.0,sequence_47767,105.0,100.0746
sequence_47812,121.0,sequence_47761,120.0,5.7494
sequence_47812,121.0,sequence_47764,118.0,21.344299999999997
sequence_47812,121.0,sequence_47763,122.0,72.2685
sequence_47812,121.0,sequence_47699,62.0,433.43909999999994
sequence_47812,121.0,sequence_47687,92.0,517.5899999999999
sequence_47812,121.0,sequence_47693,64.0,576.6609
sequence_47812,121.0,sequence_47690,63.0,561.8116
sequence_47812,121.0,sequence_47712,49.0,439.193
sequence_47812,121.0,sequence_47714,51.0,388.26879999999994
sequence_47812,121.0,sequence_47725,57.0,466.9991
sequence_47812,121.0,sequence_47669,32.0,660.4695999999999
sequence_47812,121.0,sequence_47668,48.0,623.3588
sequence_47812,121.0,sequence_47670,97.0,523.2842
sequence_47812,121.0,sequence_47665,50.0,501.9399
sequence_47812,121.0,sequence_47661,52.0,511.5936
sequence_47812,121.0,sequence_47667,86.0,336.5005
sequence_47812,121.0,sequence_47726,120.0,618.663
sequence_47812,121.0,sequence_47734,110.0,609.0093
sequence_47812,121.0,sequence_47811,24.0,601.77
sequence_47812,121.0,sequence_47662,28.0,645.5237000000001
sequence_47812,121.0,sequence_47731,32.0,634.5024000000001
sequence_47812,121.0,sequence_47733,25.0,534.4277999999999
sequence_47812,121.0,sequence_47732,30.0,650.9179
sequence_47812,121.0,sequence_47755,100.0,389.1623
sequence_47812,121.0,sequence_47746,94.0,530.3471999999999
sequence_47812,121.0,sequence_47754,70.0,489.2369
sequence_47812,121.0,sequence_47753,74.0,387.1254
sequence_47812,121.0,sequence_47740,158.0,449.22580000000005
sequence_47812,121.0,sequence_47742,108.0,335.9467
sequence_47812,121.0,sequence_47715,101.0,362.2604
sequence_47812,121.0,sequence_47718,81.0,368.0098
sequence_47812,121.0,sequence_47717,66.0,499.3492
sequence_47812,121.0,sequence_47720,80.0,627.5299
sequence_47812,121.0,sequence_47716,84.0,440.2783
sequence_47812,121.0,sequence_47719,66.0,611.1143999999999
sequence_47812,121.0,sequence_47723,69.0,429.88829999999996
sequence_47812,121.0,sequence_47722,75.0,356.12739999999997
sequence_47812,121.0,sequence_47674,38.0,438.23690000000005
sequence_47812,121.0,sequence_47676,56.0,390.57890000000003
sequence_47812,121.0,sequence_47711,57.0,396.33279999999996
sequence_47812,121.0,sequence_47739,35.0,324.0643
sequence_47812,121.0,sequence_47735,55.0,440.55440000000004
sequence_47812,121.0,sequence_47793,16.0,486.2604
sequence_47812,121.0,sequence_47801,4.0,467.25260000000003
sequence_47812,121.0,sequence_47805,22.0,485.3669
sequence_47812,121.0,sequence_47802,4.0,473.002
sequence_47812,121.0,sequence_47794,18.0,491.1163
sequence_47812,121.0,sequence_47728,12.0,506.15040000000005
sequence_47812,121.0,sequence_47808,4.0,567.7432
sequence_47812,121.0,sequence_47792,12.0,520.1805
sequence_47812,121.0,sequence_47791,4.0,434.226
sequence_47812,121.0,sequence_47788,5.0,473.8955
sequence_47812,121.0,sequence_47729,34.0,558.1848
sequence_47812,121.0,sequence_47809,10.0,619.7776
sequence_47812,121.0,sequence_47737,27.0,657.7819
sequence_47812,121.0,sequence_47810,5.57,485.1732
sequence_47812,121.0,sequence_47766,4.19,479.95720000000006
sequence_47812,121.0,sequence_47736,19.0,605.7475
sequence_47761,120.0,sequence_47787,5.0,473.8955
sequence_47761,120.0,sequence_47684,23.0,561.5214
sequence_47761,120.0,sequence_47789,10.0,431.9869
sequence_47761,120.0,sequence_47790,9.0,478.7514
sequence_47761,120.0,sequence_47781,12.0,394.5565
sequence_47761,120.0,sequence_47777,11.0,388.6153
sequence_47761,120.0,sequence_47779,11.0,400.4977
sequence_47761,120.0,sequence_47784,21.0,522.7372
sequence_47761,120.0,sequence_47786,18.0,466.6332
sequence_47761,120.0,sequence_47782,17.0,478.5156
sequence_47761,120.0,sequence_47772,12.0,435.8912
sequence_47761,120.0,sequence_47795,7.0,564.0719
sequence_47761,120.0,sequence_47776,9.0,292.8612
sequence_47761,120.0,sequence_47685,24.0,567.2708
sequence_47761,120.0,sequence_47679,44.0,476.2412
sequence_47761,120.0,sequence_47695,52.0,560.6279
sequence_47761,120.0,sequence_47710,43.0,597.7387
sequence_47761,120.0,sequence_47686,22.0,519.6128
sequence_47761,120.0,sequence_47778,26.0,346.7067
sequence_47761,120.0,sequence_47780,23.0,358.58910000000003
sequence_47761,120.0,sequence_47785,25.0,389.75870000000003
sequence_47761,120.0,sequence_47803,12.0,431.0934
sequence_47761,120.0,sequence_47663,36.0,538.0991
sequence_47761,120.0,sequence_47757,36.0,543.8485000000001
sequence_47761,120.0,sequence_47783,24.5,624.4124
sequence_47761,120.0,sequence_47796,20.0,496.4235
sequence_47761,120.0,sequence_47750,25.0,457.0025
sequence_47761,120.0,sequence_47760,26.0,716.5226
sequence_47761,120.0,sequence_47773,19.0,393.98260000000005
sequence_47761,120.0,sequence_47768,17.0,350.611
sequence_47761,120.0,sequence_47771,18.0,419.7849
sequence_47761,120.0,sequence_47681,44.0,481.99060000000003
sequence_47761,120.0,sequence_47696,47.0,566.3773
sequence_47761,120.0,sequence_47680,73.0,594.0226
sequence_47761,120.0,sequence_47673,65.5,438.2369
sequence_47761,120.0,sequence_47700,65.0,152.1769
sequence_47761,120.0,sequence_47689,52.0,609.4696
sequence_47761,120.0,sequence_47683,75.0,583.3038
sequence_47761,120.0,sequence_47697,55.5,518.7193
sequence_47761,120.0,sequence_47678,37.0,481.60850000000005
sequence_47761,120.0,sequence_47682,53.0,434.3326
sequence_47761,120.0,sequence_47724,48.0,467.89259999999996
sequence_47761,120.0,sequence_47806,73.0,22.6424
sequence_47761,120.0,sequence_47807,42.0,177.363
sequence_47761,120.0,sequence_47804,23.0,351.5626
sequence_47761,120.0,sequence_47800,20.0,351.7544
sequence_47761,120.0,sequence_47799,24.0,357.6956
sequence_47761,120.0,sequence_47664,32.0,543.8485000000001
sequence_47761,120.0,sequence_47666,69.0,357.0648
sequence_47761,120.0,sequence_47671,36.0,537.2056
sequence_47761,120.0,sequence_47727,45.0,662.4167
sequence_47761,120.0,sequence_47756,37.0,645.5237000000001
sequence_47761,120.0,sequence_47775,23.0,443.3781
sequence_47761,120.0,sequence_47730,35.0,534.4278
sequence_47761,120.0,sequence_47758,22.0,517.5348
sequence_47761,120.0,sequence_47797,27.0,618.663
sequence_47761,120.0,sequence_47798,23.0,470.10980000000006
sequence_47761,120.0,sequence_47751,34.0,462.7519
sequence_47761,120.0,sequence_47741,102.0,383.6047
sequence_47761,120.0,sequence_47743,63.0,520.6935
sequence_47761,120.0,sequence_47752,67.0,455.6769
sequence_47761,120.0,sequence_47745,83.0,530.3471999999999
sequence_47761,120.0,sequence_47747,72.0,632.4586999999999
sequence_47761,120.0,sequence_47748,79.0,648.8742
sequence_47761,120.0,sequence_47749,81.0,557.8043
sequence_47761,120.0,sequence_47744,69.0,598.8987
sequence_47761,120.0,sequence_47721,40.0,441.4076
sequence_47761,120.0,sequence_47759,36.0,440.5141
sequence_47761,120.0,sequence_47774,21.0,314.4518
sequence_47761,120.0,sequence_47770,25.0,535.8788
sequence_47761,120.0,sequence_47713,51.0,381.5678
sequence_47761,120.0,sequence_47738,55.0,371.72229999999996
sequence_47761,120.0,sequence_47769,25.0,308.7024
sequence_47761,120.0,sequence_47702,69.0,157.9263
sequence_47761,120.0,sequence_47672,76.0,487.9318
sequence_47761,120.0,sequence_47705,71.0,338.9606
sequence_47761,120.0,sequence_47694,51.0,731.5173
sequence_47761,120.0,sequence_47691,40.0,498.7289
sequence_47761,120.0,sequence_47701,63.0,269.9583
sequence_47761,120.0,sequence_47706,77.0,424.6789
sequence_47761,120.0,sequence_47675,57.0,629.7792
sequence_47761,120.0,sequence_47698,56.0,486.8465
sequence_47761,120.0,sequence_47688,90.0,604.5002
sequence_47761,120.0,sequence_47704,98.0,259.2395
sequence_47761,120.0,sequence_47708,111.0,413.9601
sequence_47761,120.0,sequence_47709,119.0,568.6807
sequence_47761,120.0,sequence_47677,103.0,545.2995000000001
sequence_47761,120.0,sequence_47692,87.5,451.0709
sequence_47761,120.0,sequence_47703,95.0,110.26830000000001
sequence_47761,120.0,sequence_47707,79.0,264.9889
sequence_47761,120.0,sequence_47762,127.0,5.941200000000002
sequence_47761,120.0,sequence_47765,118.0,148.9712
sequence_47761,120.0,sequence_47767,105.0,105.824
sequence_47761,120.0,sequence_47812,121.0,5.7494
sequence_47761,120.0,sequence_47764,118.0,15.594899999999999
sequence_47761,120.0,sequence_47763,122.0,78.0179
sequence_47761,120.0,sequence_47699,62.0,439.1885
sequence_47761,120.0,sequence_47687,92.0,523.3394000000001
sequence_47761,120.0,sequence_47693,64.0,582.4103
sequence_47761,120.0,sequence_47690,63.0,567.561
sequence_47761,120.0,sequence_47712,49.0,444.94239999999996
sequence_47761,120.0,sequence_47714,51.0,382.51939999999996
sequence_47761,120.0,sequence_47725,57.0,472.7484999999999
sequence_47761,120.0,sequence_47669,32.0,654.7202
sequence_47761,120.0,sequence_47668,48.0,617.6094
sequence_47761,120.0,sequence_47670,97.0,517.5347999999999
sequence_47761,120.0,sequence_47665,50.0,496.1905
sequence_47761,120.0,sequence_47661,52.0,505.8442
sequence_47761,120.0,sequence_47667,86.0,330.7511
sequence_47761,120.0,sequence_47726,120.0,624.4124
sequence_47761,120.0,sequence_47734,110.0,614.7587000000001
sequence_47761,120.0,sequence_47811,24.0,607.5194000000001
sequence_47761,120.0,sequence_47662,28.0,639.7743
sequence_47761,120.0,sequence_47731,32.0,640.2518
sequence_47761,120.0,sequence_47733,25.0,540.1772000000001
sequence_47761,120.0,sequence_47732,30.0,656.6673000000001
sequence_47761,120.0,sequence_47755,100.0,394.9117
sequence_47761,120.0,sequence_47746,94.0,536.0966
sequence_47761,120.0,sequence_47754,70.0,494.98629999999997
sequence_47761,120.0,sequence_47753,74.0,392.8748
sequence_47761,120.0,sequence_47740,158.0,454.9752
sequence_47761,120.0,sequence_47742,108.0,341.6961
sequence_47761,120.0,sequence_47715,101.0,368.00980000000004
sequence_47761,120.0,sequence_47718,81.0,373.7592
sequence_47761,120.0,sequence_47717,66.0,505.09860000000003
sequence_47761,120.0,sequence_47720,80.0,633.2793
sequence_47761,120.0,sequence_47716,84.0,446.02770000000004
sequence_47761,120.0,sequence_47719,66.0,616.8638000000001
sequence_47761,120.0,sequence_47723,69.0,435.6377
sequence_47761,120.0,sequence_47722,75.0,361.8768
sequence_47761,120.0,sequence_47674,38.0,443.9863
sequence_47761,120.0,sequence_47676,56.0,396.3283
sequence_47761,120.0,sequence_47711,57.0,402.0822
sequence_47761,120.0,sequence_47739,35.0,329.8137
sequence_47761,120.0,sequence_47735,55.0,446.30379999999997
sequence_47761,120.0,sequence_47793,16.0,492.00980000000004
sequence_47761,120.0,sequence_47801,4.0,473.002
sequence_47761,120.0,sequence_47805,22.0,491.1163
sequence_47761,120.0,sequence_47802,4.0,478.7514
sequence_47761,120.0,sequence_47794,18.0,496.8657
sequence_47761,120.0,sequence_47728,12.0,511.8998
sequence_47761,120.0,sequence_47808,4.0,573.4926
sequence_47761,120.0,sequence_47792,12.0,525.9299000000001
sequence_47761,120.0,sequence_47791,4.0,439.97540000000004
sequence_47761,120.0,sequence_47788,5.0,479.6449
sequence_47761,120.0,sequence_47729,34.0,563.9342
sequence_47761,120.0,sequence_47809,10.0,625.527
sequence_47761,120.0,sequence_47737,27.0,663.5313000000001
sequence_47761,120.0,sequence_47810,5.57,490.9226
sequence_47761,120.0,sequence_47766,4.19,485.7066
sequence_47761,120.0,sequence_47736,19.0,611.4969
sequence_47764,118.0,sequence_47787,5.0,489.4904
sequence_47764,118.0,sequence_47684,23.0,577.1163
sequence_47764,118.0,sequence_47789,10.0,447.58180000000004
sequence_47764,118.0,sequence_47790,9.0,494.34630000000004
sequence_47764,118.0,sequence_47781,12.0,410.1514
sequence_47764,118.0,sequence_47777,11.0,404.2102
sequence_47764,118.0,sequence_47779,11.0,416.0926
sequence_47764,118.0,sequence_47784,21.0,538.3321
sequence_47764,118.0,sequence_47786,18.0,482.2281
sequence_47764,118.0,sequence_47782,17.0,494.1105
sequence_47764,118.0,sequence_47772,12.0,451.4861
sequence_47764,118.0,sequence_47795,7.0,579.6668
sequence_47764,118.0,sequence_47776,9.0,308.4561
sequence_47764,118.0,sequence_47685,24.0,582.8657000000001
sequence_47764,118.0,sequence_47679,44.0,491.8361
sequence_47764,118.0,sequence_47695,52.0,576.2228
sequence_47764,118.0,sequence_47710,43.0,613.3335999999999
sequence_47764,118.0,sequence_47686,22.0,535.2077
sequence_47764,118.0,sequence_47778,26.0,362.3016
sequence_47764,118.0,sequence_47780,23.0,374.184
sequence_47764,118.0,sequence_47785,25.0,405.35360000000003
sequence_47764,118.0,sequence_47803,12.0,446.6883
sequence_47764,118.0,sequence_47663,36.0,553.694
sequence_47764,118.0,sequence_47757,36.0,559.4434
sequence_47764,118.0,sequence_47783,24.5,640.0073
sequence_47764,118.0,sequence_47796,20.0,512.0183999999999
sequence_47764,118.0,sequence_47750,25.0,472.59740000000005
sequence_47764,118.0,sequence_47760,26.0,732.1175000000001
sequence_47764,118.0,sequence_47773,19.0,409.5775
sequence_47764,118.0,sequence_47768,17.0,366.2059
sequence_47764,118.0,sequence_47771,18.0,435.3798
sequence_47764,118.0,sequence_47681,44.0,497.5855
sequence_47764,118.0,sequence_47696,47.0,581.9721999999999
sequence_47764,118.0,sequence_47680,73.0,609.6175000000001
sequence_47764,118.0,sequence_47673,65.5,453.8318
sequence_47764,118.0,sequence_47700,65.0,167.77179999999998
sequence_47764,118.0,sequence_47689,52.0,625.0645
sequence_47764,118.0,sequence_47683,75.0,598.8987
sequence_47764,118.0,sequence_47697,55.5,534.3142
sequence_47764,118.0,sequence_47678,37.0,497.2034
sequence_47764,118.0,sequence_47682,53.0,449.9275
sequence_47764,118.0,sequence_47724,48.0,483.4875
sequence_47764,118.0,sequence_47806,73.0,38.2373
sequence_47764,118.0,sequence_47807,42.0,192.9579
sequence_47764,118.0,sequence_47804,23.0,367.15749999999997
sequence_47764,118.0,sequence_47800,20.0,367.34929999999997
sequence_47764,118.0,sequence_47799,24.0,373.2905
sequence_47764,118.0,sequence_47664,32.0,559.4434
sequence_47764,118.0,sequence_47666,69.0,372.6597
sequence_47764,118.0,sequence_47671,36.0,552.8004999999999
sequence_47764,118.0,sequence_47727,45.0,678.0116
sequence_47764,118.0,sequence_47756,37.0,661.1186
sequence_47764,118.0,sequence_47775,23.0,458.97300000000007
sequence_47764,118.0,sequence_47730,35.0,550.0227
sequence_47764,118.0,sequence_47758,22.0,533.1297
sequence_47764,118.0,sequence_47797,27.0,634.2579000000001
sequence_47764,118.0,sequence_47798,23.0,485.7047
sequence_47764,118.0,sequence_47751,34.0,478.34680000000003
sequence_47764,118.0,sequence_47741,102.0,399.19960000000003
sequence_47764,118.0,sequence_47743,63.0,536.2884
sequence_47764,118.0,sequence_47752,67.0,471.27180000000004
sequence_47764,118.0,sequence_47745,83.0,545.9421
sequence_47764,118.0,sequence_47747,72.0,648.0536
sequence_47764,118.0,sequence_47748,79.0,664.4691
sequence_47764,118.0,sequence_47749,81.0,573.3992000000001
sequence_47764,118.0,sequence_47744,69.0,614.4936
sequence_47764,118.0,sequence_47721,40.0,457.00249999999994
sequence_47764,118.0,sequence_47759,36.0,456.10900000000004
sequence_47764,118.0,sequence_47774,21.0,330.0467
sequence_47764,118.0,sequence_47770,25.0,551.4737
sequence_47764,118.0,sequence_47713,51.0,365.9729
sequence_47764,118.0,sequence_47738,55.0,387.3172
sequence_47764,118.0,sequence_47769,25.0,324.2973
sequence_47764,118.0,sequence_47702,69.0,173.5212
sequence_47764,118.0,sequence_47672,76.0,503.52670000000006
sequence_47764,118.0,sequence_47705,71.0,354.5555
sequence_47764,118.0,sequence_47694,51.0,747.1122
sequence_47764,118.0,sequence_47691,40.0,514.3238
sequence_47764,118.0,sequence_47701,63.0,285.5532
sequence_47764,118.0,sequence_47706,77.0,440.2738
sequence_47764,118.0,sequence_47675,57.0,645.3741
sequence_47764,118.0,sequence_47698,56.0,502.4414
sequence_47764,118.0,sequence_47688,90.0,620.0951
sequence_47764,118.0,sequence_47704,98.0,274.8344
sequence_47764,118.0,sequence_47708,111.0,429.555
sequence_47764,118.0,sequence_47709,119.0,584.2755999999999
sequence_47764,118.0,sequence_47677,103.0,560.8944
sequence_47764,118.0,sequence_47692,87.5,466.6658
sequence_47764,118.0,sequence_47703,95.0,125.8632
sequence_47764,118.0,sequence_47707,79.0,280.5838
sequence_47764,118.0,sequence_47762,127.0,9.653699999999997
sequence_47764,118.0,sequence_47765,118.0,133.3763
sequence_47764,118.0,sequence_47767,105.0,121.4189
sequence_47764,118.0,sequence_47812,121.0,21.344299999999997
sequence_47764,118.0,sequence_47761,120.0,15.594899999999999
sequence_47764,118.0,sequence_47763,122.0,93.6128
sequence_47764,118.0,sequence_47699,62.0,454.7834
sequence_47764,118.0,sequence_47687,92.0,538.9343
sequence_47764,118.0,sequence_47693,64.0,598.0052000000001
sequence_47764,118.0,sequence_47690,63.0,583.1559
sequence_47764,118.0,sequence_47712,49.0,460.53729999999996
sequence_47764,118.0,sequence_47714,51.0,366.92449999999997
sequence_47764,118.0,sequence_47725,57.0,488.3434
sequence_47764,118.0,sequence_47669,32.0,670.3151
sequence_47764,118.0,sequence_47668,48.0,633.2043000000001
sequence_47764,118.0,sequence_47670,97.0,533.1297
sequence_47764,118.0,sequence_47665,50.0,511.7854
sequence_47764,118.0,sequence_47661,52.0,521.4391
sequence_47764,118.0,sequence_47667,86.0,346.346
sequence_47764,118.0,sequence_47726,120.0,640.0073
sequence_47764,118.0,sequence_47734,110.0,630.3536
sequence_47764,118.0,sequence_47811,24.0,623.1143
sequence_47764,118.0,sequence_47662,28.0,655.3692000000001
sequence_47764,118.0,sequence_47731,32.0,655.8467
sequence_47764,118.0,sequence_47733,25.0,555.7720999999999
sequence_47764,118.0,sequence_47732,30.0,672.2622
sequence_47764,118.0,sequence_47755,100.0,410.50660000000005
sequence_47764,118.0,sequence_47746,94.0,551.6915
sequence_47764,118.0,sequence_47754,70.0,510.5812
sequence_47764,118.0,sequence_47753,74.0,408.46970000000005
sequence_47764,118.0,sequence_47740,158.0,470.5701
sequence_47764,118.0,sequence_47742,108.0,357.29100000000005
sequence_47764,118.0,sequence_47715,101.0,383.6047
sequence_47764,118.0,sequence_47718,81.0,389.35409999999996
sequence_47764,118.0,sequence_47717,66.0,520.6935
sequence_47764,118.0,sequence_47720,80.0,648.8742
sequence_47764,118.0,sequence_47716,84.0,461.6226
sequence_47764,118.0,sequence_47719,66.0,632.4586999999999
sequence_47764,118.0,sequence_47723,69.0,451.23259999999993
sequence_47764,118.0,sequence_47722,75.0,377.47169999999994
sequence_47764,118.0,sequence_47674,38.0,459.5812
sequence_47764,118.0,sequence_47676,56.0,411.9232
sequence_47764,118.0,sequence_47711,57.0,417.6771
sequence_47764,118.0,sequence_47739,35.0,345.40860000000004
sequence_47764,118.0,sequence_47735,55.0,461.8987
sequence_47764,118.0,sequence_47793,16.0,507.6047
sequence_47764,118.0,sequence_47801,4.0,488.5969
sequence_47764,118.0,sequence_47805,22.0,506.71119999999996
sequence_47764,118.0,sequence_47802,4.0,494.3463
sequence_47764,118.0,sequence_47794,18.0,512.4606
sequence_47764,118.0,sequence_47728,12.0,527.4947
sequence_47764,118.0,sequence_47808,4.0,589.0875000000001
sequence_47764,118.0,sequence_47792,12.0,541.5248
sequence_47764,118.0,sequence_47791,4.0,455.5703
sequence_47764,118.0,sequence_47788,5.0,495.2398
sequence_47764,118.0,sequence_47729,34.0,579.5291
sequence_47764,118.0,sequence_47809,10.0,641.1219000000001
sequence_47764,118.0,sequence_47737,27.0,679.1262000000002
sequence_47764,118.0,sequence_47810,5.57,506.51750000000004
sequence_47764,118.0,sequence_47766,4.19,501.30150000000003
sequence_47764,118.0,sequence_47736,19.0,627.0918
sequence_47763,122.0,sequence_47787,5.0,506.6286
sequence_47763,122.0,sequence_47684,23.0,495.0113
sequence_47763,122.0,sequence_47789,10.0,464.72
sequence_47763,122.0,sequence_47790,9.0,511.4845
sequence_47763,122.0,sequence_47781,12.0,427.2896
sequence_47763,122.0,sequence_47777,11.0,421.34839999999997
sequence_47763,122.0,sequence_47779,11.0,433.2308
sequence_47763,122.0,sequence_47784,21.0,555.4703
sequence_47763,122.0,sequence_47786,18.0,499.36629999999997
sequence_47763,122.0,sequence_47782,17.0,511.2487
sequence_47763,122.0,sequence_47772,12.0,468.6243
sequence_47763,122.0,sequence_47795,7.0,596.805
sequence_47763,122.0,sequence_47776,9.0,325.5943
sequence_47763,122.0,sequence_47685,24.0,500.7607
sequence_47763,122.0,sequence_47679,44.0,409.73109999999997
sequence_47763,122.0,sequence_47695,52.0,494.1178
sequence_47763,122.0,sequence_47710,43.0,531.2285999999999
sequence_47763,122.0,sequence_47686,22.0,453.1027
sequence_47763,122.0,sequence_47778,26.0,379.4398
sequence_47763,122.0,sequence_47780,23.0,391.3222
sequence_47763,122.0,sequence_47785,25.0,422.4918
sequence_47763,122.0,sequence_47803,12.0,463.8265
sequence_47763,122.0,sequence_47663,36.0,616.117
sequence_47763,122.0,sequence_47757,36.0,610.3676
sequence_47763,122.0,sequence_47783,24.5,657.1455000000001
sequence_47763,122.0,sequence_47796,20.0,529.1565999999999
sequence_47763,122.0,sequence_47750,25.0,523.5215999999999
sequence_47763,122.0,sequence_47760,26.0,638.5047000000001
sequence_47763,122.0,sequence_47773,19.0,426.71569999999997
sequence_47763,122.0,sequence_47768,17.0,383.34409999999997
sequence_47763,122.0,sequence_47771,18.0,452.518
sequence_47763,122.0,sequence_47681,44.0,415.4805
sequence_47763,122.0,sequence_47696,47.0,499.86719999999997
sequence_47763,122.0,sequence_47680,73.0,527.5125
sequence_47763,122.0,sequence_47673,65.5,371.72679999999997
sequence_47763,122.0,sequence_47700,65.0,85.6668
sequence_47763,122.0,sequence_47689,52.0,542.9594999999999
sequence_47763,122.0,sequence_47683,75.0,516.7937
sequence_47763,122.0,sequence_47697,55.5,452.2092
sequence_47763,122.0,sequence_47678,37.0,415.09839999999997
sequence_47763,122.0,sequence_47682,53.0,367.8225
sequence_47763,122.0,sequence_47724,48.0,389.8747
sequence_47763,122.0,sequence_47806,73.0,55.375499999999995
sequence_47763,122.0,sequence_47807,42.0,210.09609999999998
sequence_47763,122.0,sequence_47804,23.0,384.29569999999995
sequence_47763,122.0,sequence_47800,20.0,384.48749999999995
sequence_47763,122.0,sequence_47799,24.0,390.4287
sequence_47763,122.0,sequence_47664,32.0,621.8664
sequence_47763,122.0,sequence_47666,69.0,435.08269999999993
sequence_47763,122.0,sequence_47671,36.0,615.2235
sequence_47763,122.0,sequence_47727,45.0,695.1498
sequence_47763,122.0,sequence_47756,37.0,712.0428
sequence_47763,122.0,sequence_47775,23.0,476.11120000000005
sequence_47763,122.0,sequence_47730,35.0,567.1609
sequence_47763,122.0,sequence_47758,22.0,584.0539
sequence_47763,122.0,sequence_47797,27.0,651.3960999999999
sequence_47763,122.0,sequence_47798,23.0,502.8429
sequence_47763,122.0,sequence_47751,34.0,529.271
sequence_47763,122.0,sequence_47741,102.0,450.12379999999996
sequence_47763,122.0,sequence_47743,63.0,587.2126
sequence_47763,122.0,sequence_47752,67.0,522.1959999999999
sequence_47763,122.0,sequence_47745,83.0,596.8662999999999
sequence_47763,122.0,sequence_47747,72.0,698.9777999999999
sequence_47763,122.0,sequence_47748,79.0,715.3933
sequence_47763,122.0,sequence_47749,81.0,624.3234
sequence_47763,122.0,sequence_47744,69.0,665.4177999999999
sequence_47763,122.0,sequence_47721,40.0,455.2993
sequence_47763,122.0,sequence_47759,36.0,456.19280000000003
sequence_47763,122.0,sequence_47774,21.0,347.18489999999997
sequence_47763,122.0,sequence_47770,25.0,568.6119
sequence_47763,122.0,sequence_47713,51.0,459.5857
sequence_47763,122.0,sequence_47738,55.0,438.24139999999994
sequence_47763,122.0,sequence_47769,25.0,341.4355
sequence_47763,122.0,sequence_47702,69.0,91.41619999999999
sequence_47763,122.0,sequence_47672,76.0,421.42170000000004
sequence_47763,122.0,sequence_47705,71.0,272.4505
sequence_47763,122.0,sequence_47694,51.0,665.0072
sequence_47763,122.0,sequence_47691,40.0,432.2188
sequence_47763,122.0,sequence_47701,63.0,203.44819999999999
sequence_47763,122.0,sequence_47706,77.0,358.1688
sequence_47763,122.0,sequence_47675,57.0,563.2691
sequence_47763,122.0,sequence_47698,56.0,420.33639999999997
sequence_47763,122.0,sequence_47688,90.0,537.9901
sequence_47763,122.0,sequence_47704,98.0,192.7294
sequence_47763,122.0,sequence_47708,111.0,347.45
sequence_47763,122.0,sequence_47709,119.0,502.1706
sequence_47763,122.0,sequence_47677,103.0,478.7894
sequence_47763,122.0,sequence_47692,87.5,384.5608
sequence_47763,122.0,sequence_47703,95.0,43.758199999999995
sequence_47763,122.0,sequence_47707,79.0,198.47879999999998
sequence_47763,122.0,sequence_47762,127.0,83.9591
sequence_47763,122.0,sequence_47765,118.0,226.9891
sequence_47763,122.0,sequence_47767,105.0,27.8061
sequence_47763,122.0,sequence_47812,121.0,72.2685
sequence_47763,122.0,sequence_47761,120.0,78.0179
sequence_47763,122.0,sequence_47764,118.0,93.6128
sequence_47763,122.0,sequence_47699,62.0,372.67839999999995
sequence_47763,122.0,sequence_47687,92.0,456.8293
sequence_47763,122.0,sequence_47693,64.0,515.9002
sequence_47763,122.0,sequence_47690,63.0,501.05089999999996
sequence_47763,122.0,sequence_47712,49.0,366.92449999999997
sequence_47763,122.0,sequence_47714,51.0,460.53729999999996
sequence_47763,122.0,sequence_47725,57.0,394.7306
sequence_47763,122.0,sequence_47669,32.0,732.7381
sequence_47763,122.0,sequence_47668,48.0,695.6272999999999
sequence_47763,122.0,sequence_47670,97.0,595.5527
sequence_47763,122.0,sequence_47665,50.0,574.2084
sequence_47763,122.0,sequence_47661,52.0,583.8621
sequence_47763,122.0,sequence_47667,86.0,408.769
sequence_47763,122.0,sequence_47726,120.0,657.1455000000001
sequence_47763,122.0,sequence_47734,110.0,647.4918
sequence_47763,122.0,sequence_47811,24.0,674.0385000000001
sequence_47763,122.0,sequence_47662,28.0,717.7922000000001
sequence_47763,122.0,sequence_47731,32.0,672.9848999999999
sequence_47763,122.0,sequence_47733,25.0,572.9103
sequence_47763,122.0,sequence_47732,30.0,689.4004
sequence_47763,122.0,sequence_47755,100.0,461.4308
sequence_47763,122.0,sequence_47746,94.0,602.6157
sequence_47763,122.0,sequence_47754,70.0,561.5054
sequence_47763,122.0,sequence_47753,74.0,459.3939
sequence_47763,122.0,sequence_47740,158.0,521.4943
sequence_47763,122.0,sequence_47742,108.0,408.2152
sequence_47763,122.0,sequence_47715,101.0,381.90150000000006
sequence_47763,122.0,sequence_47718,81.0,387.65090000000004
sequence_47763,122.0,sequence_47717,66.0,518.9903
sequence_47763,122.0,sequence_47720,80.0,647.171
sequence_47763,122.0,sequence_47716,84.0,459.91940000000005
sequence_47763,122.0,sequence_47719,66.0,630.7555
sequence_47763,122.0,sequence_47723,69.0,357.61979999999994
sequence_47763,122.0,sequence_47722,75.0,375.7685
sequence_47763,122.0,sequence_47674,38.0,377.4762
sequence_47763,122.0,sequence_47676,56.0,329.8182
sequence_47763,122.0,sequence_47711,57.0,324.0643
sequence_47763,122.0,sequence_47739,35.0,396.33279999999996
sequence_47763,122.0,sequence_47735,55.0,368.2859
sequence_47763,122.0,sequence_47793,16.0,524.7429
sequence_47763,122.0,sequence_47801,4.0,505.7351
sequence_47763,122.0,sequence_47805,22.0,523.8494
sequence_47763,122.0,sequence_47802,4.0,511.48449999999997
sequence_47763,122.0,sequence_47794,18.0,529.5988
sequence_47763,122.0,sequence_47728,12.0,544.6329
sequence_47763,122.0,sequence_47808,4.0,495.4747
sequence_47763,122.0,sequence_47792,12.0,558.663
sequence_47763,122.0,sequence_47791,4.0,472.70849999999996
sequence_47763,122.0,sequence_47788,5.0,512.3779999999999
sequence_47763,122.0,sequence_47729,34.0,596.6673000000001
sequence_47763,122.0,sequence_47809,10.0,547.5091
sequence_47763,122.0,sequence_47737,27.0,585.5134
sequence_47763,122.0,sequence_47810,5.57,489.6015
sequence_47763,122.0,sequence_47766,4.19,494.8175
sequence_47763,122.0,sequence_47736,19.0,533.4789999999999
sequence_47699,62.0,sequence_47787,5.0,209.9588
sequence_47699,62.0,sequence_47684,23.0,122.33290000000001
sequence_47699,62.0,sequence_47789,10.0,168.05020000000002
sequence_47699,62.0,sequence_47790,9.0,214.81470000000002
sequence_47699,62.0,sequence_47781,12.0,142.11860000000001
sequence_47699,62.0,sequence_47777,11.0,136.1774
sequence_47699,62.0,sequence_47779,11.0,148.0598
sequence_47699,62.0,sequence_47784,21.0,270.2993
sequence_47699,62.0,sequence_47786,18.0,202.69650000000001
sequence_47699,62.0,sequence_47782,17.0,226.0777
sequence_47699,62.0,sequence_47772,12.0,246.17610000000002
sequence_47699,62.0,sequence_47795,7.0,300.13520000000005
sequence_47699,62.0,sequence_47776,9.0,389.2061
sequence_47699,62.0,sequence_47685,24.0,128.08229999999998
sequence_47699,62.0,sequence_47679,44.0,48.551500000000004
sequence_47699,62.0,sequence_47695,52.0,121.4394
sequence_47699,62.0,sequence_47710,43.0,158.55020000000002
sequence_47699,62.0,sequence_47686,22.0,80.4243
sequence_47699,62.0,sequence_47778,26.0,94.2688
sequence_47699,62.0,sequence_47780,23.0,106.15120000000002
sequence_47699,62.0,sequence_47785,25.0,137.32080000000002
sequence_47699,62.0,sequence_47803,12.0,167.1567
sequence_47699,62.0,sequence_47663,36.0,254.93740000000003
sequence_47699,62.0,sequence_47757,36.0,249.188
sequence_47699,62.0,sequence_47783,24.5,371.97450000000003
sequence_47699,62.0,sequence_47796,20.0,294.826
sequence_47699,62.0,sequence_47750,25.0,225.0648
sequence_47699,62.0,sequence_47760,26.0,351.5557
sequence_47699,62.0,sequence_47773,19.0,204.26749999999998
sequence_47699,62.0,sequence_47768,17.0,172.3947
sequence_47699,62.0,sequence_47771,18.0,230.0698
sequence_47699,62.0,sequence_47681,44.0,54.3009
sequence_47699,62.0,sequence_47696,47.0,127.18879999999999
sequence_47699,62.0,sequence_47680,73.0,166.33289999999997
sequence_47699,62.0,sequence_47673,65.5,84.7688
sequence_47699,62.0,sequence_47700,65.0,370.8288
sequence_47699,62.0,sequence_47689,52.0,181.7799
sequence_47699,62.0,sequence_47683,75.0,155.61409999999998
sequence_47699,62.0,sequence_47697,55.5,79.5308
sequence_47699,62.0,sequence_47678,37.0,116.6416
sequence_47699,62.0,sequence_47682,53.0,6.642899999999999
sequence_47699,62.0,sequence_47724,48.0,40.20289999999999
sequence_47699,62.0,sequence_47806,73.0,416.54609999999997
sequence_47699,62.0,sequence_47807,42.0,261.8255
sequence_47699,62.0,sequence_47804,23.0,87.6259
sequence_47699,62.0,sequence_47800,20.0,99.3165
sequence_47699,62.0,sequence_47799,24.0,105.2577
sequence_47699,62.0,sequence_47664,32.0,260.6868
sequence_47699,62.0,sequence_47666,69.0,434.1847
sequence_47699,62.0,sequence_47671,36.0,328.2655
sequence_47699,62.0,sequence_47727,45.0,333.97020000000003
sequence_47699,62.0,sequence_47756,37.0,350.8632
sequence_47699,62.0,sequence_47775,23.0,551.2218
sequence_47699,62.0,sequence_47730,35.0,256.82169999999996
sequence_47699,62.0,sequence_47758,22.0,273.7147
sequence_47699,62.0,sequence_47797,27.0,417.06550000000004
sequence_47699,62.0,sequence_47798,23.0,268.5123
sequence_47699,62.0,sequence_47751,34.0,230.81419999999997
sequence_47699,62.0,sequence_47741,102.0,163.1658
sequence_47699,62.0,sequence_47743,63.0,300.2546
sequence_47699,62.0,sequence_47752,67.0,223.73919999999998
sequence_47699,62.0,sequence_47745,83.0,309.9083
sequence_47699,62.0,sequence_47747,72.0,412.0198
sequence_47699,62.0,sequence_47748,79.0,428.4353
sequence_47699,62.0,sequence_47749,81.0,337.36539999999997
sequence_47699,62.0,sequence_47744,69.0,378.4598
sequence_47699,62.0,sequence_47721,40.0,156.8425
sequence_47699,62.0,sequence_47759,36.0,157.736
sequence_47699,62.0,sequence_47774,21.0,124.7367
sequence_47699,62.0,sequence_47770,25.0,357.66249999999997
sequence_47699,62.0,sequence_47713,51.0,172.6277
sequence_47699,62.0,sequence_47738,55.0,151.2834
sequence_47699,62.0,sequence_47769,25.0,130.4861
sequence_47699,62.0,sequence_47702,69.0,376.5782
sequence_47699,62.0,sequence_47672,76.0,60.24209999999999
sequence_47699,62.0,sequence_47705,71.0,197.33089999999999
sequence_47699,62.0,sequence_47694,51.0,292.3288
sequence_47699,62.0,sequence_47691,40.0,71.0392
sequence_47699,62.0,sequence_47701,63.0,488.61019999999996
sequence_47699,62.0,sequence_47706,77.0,357.27079999999995
sequence_47699,62.0,sequence_47675,57.0,276.31109999999995
sequence_47699,62.0,sequence_47698,56.0,47.657999999999994
sequence_47699,62.0,sequence_47688,90.0,176.8105
sequence_47699,62.0,sequence_47704,98.0,477.8914
sequence_47699,62.0,sequence_47708,111.0,346.55199999999996
sequence_47699,62.0,sequence_47709,119.0,191.8314
sequence_47699,62.0,sequence_47677,103.0,191.83139999999997
sequence_47699,62.0,sequence_47692,87.5,23.381200000000003
sequence_47699,62.0,sequence_47703,95.0,328.92019999999997
sequence_47699,62.0,sequence_47707,79.0,197.58079999999998
sequence_47699,62.0,sequence_47762,127.0,445.12969999999996
sequence_47699,62.0,sequence_47765,118.0,588.1597
sequence_47699,62.0,sequence_47767,105.0,400.48449999999997
sequence_47699,62.0,sequence_47812,121.0,433.43909999999994
sequence_47699,62.0,sequence_47761,120.0,439.1885
sequence_47699,62.0,sequence_47764,118.0,454.7834
sequence_47699,62.0,sequence_47763,122.0,372.67839999999995
sequence_47699,62.0,sequence_47687,92.0,95.64970000000001
sequence_47699,62.0,sequence_47693,64.0,154.7206
sequence_47699,62.0,sequence_47690,63.0,139.8713
sequence_47699,62.0,sequence_47712,49.0,5.7538999999999945
sequence_47699,62.0,sequence_47714,51.0,87.8589
sequence_47699,62.0,sequence_47725,57.0,33.559999999999995
sequence_47699,62.0,sequence_47669,32.0,371.5585
sequence_47699,62.0,sequence_47668,48.0,408.6693
sequence_47699,62.0,sequence_47670,97.0,308.5947
sequence_47699,62.0,sequence_47665,50.0,306.55780000000004
sequence_47699,62.0,sequence_47661,52.0,296.9041
sequence_47699,62.0,sequence_47667,86.0,407.871
sequence_47699,62.0,sequence_47726,120.0,370.1875
sequence_47699,62.0,sequence_47734,110.0,379.8412
sequence_47699,62.0,sequence_47811,24.0,388.8675
sequence_47699,62.0,sequence_47662,28.0,356.61260000000004
sequence_47699,62.0,sequence_47731,32.0,362.64570000000003
sequence_47699,62.0,sequence_47733,25.0,262.5711
sequence_47699,62.0,sequence_47732,30.0,379.0612
sequence_47699,62.0,sequence_47755,100.0,162.974
sequence_47699,62.0,sequence_47746,94.0,315.6577
sequence_47699,62.0,sequence_47754,70.0,263.0486
sequence_47699,62.0,sequence_47753,74.0,160.9371
sequence_47699,62.0,sequence_47740,158.0,234.53629999999998
sequence_47699,62.0,sequence_47742,108.0,121.25720000000001
sequence_47699,62.0,sequence_47715,101.0,94.9435
sequence_47699,62.0,sequence_47718,81.0,100.69290000000001
sequence_47699,62.0,sequence_47717,66.0,232.0323
sequence_47699,62.0,sequence_47720,80.0,360.21299999999997
sequence_47699,62.0,sequence_47716,84.0,172.96140000000003
sequence_47699,62.0,sequence_47719,66.0,343.7975
sequence_47699,62.0,sequence_47723,69.0,70.67079999999999
sequence_47699,62.0,sequence_47722,75.0,77.3117
sequence_47699,62.0,sequence_47674,38.0,90.5182
sequence_47699,62.0,sequence_47676,56.0,42.8602
sequence_47699,62.0,sequence_47711,57.0,48.61409999999999
sequence_47699,62.0,sequence_47739,35.0,109.3748
sequence_47699,62.0,sequence_47735,55.0,92.83569999999999
sequence_47699,62.0,sequence_47793,16.0,228.0731
sequence_47699,62.0,sequence_47801,4.0,209.0653
sequence_47699,62.0,sequence_47805,22.0,227.1796
sequence_47699,62.0,sequence_47802,4.0,214.8147
sequence_47699,62.0,sequence_47794,18.0,232.92900000000003
sequence_47699,62.0,sequence_47728,12.0,171.9545
sequence_47699,62.0,sequence_47808,4.0,210.3127
sequence_47699,62.0,sequence_47792,12.0,261.9932
sequence_47699,62.0,sequence_47791,4.0,176.0387
sequence_47699,62.0,sequence_47788,5.0,215.70819999999998
sequence_47699,62.0,sequence_47729,34.0,223.9889
sequence_47699,62.0,sequence_47809,10.0,262.3471
sequence_47699,62.0,sequence_47737,27.0,224.3428
sequence_47699,62.0,sequence_47810,5.57,192.9317
sequence_47699,62.0,sequence_47766,4.19,198.14770000000001
sequence_47699,62.0,sequence_47736,19.0,172.3084
sequence_47687,92.0,sequence_47787,5.0,214.38709999999998
sequence_47687,92.0,sequence_47684,23.0,126.76119999999999
sequence_47687,92.0,sequence_47789,10.0,172.4785
sequence_47687,92.0,sequence_47790,9.0,219.243
sequence_47687,92.0,sequence_47781,12.0,214.3871
sequence_47687,92.0,sequence_47777,11.0,220.3283
sequence_47687,92.0,sequence_47779,11.0,208.4459
sequence_47687,92.0,sequence_47784,21.0,174.64960000000002
sequence_47687,92.0,sequence_47786,18.0,298.3462
sequence_47687,92.0,sequence_47782,17.0,130.428
sequence_47687,92.0,sequence_47772,12.0,250.6044
sequence_47687,92.0,sequence_47795,7.0,304.5635
sequence_47687,92.0,sequence_47776,9.0,393.6344
sequence_47687,92.0,sequence_47685,24.0,132.51059999999998
sequence_47687,92.0,sequence_47679,44.0,132.70239999999998
sequence_47687,92.0,sequence_47695,52.0,125.86769999999999
sequence_47687,92.0,sequence_47710,43.0,162.9785
sequence_47687,92.0,sequence_47686,22.0,84.85260000000001
sequence_47687,92.0,sequence_47778,26.0,178.41970000000003
sequence_47687,92.0,sequence_47780,23.0,166.53730000000002
sequence_47687,92.0,sequence_47785,25.0,135.3677
sequence_47687,92.0,sequence_47803,12.0,171.585
sequence_47687,92.0,sequence_47663,36.0,159.28770000000003
sequence_47687,92.0,sequence_47757,36.0,153.5383
sequence_47687,92.0,sequence_47783,24.5,276.32480000000004
sequence_47687,92.0,sequence_47796,20.0,199.1763
sequence_47687,92.0,sequence_47750,25.0,229.49309999999997
sequence_47687,92.0,sequence_47760,26.0,355.984
sequence_47687,92.0,sequence_47773,19.0,208.69580000000002
sequence_47687,92.0,sequence_47768,17.0,256.5456
sequence_47687,92.0,sequence_47771,18.0,251.4979
sequence_47687,92.0,sequence_47681,44.0,138.4518
sequence_47687,92.0,sequence_47696,47.0,131.6171
sequence_47687,92.0,sequence_47680,73.0,250.48379999999997
sequence_47687,92.0,sequence_47673,65.5,168.91969999999998
sequence_47687,92.0,sequence_47700,65.0,454.9797
sequence_47687,92.0,sequence_47689,52.0,86.1302
sequence_47687,92.0,sequence_47683,75.0,227.8826
sequence_47687,92.0,sequence_47697,55.5,83.9591
sequence_47687,92.0,sequence_47678,37.0,121.0699
sequence_47687,92.0,sequence_47682,53.0,90.79380000000002
sequence_47687,92.0,sequence_47724,48.0,124.3538
sequence_47687,92.0,sequence_47806,73.0,500.697
sequence_47687,92.0,sequence_47807,42.0,345.9764
sequence_47687,92.0,sequence_47804,23.0,183.2756
sequence_47687,92.0,sequence_47800,20.0,171.585
sequence_47687,92.0,sequence_47799,24.0,165.6438
sequence_47687,92.0,sequence_47664,32.0,165.0371
sequence_47687,92.0,sequence_47666,69.0,338.535
sequence_47687,92.0,sequence_47671,36.0,232.6158
sequence_47687,92.0,sequence_47727,45.0,238.32050000000004
sequence_47687,92.0,sequence_47756,37.0,255.21350000000007
sequence_47687,92.0,sequence_47775,23.0,455.5721000000001
sequence_47687,92.0,sequence_47730,35.0,161.172
sequence_47687,92.0,sequence_47758,22.0,178.065
sequence_47687,92.0,sequence_47797,27.0,321.4158
sequence_47687,92.0,sequence_47798,23.0,172.8626
sequence_47687,92.0,sequence_47751,34.0,235.2425
sequence_47687,92.0,sequence_47741,102.0,223.5519
sequence_47687,92.0,sequence_47743,63.0,372.5231
sequence_47687,92.0,sequence_47752,67.0,162.9785
sequence_47687,92.0,sequence_47745,83.0,382.1768
sequence_47687,92.0,sequence_47747,72.0,316.37010000000004
sequence_47687,92.0,sequence_47748,79.0,332.78560000000004
sequence_47687,92.0,sequence_47749,81.0,335.4123
sequence_47687,92.0,sequence_47744,69.0,294.3179
sequence_47687,92.0,sequence_47721,40.0,161.2708
sequence_47687,92.0,sequence_47759,36.0,162.16430000000003
sequence_47687,92.0,sequence_47774,21.0,220.3864
sequence_47687,92.0,sequence_47770,25.0,273.5206
sequence_47687,92.0,sequence_47713,51.0,256.7786
sequence_47687,92.0,sequence_47738,55.0,235.4343
sequence_47687,92.0,sequence_47769,25.0,214.637
sequence_47687,92.0,sequence_47702,69.0,460.7291
sequence_47687,92.0,sequence_47672,76.0,144.393
sequence_47687,92.0,sequence_47705,71.0,281.4818
sequence_47687,92.0,sequence_47694,51.0,220.06029999999998
sequence_47687,92.0,sequence_47691,40.0,119.92649999999999
sequence_47687,92.0,sequence_47701,63.0,572.7610999999999
sequence_47687,92.0,sequence_47706,77.0,441.4217
sequence_47687,92.0,sequence_47675,57.0,360.462
sequence_47687,92.0,sequence_47698,56.0,143.3077
sequence_47687,92.0,sequence_47688,90.0,81.1608
sequence_47687,92.0,sequence_47704,98.0,550.1599
sequence_47687,92.0,sequence_47708,111.0,418.8205
sequence_47687,92.0,sequence_47709,119.0,264.0999
sequence_47687,92.0,sequence_47677,103.0,264.0999
sequence_47687,92.0,sequence_47692,87.5,72.2685
sequence_47687,92.0,sequence_47703,95.0,413.0711
sequence_47687,92.0,sequence_47707,79.0,281.7317
sequence_47687,92.0,sequence_47762,127.0,529.2806
sequence_47687,92.0,sequence_47765,118.0,672.3106
sequence_47687,92.0,sequence_47767,105.0,484.6354
sequence_47687,92.0,sequence_47812,121.0,517.5899999999999
sequence_47687,92.0,sequence_47761,120.0,523.3394000000001
sequence_47687,92.0,sequence_47764,118.0,538.9343
sequence_47687,92.0,sequence_47763,122.0,456.8293
sequence_47687,92.0,sequence_47699,62.0,95.64970000000001
sequence_47687,92.0,sequence_47693,64.0,226.9891
sequence_47687,92.0,sequence_47690,63.0,44.22160000000001
sequence_47687,92.0,sequence_47712,49.0,101.40360000000001
sequence_47687,92.0,sequence_47714,51.0,183.5086
sequence_47687,92.0,sequence_47725,57.0,129.2097
sequence_47687,92.0,sequence_47669,32.0,275.9088
sequence_47687,92.0,sequence_47668,48.0,313.01959999999997
sequence_47687,92.0,sequence_47670,97.0,212.945
sequence_47687,92.0,sequence_47665,50.0,210.9081
sequence_47687,92.0,sequence_47661,52.0,201.2544
sequence_47687,92.0,sequence_47667,86.0,312.22130000000004
sequence_47687,92.0,sequence_47726,120.0,274.53780000000006
sequence_47687,92.0,sequence_47734,110.0,284.1915
sequence_47687,92.0,sequence_47811,24.0,293.21780000000007
sequence_47687,92.0,sequence_47662,28.0,260.96290000000005
sequence_47687,92.0,sequence_47731,32.0,266.996
sequence_47687,92.0,sequence_47733,25.0,166.9214
sequence_47687,92.0,sequence_47732,30.0,283.41150000000005
sequence_47687,92.0,sequence_47755,100.0,235.2425
sequence_47687,92.0,sequence_47746,94.0,387.9262
sequence_47687,92.0,sequence_47754,70.0,190.7801
sequence_47687,92.0,sequence_47753,74.0,256.5868
sequence_47687,92.0,sequence_47740,158.0,294.9224
sequence_47687,92.0,sequence_47742,108.0,181.6433
sequence_47687,92.0,sequence_47715,101.0,155.3296
sequence_47687,92.0,sequence_47718,81.0,149.5802
sequence_47687,92.0,sequence_47717,66.0,304.3008
sequence_47687,92.0,sequence_47720,80.0,264.5633
sequence_47687,92.0,sequence_47716,84.0,77.3117
sequence_47687,92.0,sequence_47719,66.0,248.1478
sequence_47687,92.0,sequence_47723,69.0,166.32049999999998
sequence_47687,92.0,sequence_47722,75.0,172.96140000000003
sequence_47687,92.0,sequence_47674,38.0,174.66910000000001
sequence_47687,92.0,sequence_47676,56.0,127.01110000000001
sequence_47687,92.0,sequence_47711,57.0,132.76500000000001
sequence_47687,92.0,sequence_47739,35.0,193.52570000000003
sequence_47687,92.0,sequence_47735,55.0,176.9866
sequence_47687,92.0,sequence_47793,16.0,300.3416
sequence_47687,92.0,sequence_47801,4.0,213.4936
sequence_47687,92.0,sequence_47805,22.0,299.4481
sequence_47687,92.0,sequence_47802,4.0,219.243
sequence_47687,92.0,sequence_47794,18.0,305.1975
sequence_47687,92.0,sequence_47728,12.0,176.38279999999997
sequence_47687,92.0,sequence_47808,4.0,214.74099999999999
sequence_47687,92.0,sequence_47792,12.0,266.42150000000004
sequence_47687,92.0,sequence_47791,4.0,248.30720000000002
sequence_47687,92.0,sequence_47788,5.0,220.1365
sequence_47687,92.0,sequence_47729,34.0,228.41720000000004
sequence_47687,92.0,sequence_47809,10.0,266.7754
sequence_47687,92.0,sequence_47737,27.0,228.77110000000002
sequence_47687,92.0,sequence_47810,5.57,197.35999999999999
sequence_47687,92.0,sequence_47766,4.19,202.576
sequence_47687,92.0,sequence_47736,19.0,176.73669999999998
sequence_47693,64.0,sequence_47787,5.0,364.6794
sequence_47693,64.0,sequence_47684,23.0,277.0535
sequence_47693,64.0,sequence_47789,10.0,322.7708
sequence_47693,64.0,sequence_47790,9.0,369.5353
sequence_47693,64.0,sequence_47781,12.0,273.458
sequence_47693,64.0,sequence_47777,11.0,279.3992
sequence_47693,64.0,sequence_47779,11.0,279.3992
sequence_47693,64.0,sequence_47784,21.0,401.63870000000003
sequence_47693,64.0,sequence_47786,18.0,357.4171
sequence_47693,64.0,sequence_47782,17.0,357.4171
sequence_47693,64.0,sequence_47772,12.0,400.89669999999995
sequence_47693,64.0,sequence_47795,7.0,454.8558
sequence_47693,64.0,sequence_47776,9.0,543.9267
sequence_47693,64.0,sequence_47685,24.0,282.80289999999997
sequence_47693,64.0,sequence_47679,44.0,191.77329999999998
sequence_47693,64.0,sequence_47695,52.0,276.15999999999997
sequence_47693,64.0,sequence_47710,43.0,313.27079999999995
sequence_47693,64.0,sequence_47686,22.0,235.14489999999998
sequence_47693,64.0,sequence_47778,26.0,237.49060000000003
sequence_47693,64.0,sequence_47780,23.0,237.49060000000003
sequence_47693,64.0,sequence_47785,25.0,268.66020000000003
sequence_47693,64.0,sequence_47803,12.0,321.8773
sequence_47693,64.0,sequence_47663,36.0,386.27680000000004
sequence_47693,64.0,sequence_47757,36.0,380.5274
sequence_47693,64.0,sequence_47783,24.5,503.31390000000005
sequence_47693,64.0,sequence_47796,20.0,426.1654
sequence_47693,64.0,sequence_47750,25.0,379.7854
sequence_47693,64.0,sequence_47760,26.0,506.2763
sequence_47693,64.0,sequence_47773,19.0,358.9881
sequence_47693,64.0,sequence_47768,17.0,315.6165
sequence_47693,64.0,sequence_47771,18.0,384.7904
sequence_47693,64.0,sequence_47681,44.0,197.5227
sequence_47693,64.0,sequence_47696,47.0,281.90939999999995
sequence_47693,64.0,sequence_47680,73.0,309.5547
sequence_47693,64.0,sequence_47673,65.5,227.99059999999997
sequence_47693,64.0,sequence_47700,65.0,514.0506
sequence_47693,64.0,sequence_47689,52.0,313.1193
sequence_47693,64.0,sequence_47683,75.0,0.8934999999999995
sequence_47693,64.0,sequence_47697,55.5,234.2514
sequence_47693,64.0,sequence_47678,37.0,271.3622
sequence_47693,64.0,sequence_47682,53.0,149.8647
sequence_47693,64.0,sequence_47724,48.0,183.4247
sequence_47693,64.0,sequence_47806,73.0,559.7679
sequence_47693,64.0,sequence_47807,42.0,405.0473
sequence_47693,64.0,sequence_47804,23.0,242.3465
sequence_47693,64.0,sequence_47800,20.0,230.6559
sequence_47693,64.0,sequence_47799,24.0,236.5971
sequence_47693,64.0,sequence_47664,32.0,392.0262
sequence_47693,64.0,sequence_47666,69.0,565.5241000000001
sequence_47693,64.0,sequence_47671,36.0,459.60490000000004
sequence_47693,64.0,sequence_47727,45.0,465.30960000000005
sequence_47693,64.0,sequence_47756,37.0,482.2026
sequence_47693,64.0,sequence_47775,23.0,682.5612000000001
sequence_47693,64.0,sequence_47730,35.0,388.16110000000003
sequence_47693,64.0,sequence_47758,22.0,405.0541
sequence_47693,64.0,sequence_47797,27.0,548.4049
sequence_47693,64.0,sequence_47798,23.0,399.85170000000005
sequence_47693,64.0,sequence_47751,34.0,385.53479999999996
sequence_47693,64.0,sequence_47741,102.0,294.5052
sequence_47693,64.0,sequence_47743,63.0,431.59400000000005
sequence_47693,64.0,sequence_47752,67.0,378.4598
sequence_47693,64.0,sequence_47745,83.0,155.1877
sequence_47693,64.0,sequence_47747,72.0,257.2992
sequence_47693,64.0,sequence_47748,79.0,273.7147
sequence_47693,64.0,sequence_47749,81.0,182.64479999999998
sequence_47693,64.0,sequence_47744,69.0,223.73919999999998
sequence_47693,64.0,sequence_47721,40.0,311.56309999999996
sequence_47693,64.0,sequence_47759,36.0,312.4566
sequence_47693,64.0,sequence_47774,21.0,279.4573
sequence_47693,64.0,sequence_47770,25.0,202.9419
sequence_47693,64.0,sequence_47713,51.0,315.8495
sequence_47693,64.0,sequence_47738,55.0,294.5052
sequence_47693,64.0,sequence_47769,25.0,273.7079
sequence_47693,64.0,sequence_47702,69.0,519.8
sequence_47693,64.0,sequence_47672,76.0,203.4639
sequence_47693,64.0,sequence_47705,71.0,340.55269999999996
sequence_47693,64.0,sequence_47694,51.0,447.0494
sequence_47693,64.0,sequence_47691,40.0,202.3786
sequence_47693,64.0,sequence_47701,63.0,631.832
sequence_47693,64.0,sequence_47706,77.0,500.4926
sequence_47693,64.0,sequence_47675,57.0,419.5329
sequence_47693,64.0,sequence_47698,56.0,202.37859999999998
sequence_47693,64.0,sequence_47688,90.0,308.1499
sequence_47693,64.0,sequence_47704,98.0,323.1708
sequence_47693,64.0,sequence_47708,111.0,191.83139999999997
sequence_47693,64.0,sequence_47709,119.0,37.110800000000005
sequence_47693,64.0,sequence_47677,103.0,37.1108
sequence_47693,64.0,sequence_47692,87.5,154.7206
sequence_47693,64.0,sequence_47703,95.0,472.142
sequence_47693,64.0,sequence_47707,79.0,340.8026
sequence_47693,64.0,sequence_47762,127.0,588.3515
sequence_47693,64.0,sequence_47765,118.0,731.3815
sequence_47693,64.0,sequence_47767,105.0,543.7063
sequence_47693,64.0,sequence_47812,121.0,576.6609
sequence_47693,64.0,sequence_47761,120.0,582.4103
sequence_47693,64.0,sequence_47764,118.0,598.0052000000001
sequence_47693,64.0,sequence_47763,122.0,515.9002
sequence_47693,64.0,sequence_47699,62.0,154.7206
sequence_47693,64.0,sequence_47687,92.0,226.9891
sequence_47693,64.0,sequence_47690,63.0,271.2107
sequence_47693,64.0,sequence_47712,49.0,160.47449999999998
sequence_47693,64.0,sequence_47714,51.0,242.5795
sequence_47693,64.0,sequence_47725,57.0,188.2806
sequence_47693,64.0,sequence_47669,32.0,502.8979
sequence_47693,64.0,sequence_47668,48.0,540.0087
sequence_47693,64.0,sequence_47670,97.0,439.9341
sequence_47693,64.0,sequence_47665,50.0,437.8972
sequence_47693,64.0,sequence_47661,52.0,428.2435
sequence_47693,64.0,sequence_47667,86.0,539.2104
sequence_47693,64.0,sequence_47726,120.0,501.5269
sequence_47693,64.0,sequence_47734,110.0,511.1806
sequence_47693,64.0,sequence_47811,24.0,520.2069
sequence_47693,64.0,sequence_47662,28.0,487.95200000000006
sequence_47693,64.0,sequence_47731,32.0,493.9851
sequence_47693,64.0,sequence_47733,25.0,393.91049999999996
sequence_47693,64.0,sequence_47732,30.0,510.40060000000005
sequence_47693,64.0,sequence_47755,100.0,317.6946
sequence_47693,64.0,sequence_47746,94.0,160.9371
sequence_47693,64.0,sequence_47754,70.0,417.76919999999996
sequence_47693,64.0,sequence_47753,74.0,315.6577
sequence_47693,64.0,sequence_47740,158.0,365.8757
sequence_47693,64.0,sequence_47742,108.0,252.59660000000002
sequence_47693,64.0,sequence_47715,101.0,226.2829
sequence_47693,64.0,sequence_47718,81.0,232.0323
sequence_47693,64.0,sequence_47717,66.0,363.37170000000003
sequence_47693,64.0,sequence_47720,80.0,205.4924
sequence_47693,64.0,sequence_47716,84.0,304.3008
sequence_47693,64.0,sequence_47719,66.0,189.0769
sequence_47693,64.0,sequence_47723,69.0,225.39139999999998
sequence_47693,64.0,sequence_47722,75.0,232.0323
sequence_47693,64.0,sequence_47674,38.0,233.74
sequence_47693,64.0,sequence_47676,56.0,186.082
sequence_47693,64.0,sequence_47711,57.0,191.8359
sequence_47693,64.0,sequence_47739,35.0,252.59660000000002
sequence_47693,64.0,sequence_47735,55.0,236.0575
sequence_47693,64.0,sequence_47793,16.0,382.7937
sequence_47693,64.0,sequence_47801,4.0,363.78589999999997
sequence_47693,64.0,sequence_47805,22.0,381.9002
sequence_47693,64.0,sequence_47802,4.0,369.53529999999995
sequence_47693,64.0,sequence_47794,18.0,387.6496
sequence_47693,64.0,sequence_47728,12.0,326.6751
sequence_47693,64.0,sequence_47808,4.0,365.03329999999994
sequence_47693,64.0,sequence_47792,12.0,416.7138
sequence_47693,64.0,sequence_47791,4.0,330.7593
sequence_47693,64.0,sequence_47788,5.0,370.42879999999997
sequence_47693,64.0,sequence_47729,34.0,378.7095
sequence_47693,64.0,sequence_47809,10.0,417.06769999999995
sequence_47693,64.0,sequence_47737,27.0,379.0634
sequence_47693,64.0,sequence_47810,5.57,347.65229999999997
sequence_47693,64.0,sequence_47766,4.19,352.8683
sequence_47693,64.0,sequence_47736,19.0,327.029
sequence_47690,63.0,sequence_47787,5.0,258.6087
sequence_47690,63.0,sequence_47684,23.0,170.98279999999997
sequence_47690,63.0,sequence_47789,10.0,216.70010000000002
sequence_47690,63.0,sequence_47790,9.0,263.4646
sequence_47690,63.0,sequence_47781,12.0,258.6087
sequence_47690,63.0,sequence_47777,11.0,264.5499
sequence_47690,63.0,sequence_47779,11.0,252.66750000000002
sequence_47690,63.0,sequence_47784,21.0,130.428
sequence_47690,63.0,sequence_47786,18.0,342.56780000000003
sequence_47690,63.0,sequence_47782,17.0,174.64960000000002
sequence_47690,63.0,sequence_47772,12.0,294.82599999999996
sequence_47690,63.0,sequence_47795,7.0,348.7851
sequence_47690,63.0,sequence_47776,9.0,437.856
sequence_47690,63.0,sequence_47685,24.0,176.73219999999998
sequence_47690,63.0,sequence_47679,44.0,176.92399999999998
sequence_47690,63.0,sequence_47695,52.0,170.08929999999998
sequence_47690,63.0,sequence_47710,43.0,207.20009999999996
sequence_47690,63.0,sequence_47686,22.0,129.0742
sequence_47690,63.0,sequence_47778,26.0,222.6413
sequence_47690,63.0,sequence_47780,23.0,210.7589
sequence_47690,63.0,sequence_47785,25.0,179.5893
sequence_47690,63.0,sequence_47803,12.0,215.8066
sequence_47690,63.0,sequence_47663,36.0,115.0661
sequence_47690,63.0,sequence_47757,36.0,109.3167
sequence_47690,63.0,sequence_47783,24.5,232.10320000000002
sequence_47690,63.0,sequence_47796,20.0,154.9547
sequence_47690,63.0,sequence_47750,25.0,273.7147
sequence_47690,63.0,sequence_47760,26.0,400.2056
sequence_47690,63.0,sequence_47773,19.0,252.9174
sequence_47690,63.0,sequence_47768,17.0,300.7672
sequence_47690,63.0,sequence_47771,18.0,295.7195
sequence_47690,63.0,sequence_47681,44.0,182.6734
sequence_47690,63.0,sequence_47696,47.0,175.8387
sequence_47690,63.0,sequence_47680,73.0,294.70540000000005
sequence_47690,63.0,sequence_47673,65.5,213.1413
sequence_47690,63.0,sequence_47700,65.0,499.20129999999995
sequence_47690,63.0,sequence_47689,52.0,41.90859999999999
sequence_47690,63.0,sequence_47683,75.0,272.1042
sequence_47690,63.0,sequence_47697,55.5,128.1807
sequence_47690,63.0,sequence_47678,37.0,165.29149999999998
sequence_47690,63.0,sequence_47682,53.0,135.0154
sequence_47690,63.0,sequence_47724,48.0,168.5754
sequence_47690,63.0,sequence_47806,73.0,544.9186
sequence_47690,63.0,sequence_47807,42.0,390.198
sequence_47690,63.0,sequence_47804,23.0,227.4972
sequence_47690,63.0,sequence_47800,20.0,215.8066
sequence_47690,63.0,sequence_47799,24.0,209.86540000000002
sequence_47690,63.0,sequence_47664,32.0,120.81550000000001
sequence_47690,63.0,sequence_47666,69.0,294.3134
sequence_47690,63.0,sequence_47671,36.0,188.3942
sequence_47690,63.0,sequence_47727,45.0,194.09890000000001
sequence_47690,63.0,sequence_47756,37.0,210.99190000000004
sequence_47690,63.0,sequence_47775,23.0,411.3505
sequence_47690,63.0,sequence_47730,35.0,116.95039999999999
sequence_47690,63.0,sequence_47758,22.0,133.84339999999997
sequence_47690,63.0,sequence_47797,27.0,277.1942
sequence_47690,63.0,sequence_47798,23.0,128.641
sequence_47690,63.0,sequence_47751,34.0,279.4641
sequence_47690,63.0,sequence_47741,102.0,267.7735
sequence_47690,63.0,sequence_47743,63.0,416.74469999999997
sequence_47690,63.0,sequence_47752,67.0,207.20010000000002
sequence_47690,63.0,sequence_47745,83.0,426.39840000000004
sequence_47690,63.0,sequence_47747,72.0,304.97950000000003
sequence_47690,63.0,sequence_47748,79.0,288.564
sequence_47690,63.0,sequence_47749,81.0,379.63390000000004
sequence_47690,63.0,sequence_47744,69.0,338.53950000000003
sequence_47690,63.0,sequence_47721,40.0,205.4924
sequence_47690,63.0,sequence_47759,36.0,206.3859
sequence_47690,63.0,sequence_47774,21.0,264.608
sequence_47690,63.0,sequence_47770,25.0,317.7422
sequence_47690,63.0,sequence_47713,51.0,301.0002
sequence_47690,63.0,sequence_47738,55.0,279.6559
sequence_47690,63.0,sequence_47769,25.0,258.8586
sequence_47690,63.0,sequence_47702,69.0,504.9507
sequence_47690,63.0,sequence_47672,76.0,188.6146
sequence_47690,63.0,sequence_47705,71.0,325.7034
sequence_47690,63.0,sequence_47694,51.0,175.8387
sequence_47690,63.0,sequence_47691,40.0,164.1481
sequence_47690,63.0,sequence_47701,63.0,616.9827
sequence_47690,63.0,sequence_47706,77.0,485.6433
sequence_47690,63.0,sequence_47675,57.0,404.6836
sequence_47690,63.0,sequence_47698,56.0,187.5293
sequence_47690,63.0,sequence_47688,90.0,36.9392
sequence_47690,63.0,sequence_47704,98.0,594.3815
sequence_47690,63.0,sequence_47708,111.0,463.04209999999995
sequence_47690,63.0,sequence_47709,119.0,308.32149999999996
sequence_47690,63.0,sequence_47677,103.0,308.32149999999996
sequence_47690,63.0,sequence_47692,87.5,116.49010000000001
sequence_47690,63.0,sequence_47703,95.0,457.29269999999997
sequence_47690,63.0,sequence_47707,79.0,325.9533
sequence_47690,63.0,sequence_47762,127.0,573.5022
sequence_47690,63.0,sequence_47765,118.0,716.5322
sequence_47690,63.0,sequence_47767,105.0,528.857
sequence_47690,63.0,sequence_47812,121.0,561.8116
sequence_47690,63.0,sequence_47761,120.0,567.561
sequence_47690,63.0,sequence_47764,118.0,583.1559
sequence_47690,63.0,sequence_47763,122.0,501.05089999999996
sequence_47690,63.0,sequence_47699,62.0,139.8713
sequence_47690,63.0,sequence_47687,92.0,44.22160000000001
sequence_47690,63.0,sequence_47693,64.0,271.2107
sequence_47690,63.0,sequence_47712,49.0,145.62519999999998
sequence_47690,63.0,sequence_47714,51.0,227.7302
sequence_47690,63.0,sequence_47725,57.0,173.4313
sequence_47690,63.0,sequence_47669,32.0,231.6872
sequence_47690,63.0,sequence_47668,48.0,268.798
sequence_47690,63.0,sequence_47670,97.0,168.7234
sequence_47690,63.0,sequence_47665,50.0,166.6865
sequence_47690,63.0,sequence_47661,52.0,157.0328
sequence_47690,63.0,sequence_47667,86.0,267.9997
sequence_47690,63.0,sequence_47726,120.0,230.31620000000004
sequence_47690,63.0,sequence_47734,110.0,239.96990000000002
sequence_47690,63.0,sequence_47811,24.0,248.99620000000004
sequence_47690,63.0,sequence_47662,28.0,216.74130000000002
sequence_47690,63.0,sequence_47731,32.0,222.77439999999999
sequence_47690,63.0,sequence_47733,25.0,122.69979999999998
sequence_47690,63.0,sequence_47732,30.0,239.1899
sequence_47690,63.0,sequence_47755,100.0,279.46410000000003
sequence_47690,63.0,sequence_47746,94.0,432.1478000000001
sequence_47690,63.0,sequence_47754,70.0,179.3895
sequence_47690,63.0,sequence_47753,74.0,300.8084
sequence_47690,63.0,sequence_47740,158.0,339.144
sequence_47690,63.0,sequence_47742,108.0,225.8649
sequence_47690,63.0,sequence_47715,101.0,199.5512
sequence_47690,63.0,sequence_47718,81.0,193.80180000000001
sequence_47690,63.0,sequence_47717,66.0,348.52239999999995
sequence_47690,63.0,sequence_47720,80.0,220.3417
sequence_47690,63.0,sequence_47716,84.0,121.53330000000001
sequence_47690,63.0,sequence_47719,66.0,236.7572
sequence_47690,63.0,sequence_47723,69.0,210.54209999999998
sequence_47690,63.0,sequence_47722,75.0,217.183
sequence_47690,63.0,sequence_47674,38.0,218.89069999999998
sequence_47690,63.0,sequence_47676,56.0,171.23270000000002
sequence_47690,63.0,sequence_47711,57.0,176.9866
sequence_47690,63.0,sequence_47739,35.0,237.7473
sequence_47690,63.0,sequence_47735,55.0,221.2082
sequence_47690,63.0,sequence_47793,16.0,344.56320000000005
sequence_47690,63.0,sequence_47801,4.0,257.7152
sequence_47690,63.0,sequence_47805,22.0,343.66970000000003
sequence_47690,63.0,sequence_47802,4.0,263.4646
sequence_47690,63.0,sequence_47794,18.0,349.41910000000007
sequence_47690,63.0,sequence_47728,12.0,220.6044
sequence_47690,63.0,sequence_47808,4.0,258.96259999999995
sequence_47690,63.0,sequence_47792,12.0,310.6431
sequence_47690,63.0,sequence_47791,4.0,292.5288
sequence_47690,63.0,sequence_47788,5.0,264.3581
sequence_47690,63.0,sequence_47729,34.0,272.6388
sequence_47690,63.0,sequence_47809,10.0,310.997
sequence_47690,63.0,sequence_47737,27.0,272.9927
sequence_47690,63.0,sequence_47810,5.57,241.58159999999998
sequence_47690,63.0,sequence_47766,4.19,246.7976
sequence_47690,63.0,sequence_47736,19.0,220.95829999999998
sequence_47712,49.0,sequence_47787,5.0,215.71269999999998
sequence_47712,49.0,sequence_47684,23.0,128.0868
sequence_47712,49.0,sequence_47789,10.0,173.8041
sequence_47712,49.0,sequence_47790,9.0,220.5686
sequence_47712,49.0,sequence_47781,12.0,147.8725
sequence_47712,49.0,sequence_47777,11.0,141.9313
sequence_47712,49.0,sequence_47779,11.0,153.81369999999998
sequence_47712,49.0,sequence_47784,21.0,276.0532
sequence_47712,49.0,sequence_47786,18.0,208.4504
sequence_47712,49.0,sequence_47782,17.0,231.83159999999998
sequence_47712,49.0,sequence_47772,12.0,251.93
sequence_47712,49.0,sequence_47795,7.0,305.8891
sequence_47712,49.0,sequence_47776,9.0,394.9599999999999
sequence_47712,49.0,sequence_47685,24.0,133.8362
sequence_47712,49.0,sequence_47679,44.0,54.30539999999999
sequence_47712,49.0,sequence_47695,52.0,127.1933
sequence_47712,49.0,sequence_47710,43.0,164.3041
sequence_47712,49.0,sequence_47686,22.0,86.17819999999999
sequence_47712,49.0,sequence_47778,26.0,100.02269999999999
sequence_47712,49.0,sequence_47780,23.0,111.9051
sequence_47712,49.0,sequence_47785,25.0,143.0747
sequence_47712,49.0,sequence_47803,12.0,172.9106
sequence_47712,49.0,sequence_47663,36.0,260.6913
sequence_47712,49.0,sequence_47757,36.0,254.9419
sequence_47712,49.0,sequence_47783,24.5,377.7284
sequence_47712,49.0,sequence_47796,20.0,300.5799
sequence_47712,49.0,sequence_47750,25.0,230.8187
sequence_47712,49.0,sequence_47760,26.0,345.8018
sequence_47712,49.0,sequence_47773,19.0,210.0214
sequence_47712,49.0,sequence_47768,17.0,178.1486
sequence_47712,49.0,sequence_47771,18.0,235.82369999999997
sequence_47712,49.0,sequence_47681,44.0,60.054799999999986
sequence_47712,49.0,sequence_47696,47.0,132.94269999999997
sequence_47712,49.0,sequence_47680,73.0,172.08679999999998
sequence_47712,49.0,sequence_47673,65.5,90.52269999999999
sequence_47712,49.0,sequence_47700,65.0,376.5827
sequence_47712,49.0,sequence_47689,52.0,187.53379999999999
sequence_47712,49.0,sequence_47683,75.0,161.368
sequence_47712,49.0,sequence_47697,55.5,85.28469999999999
sequence_47712,49.0,sequence_47678,37.0,122.3955
sequence_47712,49.0,sequence_47682,53.0,12.396799999999994
sequence_47712,49.0,sequence_47724,48.0,34.449
sequence_47712,49.0,sequence_47806,73.0,422.29999999999995
sequence_47712,49.0,sequence_47807,42.0,267.57939999999996
sequence_47712,49.0,sequence_47804,23.0,93.37979999999999
sequence_47712,49.0,sequence_47800,20.0,105.07039999999999
sequence_47712,49.0,sequence_47799,24.0,111.01159999999999
sequence_47712,49.0,sequence_47664,32.0,266.4407
sequence_47712,49.0,sequence_47666,69.0,439.9386
sequence_47712,49.0,sequence_47671,36.0,334.0194
sequence_47712,49.0,sequence_47727,45.0,339.7241
sequence_47712,49.0,sequence_47756,37.0,356.61710000000005
sequence_47712,49.0,sequence_47775,23.0,556.9757
sequence_47712,49.0,sequence_47730,35.0,262.5756
sequence_47712,49.0,sequence_47758,22.0,279.46860000000004
sequence_47712,49.0,sequence_47797,27.0,422.81940000000003
sequence_47712,49.0,sequence_47798,23.0,274.26619999999997
sequence_47712,49.0,sequence_47751,34.0,236.5681
sequence_47712,49.0,sequence_47741,102.0,168.9197
sequence_47712,49.0,sequence_47743,63.0,306.0085
sequence_47712,49.0,sequence_47752,67.0,229.4931
sequence_47712,49.0,sequence_47745,83.0,315.6622
sequence_47712,49.0,sequence_47747,72.0,417.77369999999996
sequence_47712,49.0,sequence_47748,79.0,434.18919999999997
sequence_47712,49.0,sequence_47749,81.0,343.11929999999995
sequence_47712,49.0,sequence_47744,69.0,384.21369999999996
sequence_47712,49.0,sequence_47721,40.0,162.5964
sequence_47712,49.0,sequence_47759,36.0,163.48989999999998
sequence_47712,49.0,sequence_47774,21.0,130.4906
sequence_47712,49.0,sequence_47770,25.0,363.41639999999995
sequence_47712,49.0,sequence_47713,51.0,178.3816
sequence_47712,49.0,sequence_47738,55.0,157.03730000000002
sequence_47712,49.0,sequence_47769,25.0,136.24
sequence_47712,49.0,sequence_47702,69.0,382.33209999999997
sequence_47712,49.0,sequence_47672,76.0,65.996
sequence_47712,49.0,sequence_47705,71.0,203.08479999999997
sequence_47712,49.0,sequence_47694,51.0,298.0827
sequence_47712,49.0,sequence_47691,40.0,76.79309999999998
sequence_47712,49.0,sequence_47701,63.0,494.36409999999995
sequence_47712,49.0,sequence_47706,77.0,363.02469999999994
sequence_47712,49.0,sequence_47675,57.0,282.06499999999994
sequence_47712,49.0,sequence_47698,56.0,53.41189999999999
sequence_47712,49.0,sequence_47688,90.0,182.56439999999998
sequence_47712,49.0,sequence_47704,98.0,483.64529999999996
sequence_47712,49.0,sequence_47708,111.0,352.30589999999995
sequence_47712,49.0,sequence_47709,119.0,197.5853
sequence_47712,49.0,sequence_47677,103.0,197.5853
sequence_47712,49.0,sequence_47692,87.5,29.135099999999998
sequence_47712,49.0,sequence_47703,95.0,334.67409999999995
sequence_47712,49.0,sequence_47707,79.0,203.3347
sequence_47712,49.0,sequence_47762,127.0,450.8836
sequence_47712,49.0,sequence_47765,118.0,593.9136
sequence_47712,49.0,sequence_47767,105.0,394.7306
sequence_47712,49.0,sequence_47812,121.0,439.193
sequence_47712,49.0,sequence_47761,120.0,444.94239999999996
sequence_47712,49.0,sequence_47764,118.0,460.53729999999996
sequence_47712,49.0,sequence_47763,122.0,366.92449999999997
sequence_47712,49.0,sequence_47699,62.0,5.7538999999999945
sequence_47712,49.0,sequence_47687,92.0,101.40360000000001
sequence_47712,49.0,sequence_47693,64.0,160.47449999999998
sequence_47712,49.0,sequence_47690,63.0,145.62519999999998
sequence_47712,49.0,sequence_47714,51.0,93.6128
sequence_47712,49.0,sequence_47725,57.0,27.8061
sequence_47712,49.0,sequence_47669,32.0,377.3124
sequence_47712,49.0,sequence_47668,48.0,414.42319999999995
sequence_47712,49.0,sequence_47670,97.0,314.34860000000003
sequence_47712,49.0,sequence_47665,50.0,312.3117
sequence_47712,49.0,sequence_47661,52.0,302.658
sequence_47712,49.0,sequence_47667,86.0,413.6249
sequence_47712,49.0,sequence_47726,120.0,375.94140000000004
sequence_47712,49.0,sequence_47734,110.0,385.5951
sequence_47712,49.0,sequence_47811,24.0,394.6214
sequence_47712,49.0,sequence_47662,28.0,362.36650000000003
sequence_47712,49.0,sequence_47731,32.0,368.3996
sequence_47712,49.0,sequence_47733,25.0,268.325
sequence_47712,49.0,sequence_47732,30.0,384.81510000000003
sequence_47712,49.0,sequence_47755,100.0,168.7279
sequence_47712,49.0,sequence_47746,94.0,321.41159999999996
sequence_47712,49.0,sequence_47754,70.0,268.8025
sequence_47712,49.0,sequence_47753,74.0,166.69099999999997
sequence_47712,49.0,sequence_47740,158.0,240.2902
sequence_47712,49.0,sequence_47742,108.0,127.0111
sequence_47712,49.0,sequence_47715,101.0,100.69739999999999
sequence_47712,49.0,sequence_47718,81.0,106.4468
sequence_47712,49.0,sequence_47717,66.0,237.78619999999998
sequence_47712,49.0,sequence_47720,80.0,365.9669
sequence_47712,49.0,sequence_47716,84.0,178.7153
sequence_47712,49.0,sequence_47719,66.0,349.55139999999994
sequence_47712,49.0,sequence_47723,69.0,64.9169
sequence_47712,49.0,sequence_47722,75.0,83.06559999999999
sequence_47712,49.0,sequence_47674,38.0,96.2721
sequence_47712,49.0,sequence_47676,56.0,48.61409999999999
sequence_47712,49.0,sequence_47711,57.0,42.8602
sequence_47712,49.0,sequence_47739,35.0,115.1287
sequence_47712,49.0,sequence_47735,55.0,87.0818
sequence_47712,49.0,sequence_47793,16.0,233.827
sequence_47712,49.0,sequence_47801,4.0,214.8192
sequence_47712,49.0,sequence_47805,22.0,232.93349999999998
sequence_47712,49.0,sequence_47802,4.0,220.56859999999998
sequence_47712,49.0,sequence_47794,18.0,238.68290000000002
sequence_47712,49.0,sequence_47728,12.0,177.70839999999998
sequence_47712,49.0,sequence_47808,4.0,204.55880000000002
sequence_47712,49.0,sequence_47792,12.0,267.7471
sequence_47712,49.0,sequence_47791,4.0,181.7926
sequence_47712,49.0,sequence_47788,5.0,221.46209999999996
sequence_47712,49.0,sequence_47729,34.0,229.7428
sequence_47712,49.0,sequence_47809,10.0,256.5932
sequence_47712,49.0,sequence_47737,27.0,218.58890000000002
sequence_47712,49.0,sequence_47810,5.57,198.68560000000002
sequence_47712,49.0,sequence_47766,4.19,203.9016
sequence_47712,49.0,sequence_47736,19.0,166.55450000000002
sequence_47714,51.0,sequence_47787,5.0,198.5745
sequence_47714,51.0,sequence_47684,23.0,210.1918
sequence_47714,51.0,sequence_47789,10.0,156.6659
sequence_47714,51.0,sequence_47790,9.0,203.4304
sequence_47714,51.0,sequence_47781,12.0,130.7343
sequence_47714,51.0,sequence_47777,11.0,124.7931
sequence_47714,51.0,sequence_47779,11.0,136.6755
sequence_47714,51.0,sequence_47784,21.0,258.91499999999996
sequence_47714,51.0,sequence_47786,18.0,191.3122
sequence_47714,51.0,sequence_47782,17.0,214.6934
sequence_47714,51.0,sequence_47772,12.0,234.7918
sequence_47714,51.0,sequence_47795,7.0,288.7509
sequence_47714,51.0,sequence_47776,9.0,377.82179999999994
sequence_47714,51.0,sequence_47685,24.0,215.94119999999998
sequence_47714,51.0,sequence_47679,44.0,136.4104
sequence_47714,51.0,sequence_47695,52.0,209.2983
sequence_47714,51.0,sequence_47710,43.0,246.40910000000002
sequence_47714,51.0,sequence_47686,22.0,168.28320000000002
sequence_47714,51.0,sequence_47778,26.0,82.88449999999999
sequence_47714,51.0,sequence_47780,23.0,94.76689999999999
sequence_47714,51.0,sequence_47785,25.0,125.9365
sequence_47714,51.0,sequence_47803,12.0,155.7724
sequence_47714,51.0,sequence_47663,36.0,198.2683
sequence_47714,51.0,sequence_47757,36.0,204.0177
sequence_47714,51.0,sequence_47783,24.5,360.5902
sequence_47714,51.0,sequence_47796,20.0,283.44169999999997
sequence_47714,51.0,sequence_47750,25.0,179.8945
sequence_47714,51.0,sequence_47760,26.0,439.41459999999995
sequence_47714,51.0,sequence_47773,19.0,192.8832
sequence_47714,51.0,sequence_47768,17.0,161.0104
sequence_47714,51.0,sequence_47771,18.0,218.6855
sequence_47714,51.0,sequence_47681,44.0,142.15980000000002
sequence_47714,51.0,sequence_47696,47.0,215.0477
sequence_47714,51.0,sequence_47680,73.0,254.1918
sequence_47714,51.0,sequence_47673,65.5,172.6277
sequence_47714,51.0,sequence_47700,65.0,458.6877
sequence_47714,51.0,sequence_47689,52.0,269.6388
sequence_47714,51.0,sequence_47683,75.0,243.473
sequence_47714,51.0,sequence_47697,55.5,167.3897
sequence_47714,51.0,sequence_47678,37.0,204.5005
sequence_47714,51.0,sequence_47682,53.0,94.5018
sequence_47714,51.0,sequence_47724,48.0,128.0618
sequence_47714,51.0,sequence_47806,73.0,405.16179999999997
sequence_47714,51.0,sequence_47807,42.0,250.4412
sequence_47714,51.0,sequence_47804,23.0,76.2416
sequence_47714,51.0,sequence_47800,20.0,87.93220000000001
sequence_47714,51.0,sequence_47799,24.0,93.8734
sequence_47714,51.0,sequence_47664,32.0,204.0177
sequence_47714,51.0,sequence_47666,69.0,377.5156
sequence_47714,51.0,sequence_47671,36.0,271.5964
sequence_47714,51.0,sequence_47727,45.0,322.58590000000004
sequence_47714,51.0,sequence_47756,37.0,305.6929
sequence_47714,51.0,sequence_47775,23.0,539.8375
sequence_47714,51.0,sequence_47730,35.0,245.4374
sequence_47714,51.0,sequence_47758,22.0,228.5444
sequence_47714,51.0,sequence_47797,27.0,405.6812
sequence_47714,51.0,sequence_47798,23.0,257.128
sequence_47714,51.0,sequence_47751,34.0,185.64389999999997
sequence_47714,51.0,sequence_47741,102.0,117.99549999999999
sequence_47714,51.0,sequence_47743,63.0,255.08429999999998
sequence_47714,51.0,sequence_47752,67.0,178.56889999999999
sequence_47714,51.0,sequence_47745,83.0,264.738
sequence_47714,51.0,sequence_47747,72.0,366.8495
sequence_47714,51.0,sequence_47748,79.0,383.265
sequence_47714,51.0,sequence_47749,81.0,292.19509999999997
sequence_47714,51.0,sequence_47744,69.0,333.2895
sequence_47714,51.0,sequence_47721,40.0,164.2996
sequence_47714,51.0,sequence_47759,36.0,163.40609999999998
sequence_47714,51.0,sequence_47774,21.0,113.35239999999999
sequence_47714,51.0,sequence_47770,25.0,346.27819999999997
sequence_47714,51.0,sequence_47713,51.0,84.7688
sequence_47714,51.0,sequence_47738,55.0,106.1131
sequence_47714,51.0,sequence_47769,25.0,119.10179999999998
sequence_47714,51.0,sequence_47702,69.0,464.4371
sequence_47714,51.0,sequence_47672,76.0,148.101
sequence_47714,51.0,sequence_47705,71.0,285.1898
sequence_47714,51.0,sequence_47694,51.0,380.1877
sequence_47714,51.0,sequence_47691,40.0,158.8981
sequence_47714,51.0,sequence_47701,63.0,576.4691
sequence_47714,51.0,sequence_47706,77.0,445.12969999999996
sequence_47714,51.0,sequence_47675,57.0,364.16999999999996
sequence_47714,51.0,sequence_47698,56.0,135.5169
sequence_47714,51.0,sequence_47688,90.0,264.6694
sequence_47714,51.0,sequence_47704,98.0,565.7502999999999
sequence_47714,51.0,sequence_47708,111.0,434.41089999999997
sequence_47714,51.0,sequence_47709,119.0,279.6903
sequence_47714,51.0,sequence_47677,103.0,279.6903
sequence_47714,51.0,sequence_47692,87.5,111.24010000000001
sequence_47714,51.0,sequence_47703,95.0,416.77909999999997
sequence_47714,51.0,sequence_47707,79.0,285.43969999999996
sequence_47714,51.0,sequence_47762,127.0,376.5781999999999
sequence_47714,51.0,sequence_47765,118.0,500.3008
sequence_47714,51.0,sequence_47767,105.0,488.3434
sequence_47714,51.0,sequence_47812,121.0,388.26879999999994
sequence_47714,51.0,sequence_47761,120.0,382.51939999999996
sequence_47714,51.0,sequence_47764,118.0,366.92449999999997
sequence_47714,51.0,sequence_47763,122.0,460.53729999999996
sequence_47714,51.0,sequence_47699,62.0,87.8589
sequence_47714,51.0,sequence_47687,92.0,183.5086
sequence_47714,51.0,sequence_47693,64.0,242.5795
sequence_47714,51.0,sequence_47690,63.0,227.7302
sequence_47714,51.0,sequence_47712,49.0,93.6128
sequence_47714,51.0,sequence_47725,57.0,121.4189
sequence_47714,51.0,sequence_47669,32.0,314.8894
sequence_47714,51.0,sequence_47668,48.0,352.00019999999995
sequence_47714,51.0,sequence_47670,97.0,251.9256
sequence_47714,51.0,sequence_47665,50.0,249.8887
sequence_47714,51.0,sequence_47661,52.0,240.235
sequence_47714,51.0,sequence_47667,86.0,351.2019
sequence_47714,51.0,sequence_47726,120.0,358.8032
sequence_47714,51.0,sequence_47734,110.0,368.4569
sequence_47714,51.0,sequence_47811,24.0,343.6972
sequence_47714,51.0,sequence_47662,28.0,299.94350000000003
sequence_47714,51.0,sequence_47731,32.0,351.2614
sequence_47714,51.0,sequence_47733,25.0,251.1868
sequence_47714,51.0,sequence_47732,30.0,367.67690000000005
sequence_47714,51.0,sequence_47755,100.0,117.80369999999999
sequence_47714,51.0,sequence_47746,94.0,270.4874
sequence_47714,51.0,sequence_47754,70.0,217.8783
sequence_47714,51.0,sequence_47753,74.0,115.76679999999999
sequence_47714,51.0,sequence_47740,158.0,189.36599999999999
sequence_47714,51.0,sequence_47742,108.0,76.0869
sequence_47714,51.0,sequence_47715,101.0,102.4006
sequence_47714,51.0,sequence_47718,81.0,108.15
sequence_47714,51.0,sequence_47717,66.0,239.4894
sequence_47714,51.0,sequence_47720,80.0,367.6701
sequence_47714,51.0,sequence_47716,84.0,180.4185
sequence_47714,51.0,sequence_47719,66.0,351.2546
sequence_47714,51.0,sequence_47723,69.0,158.5297
sequence_47714,51.0,sequence_47722,75.0,84.7688
sequence_47714,51.0,sequence_47674,38.0,178.37709999999998
sequence_47714,51.0,sequence_47676,56.0,130.7191
sequence_47714,51.0,sequence_47711,57.0,136.47299999999998
sequence_47714,51.0,sequence_47739,35.0,64.2045
sequence_47714,51.0,sequence_47735,55.0,180.6946
sequence_47714,51.0,sequence_47793,16.0,216.6888
sequence_47714,51.0,sequence_47801,4.0,197.681
sequence_47714,51.0,sequence_47805,22.0,215.7953
sequence_47714,51.0,sequence_47802,4.0,203.4304
sequence_47714,51.0,sequence_47794,18.0,221.5447
sequence_47714,51.0,sequence_47728,12.0,160.5702
sequence_47714,51.0,sequence_47808,4.0,298.1716
sequence_47714,51.0,sequence_47792,12.0,250.6089
sequence_47714,51.0,sequence_47791,4.0,164.65439999999998
sequence_47714,51.0,sequence_47788,5.0,204.32389999999998
sequence_47714,51.0,sequence_47729,34.0,212.6046
sequence_47714,51.0,sequence_47809,10.0,350.206
sequence_47714,51.0,sequence_47737,27.0,312.2017
sequence_47714,51.0,sequence_47810,5.57,215.60160000000002
sequence_47714,51.0,sequence_47766,4.19,210.3856
sequence_47714,51.0,sequence_47736,19.0,260.1673
sequence_47725,57.0,sequence_47787,5.0,243.5188
sequence_47725,57.0,sequence_47684,23.0,155.8929
sequence_47725,57.0,sequence_47789,10.0,201.61020000000002
sequence_47725,57.0,sequence_47790,9.0,248.37470000000002
sequence_47725,57.0,sequence_47781,12.0,175.67860000000002
sequence_47725,57.0,sequence_47777,11.0,169.7374
sequence_47725,57.0,sequence_47779,11.0,181.6198
sequence_47725,57.0,sequence_47784,21.0,303.8593
sequence_47725,57.0,sequence_47786,18.0,236.25650000000002
sequence_47725,57.0,sequence_47782,17.0,259.6377
sequence_47725,57.0,sequence_47772,12.0,279.73609999999996
sequence_47725,57.0,sequence_47795,7.0,333.6952
sequence_47725,57.0,sequence_47776,9.0,422.76610000000005
sequence_47725,57.0,sequence_47685,24.0,161.64229999999998
sequence_47725,57.0,sequence_47679,44.0,82.11149999999999
sequence_47725,57.0,sequence_47695,52.0,154.9994
sequence_47725,57.0,sequence_47710,43.0,192.1102
sequence_47725,57.0,sequence_47686,22.0,113.98429999999999
sequence_47725,57.0,sequence_47778,26.0,127.8288
sequence_47725,57.0,sequence_47780,23.0,139.71120000000002
sequence_47725,57.0,sequence_47785,25.0,170.88080000000002
sequence_47725,57.0,sequence_47803,12.0,200.7167
sequence_47725,57.0,sequence_47663,36.0,288.49739999999997
sequence_47725,57.0,sequence_47757,36.0,282.748
sequence_47725,57.0,sequence_47783,24.5,405.53450000000004
sequence_47725,57.0,sequence_47796,20.0,328.38599999999997
sequence_47725,57.0,sequence_47750,25.0,258.62480000000005
sequence_47725,57.0,sequence_47760,26.0,317.99570000000006
sequence_47725,57.0,sequence_47773,19.0,237.8275
sequence_47725,57.0,sequence_47768,17.0,205.9547
sequence_47725,57.0,sequence_47771,18.0,263.6298
sequence_47725,57.0,sequence_47681,44.0,87.86089999999999
sequence_47725,57.0,sequence_47696,47.0,160.7488
sequence_47725,57.0,sequence_47680,73.0,199.89289999999997
sequence_47725,57.0,sequence_47673,65.5,118.32879999999999
sequence_47725,57.0,sequence_47700,65.0,404.3888
sequence_47725,57.0,sequence_47689,52.0,215.3399
sequence_47725,57.0,sequence_47683,75.0,189.17409999999998
sequence_47725,57.0,sequence_47697,55.5,113.0908
sequence_47725,57.0,sequence_47678,37.0,150.20159999999998
sequence_47725,57.0,sequence_47682,53.0,40.20289999999999
sequence_47725,57.0,sequence_47724,48.0,6.642899999999999
sequence_47725,57.0,sequence_47806,73.0,450.10609999999997
sequence_47725,57.0,sequence_47807,42.0,295.3855
sequence_47725,57.0,sequence_47804,23.0,121.1859
sequence_47725,57.0,sequence_47800,20.0,132.8765
sequence_47725,57.0,sequence_47799,24.0,138.8177
sequence_47725,57.0,sequence_47664,32.0,294.2468
sequence_47725,57.0,sequence_47666,69.0,467.74469999999997
sequence_47725,57.0,sequence_47671,36.0,361.8255
sequence_47725,57.0,sequence_47727,45.0,367.53020000000004
sequence_47725,57.0,sequence_47756,37.0,384.4232
sequence_47725,57.0,sequence_47775,23.0,584.7818
sequence_47725,57.0,sequence_47730,35.0,290.3817
sequence_47725,57.0,sequence_47758,22.0,307.2747
sequence_47725,57.0,sequence_47797,27.0,450.6255
sequence_47725,57.0,sequence_47798,23.0,302.0723
sequence_47725,57.0,sequence_47751,34.0,264.3742
sequence_47725,57.0,sequence_47741,102.0,196.72580000000002
sequence_47725,57.0,sequence_47743,63.0,333.81460000000004
sequence_47725,57.0,sequence_47752,67.0,257.29920000000004
sequence_47725,57.0,sequence_47745,83.0,343.4683
sequence_47725,57.0,sequence_47747,72.0,445.5798
sequence_47725,57.0,sequence_47748,79.0,461.9953
sequence_47725,57.0,sequence_47749,81.0,370.92539999999997
sequence_47725,57.0,sequence_47744,69.0,412.0198
sequence_47725,57.0,sequence_47721,40.0,190.40249999999997
sequence_47725,57.0,sequence_47759,36.0,191.296
sequence_47725,57.0,sequence_47774,21.0,158.2967
sequence_47725,57.0,sequence_47770,25.0,391.22249999999997
sequence_47725,57.0,sequence_47713,51.0,206.1877
sequence_47725,57.0,sequence_47738,55.0,184.84340000000003
sequence_47725,57.0,sequence_47769,25.0,164.0461
sequence_47725,57.0,sequence_47702,69.0,410.1382
sequence_47725,57.0,sequence_47672,76.0,93.8021
sequence_47725,57.0,sequence_47705,71.0,230.8909
sequence_47725,57.0,sequence_47694,51.0,325.8888
sequence_47725,57.0,sequence_47691,40.0,104.5992
sequence_47725,57.0,sequence_47701,63.0,522.1702
sequence_47725,57.0,sequence_47706,77.0,390.83079999999995
sequence_47725,57.0,sequence_47675,57.0,309.87109999999996
sequence_47725,57.0,sequence_47698,56.0,81.21799999999999
sequence_47725,57.0,sequence_47688,90.0,210.3705
sequence_47725,57.0,sequence_47704,98.0,511.4514
sequence_47725,57.0,sequence_47708,111.0,380.11199999999997
sequence_47725,57.0,sequence_47709,119.0,225.39139999999998
sequence_47725,57.0,sequence_47677,103.0,225.39139999999998
sequence_47725,57.0,sequence_47692,87.5,56.941199999999995
sequence_47725,57.0,sequence_47703,95.0,362.48019999999997
sequence_47725,57.0,sequence_47707,79.0,231.14079999999998
sequence_47725,57.0,sequence_47762,127.0,478.68969999999996
sequence_47725,57.0,sequence_47765,118.0,621.7197
sequence_47725,57.0,sequence_47767,105.0,366.92449999999997
sequence_47725,57.0,sequence_47812,121.0,466.9991
sequence_47725,57.0,sequence_47761,120.0,472.7484999999999
sequence_47725,57.0,sequence_47764,118.0,488.3434
sequence_47725,57.0,sequence_47763,122.0,394.7306
sequence_47725,57.0,sequence_47699,62.0,33.559999999999995
sequence_47725,57.0,sequence_47687,92.0,129.2097
sequence_47725,57.0,sequence_47693,64.0,188.2806
sequence_47725,57.0,sequence_47690,63.0,173.4313
sequence_47725,57.0,sequence_47712,49.0,27.8061
sequence_47725,57.0,sequence_47714,51.0,121.4189
sequence_47725,57.0,sequence_47669,32.0,405.11850000000004
sequence_47725,57.0,sequence_47668,48.0,442.22929999999997
sequence_47725,57.0,sequence_47670,97.0,342.15470000000005
sequence_47725,57.0,sequence_47665,50.0,340.1178
sequence_47725,57.0,sequence_47661,52.0,330.46410000000003
sequence_47725,57.0,sequence_47667,86.0,441.4309999999999
sequence_47725,57.0,sequence_47726,120.0,403.7475
sequence_47725,57.0,sequence_47734,110.0,413.4012
sequence_47725,57.0,sequence_47811,24.0,422.4275
sequence_47725,57.0,sequence_47662,28.0,390.1726
sequence_47725,57.0,sequence_47731,32.0,396.2057
sequence_47725,57.0,sequence_47733,25.0,296.1311
sequence_47725,57.0,sequence_47732,30.0,412.62120000000004
sequence_47725,57.0,sequence_47755,100.0,196.53400000000002
sequence_47725,57.0,sequence_47746,94.0,349.2177
sequence_47725,57.0,sequence_47754,70.0,296.6086
sequence_47725,57.0,sequence_47753,74.0,194.4971
sequence_47725,57.0,sequence_47740,158.0,268.09630000000004
sequence_47725,57.0,sequence_47742,108.0,154.8172
sequence_47725,57.0,sequence_47715,101.0,128.5035
sequence_47725,57.0,sequence_47718,81.0,134.25289999999998
sequence_47725,57.0,sequence_47717,66.0,265.59229999999997
sequence_47725,57.0,sequence_47720,80.0,393.77299999999997
sequence_47725,57.0,sequence_47716,84.0,206.5214
sequence_47725,57.0,sequence_47719,66.0,377.35749999999996
sequence_47725,57.0,sequence_47723,69.0,37.1108
sequence_47725,57.0,sequence_47722,75.0,110.87169999999999
sequence_47725,57.0,sequence_47674,38.0,124.07819999999998
sequence_47725,57.0,sequence_47676,56.0,76.42019999999998
sequence_47725,57.0,sequence_47711,57.0,70.66629999999999
sequence_47725,57.0,sequence_47739,35.0,142.93480000000002
sequence_47725,57.0,sequence_47735,55.0,59.27570000000001
sequence_47725,57.0,sequence_47793,16.0,261.6331
sequence_47725,57.0,sequence_47801,4.0,242.6253
sequence_47725,57.0,sequence_47805,22.0,260.7396
sequence_47725,57.0,sequence_47802,4.0,248.3747
sequence_47725,57.0,sequence_47794,18.0,266.48900000000003
sequence_47725,57.0,sequence_47728,12.0,205.5145
sequence_47725,57.0,sequence_47808,4.0,176.7527
sequence_47725,57.0,sequence_47792,12.0,295.5532
sequence_47725,57.0,sequence_47791,4.0,209.5987
sequence_47725,57.0,sequence_47788,5.0,249.26819999999998
sequence_47725,57.0,sequence_47729,34.0,257.5489
sequence_47725,57.0,sequence_47809,10.0,228.7871
sequence_47725,57.0,sequence_47737,27.0,190.7828
sequence_47725,57.0,sequence_47810,5.57,226.4917
sequence_47725,57.0,sequence_47766,4.19,231.7077
sequence_47725,57.0,sequence_47736,19.0,138.7484
sequence_47669,32.0,sequence_47787,5.0,307.2355
sequence_47669,32.0,sequence_47684,23.0,318.8528
sequence_47669,32.0,sequence_47789,10.0,349.1441
sequence_47669,32.0,sequence_47790,9.0,353.22
sequence_47669,32.0,sequence_47781,12.0,307.2355
sequence_47669,32.0,sequence_47777,11.0,313.1767
sequence_47669,32.0,sequence_47779,11.0,301.2943
sequence_47669,32.0,sequence_47784,21.0,179.0548
sequence_47669,32.0,sequence_47786,18.0,391.19460000000004
sequence_47669,32.0,sequence_47782,17.0,223.2764
sequence_47669,32.0,sequence_47772,12.0,343.4528
sequence_47669,32.0,sequence_47795,7.0,397.41190000000006
sequence_47669,32.0,sequence_47776,9.0,486.4828
sequence_47669,32.0,sequence_47685,24.0,313.10339999999997
sequence_47669,32.0,sequence_47679,44.0,324.794
sequence_47669,32.0,sequence_47695,52.0,317.9593
sequence_47669,32.0,sequence_47710,43.0,280.84850000000006
sequence_47669,32.0,sequence_47686,22.0,360.7614
sequence_47669,32.0,sequence_47778,26.0,355.08529999999996
sequence_47669,32.0,sequence_47780,23.0,343.2029
sequence_47669,32.0,sequence_47785,25.0,312.03329999999994
sequence_47669,32.0,sequence_47803,12.0,348.25059999999996
sequence_47669,32.0,sequence_47663,36.0,118.40809999999999
sequence_47669,32.0,sequence_47757,36.0,124.15749999999998
sequence_47669,32.0,sequence_47783,24.5,321.8586
sequence_47669,32.0,sequence_47796,20.0,203.5815
sequence_47669,32.0,sequence_47750,25.0,288.5555
sequence_47669,32.0,sequence_47760,26.0,548.0756
sequence_47669,32.0,sequence_47773,19.0,385.3614
sequence_47669,32.0,sequence_47768,17.0,349.394
sequence_47669,32.0,sequence_47771,18.0,344.3463
sequence_47669,32.0,sequence_47681,44.0,319.0446
sequence_47669,32.0,sequence_47696,47.0,312.2099
sequence_47669,32.0,sequence_47680,73.0,473.76519999999994
sequence_47669,32.0,sequence_47673,65.5,361.0113
sequence_47669,32.0,sequence_47700,65.0,647.0713000000001
sequence_47669,32.0,sequence_47689,52.0,189.7786
sequence_47669,32.0,sequence_47683,75.0,503.79139999999995
sequence_47669,32.0,sequence_47697,55.5,359.86789999999996
sequence_47669,32.0,sequence_47678,37.0,396.9787
sequence_47669,32.0,sequence_47682,53.0,366.70259999999996
sequence_47669,32.0,sequence_47724,48.0,400.2626
sequence_47669,32.0,sequence_47806,73.0,677.3625999999999
sequence_47669,32.0,sequence_47807,42.0,522.642
sequence_47669,32.0,sequence_47804,23.0,359.9412
sequence_47669,32.0,sequence_47800,20.0,348.2506
sequence_47669,32.0,sequence_47799,24.0,342.3094
sequence_47669,32.0,sequence_47664,32.0,112.6587
sequence_47669,32.0,sequence_47666,69.0,297.6554
sequence_47669,32.0,sequence_47671,36.0,117.51459999999999
sequence_47669,32.0,sequence_47727,45.0,283.85429999999997
sequence_47669,32.0,sequence_47756,37.0,266.9613
sequence_47669,32.0,sequence_47775,23.0,501.1059
sequence_47669,32.0,sequence_47730,35.0,165.5772
sequence_47669,32.0,sequence_47758,22.0,148.6842
sequence_47669,32.0,sequence_47797,27.0,314.3222
sequence_47669,32.0,sequence_47798,23.0,229.8952
sequence_47669,32.0,sequence_47751,34.0,282.8061
sequence_47669,32.0,sequence_47741,102.0,282.61429999999996
sequence_47669,32.0,sequence_47743,63.0,431.5854999999999
sequence_47669,32.0,sequence_47752,67.0,222.0409
sequence_47669,32.0,sequence_47745,83.0,441.2392
sequence_47669,32.0,sequence_47747,72.0,319.8203
sequence_47669,32.0,sequence_47748,79.0,303.4048
sequence_47669,32.0,sequence_47749,81.0,394.4747
sequence_47669,32.0,sequence_47744,69.0,353.38030000000003
sequence_47669,32.0,sequence_47721,40.0,356.77779999999996
sequence_47669,32.0,sequence_47759,36.0,355.88429999999994
sequence_47669,32.0,sequence_47774,21.0,397.052
sequence_47669,32.0,sequence_47770,25.0,450.1862
sequence_47669,32.0,sequence_47713,51.0,304.3422
sequence_47669,32.0,sequence_47738,55.0,294.49670000000003
sequence_47669,32.0,sequence_47769,25.0,391.3026
sequence_47669,32.0,sequence_47702,69.0,641.3219
sequence_47669,32.0,sequence_47672,76.0,313.1034
sequence_47669,32.0,sequence_47705,71.0,462.07460000000003
sequence_47669,32.0,sequence_47694,51.0,312.2099
sequence_47669,32.0,sequence_47691,40.0,300.51930000000004
sequence_47669,32.0,sequence_47701,63.0,796.0425
sequence_47669,32.0,sequence_47706,77.0,641.3218999999999
sequence_47669,32.0,sequence_47675,57.0,583.7434
sequence_47669,32.0,sequence_47698,56.0,323.90049999999997
sequence_47669,32.0,sequence_47688,90.0,237.4366
sequence_47669,32.0,sequence_47704,98.0,826.0687
sequence_47669,32.0,sequence_47708,111.0,671.3480999999999
sequence_47669,32.0,sequence_47709,119.0,516.6275
sequence_47669,32.0,sequence_47677,103.0,540.0087
sequence_47669,32.0,sequence_47692,87.5,348.1773
sequence_47669,32.0,sequence_47703,95.0,688.9799
sequence_47669,32.0,sequence_47707,79.0,534.2592999999999
sequence_47669,32.0,sequence_47762,127.0,660.6614
sequence_47669,32.0,sequence_47765,118.0,803.6913999999999
sequence_47669,32.0,sequence_47767,105.0,760.5442
sequence_47669,32.0,sequence_47812,121.0,660.4695999999999
sequence_47669,32.0,sequence_47761,120.0,654.7202
sequence_47669,32.0,sequence_47764,118.0,670.3151
sequence_47669,32.0,sequence_47763,122.0,732.7381
sequence_47669,32.0,sequence_47699,62.0,371.5585
sequence_47669,32.0,sequence_47687,92.0,275.9088
sequence_47669,32.0,sequence_47693,64.0,502.8979
sequence_47669,32.0,sequence_47690,63.0,231.6872
sequence_47669,32.0,sequence_47712,49.0,377.3124
sequence_47669,32.0,sequence_47714,51.0,314.8894
sequence_47669,32.0,sequence_47725,57.0,405.11850000000004
sequence_47669,32.0,sequence_47668,48.0,37.1108
sequence_47669,32.0,sequence_47670,97.0,137.18540000000002
sequence_47669,32.0,sequence_47665,50.0,158.5297
sequence_47669,32.0,sequence_47661,52.0,148.87599999999998
sequence_47669,32.0,sequence_47667,86.0,323.9691
sequence_47669,32.0,sequence_47726,120.0,320.0716
sequence_47669,32.0,sequence_47734,110.0,329.7253
sequence_47669,32.0,sequence_47811,24.0,304.9656
sequence_47669,32.0,sequence_47662,28.0,261.2119
sequence_47669,32.0,sequence_47731,32.0,259.9024
sequence_47669,32.0,sequence_47733,25.0,159.8278
sequence_47669,32.0,sequence_47732,30.0,276.3179
sequence_47669,32.0,sequence_47755,100.0,282.8061
sequence_47669,32.0,sequence_47746,94.0,435.48980000000006
sequence_47669,32.0,sequence_47754,70.0,182.73149999999998
sequence_47669,32.0,sequence_47753,74.0,304.1504
sequence_47669,32.0,sequence_47740,158.0,342.486
sequence_47669,32.0,sequence_47742,108.0,324.52289999999994
sequence_47669,32.0,sequence_47715,101.0,350.8366
sequence_47669,32.0,sequence_47718,81.0,345.0872
sequence_47669,32.0,sequence_47717,66.0,499.80779999999993
sequence_47669,32.0,sequence_47720,80.0,371.62710000000004
sequence_47669,32.0,sequence_47716,84.0,272.8187
sequence_47669,32.0,sequence_47719,66.0,388.0426
sequence_47669,32.0,sequence_47723,69.0,442.22929999999997
sequence_47669,32.0,sequence_47722,75.0,368.4684
sequence_47669,32.0,sequence_47674,38.0,355.26189999999997
sequence_47669,32.0,sequence_47676,56.0,402.9199
sequence_47669,32.0,sequence_47711,57.0,408.67379999999997
sequence_47669,32.0,sequence_47739,35.0,336.4053
sequence_47669,32.0,sequence_47735,55.0,452.8954
sequence_47669,32.0,sequence_47793,16.0,393.19000000000005
sequence_47669,32.0,sequence_47801,4.0,306.342
sequence_47669,32.0,sequence_47805,22.0,392.29650000000004
sequence_47669,32.0,sequence_47802,4.0,300.5926
sequence_47669,32.0,sequence_47794,18.0,388.33410000000003
sequence_47669,32.0,sequence_47728,12.0,269.2312
sequence_47669,32.0,sequence_47808,4.0,406.83260000000007
sequence_47669,32.0,sequence_47792,12.0,359.2699
sequence_47669,32.0,sequence_47791,4.0,341.1556
sequence_47669,32.0,sequence_47788,5.0,301.48609999999996
sequence_47669,32.0,sequence_47729,34.0,321.2656
sequence_47669,32.0,sequence_47809,10.0,458.8670000000001
sequence_47669,32.0,sequence_47737,27.0,420.8627
sequence_47669,32.0,sequence_47810,5.57,324.2626
sequence_47669,32.0,sequence_47766,4.19,319.0466
sequence_47669,32.0,sequence_47736,19.0,368.8283
sequence_47668,48.0,sequence_47787,5.0,344.34630000000004
sequence_47668,48.0,sequence_47684,23.0,355.96360000000004
sequence_47668,48.0,sequence_47789,10.0,386.2549
sequence_47668,48.0,sequence_47790,9.0,390.3308
sequence_47668,48.0,sequence_47781,12.0,344.34630000000004
sequence_47668,48.0,sequence_47777,11.0,350.2875
sequence_47668,48.0,sequence_47779,11.0,338.4051
sequence_47668,48.0,sequence_47784,21.0,216.1656
sequence_47668,48.0,sequence_47786,18.0,428.3054
sequence_47668,48.0,sequence_47782,17.0,260.3872
sequence_47668,48.0,sequence_47772,12.0,306.342
sequence_47668,48.0,sequence_47795,7.0,434.5227
sequence_47668,48.0,sequence_47776,9.0,449.37199999999996
sequence_47668,48.0,sequence_47685,24.0,350.2142
sequence_47668,48.0,sequence_47679,44.0,361.9048
sequence_47668,48.0,sequence_47695,52.0,355.0701
sequence_47668,48.0,sequence_47710,43.0,317.9593
sequence_47668,48.0,sequence_47686,22.0,397.8722
sequence_47668,48.0,sequence_47778,26.0,392.1961
sequence_47668,48.0,sequence_47780,23.0,380.3137
sequence_47668,48.0,sequence_47785,25.0,349.1441
sequence_47668,48.0,sequence_47803,12.0,385.3614
sequence_47668,48.0,sequence_47663,36.0,155.5189
sequence_47668,48.0,sequence_47757,36.0,161.26829999999998
sequence_47668,48.0,sequence_47783,24.5,358.9694
sequence_47668,48.0,sequence_47796,20.0,189.8519
sequence_47668,48.0,sequence_47750,25.0,251.4447
sequence_47668,48.0,sequence_47760,26.0,510.9648000000001
sequence_47668,48.0,sequence_47773,19.0,348.25059999999996
sequence_47668,48.0,sequence_47768,17.0,312.2832
sequence_47668,48.0,sequence_47771,18.0,307.2355
sequence_47668,48.0,sequence_47681,44.0,356.1554
sequence_47668,48.0,sequence_47696,47.0,349.3207
sequence_47668,48.0,sequence_47680,73.0,510.876
sequence_47668,48.0,sequence_47673,65.5,323.9005
sequence_47668,48.0,sequence_47700,65.0,609.9605
sequence_47668,48.0,sequence_47689,52.0,226.8894
sequence_47668,48.0,sequence_47683,75.0,540.9022
sequence_47668,48.0,sequence_47697,55.5,396.9787
sequence_47668,48.0,sequence_47678,37.0,359.86789999999996
sequence_47668,48.0,sequence_47682,53.0,403.8134
sequence_47668,48.0,sequence_47724,48.0,437.3734
sequence_47668,48.0,sequence_47806,73.0,640.2518
sequence_47668,48.0,sequence_47807,42.0,508.9124
sequence_47668,48.0,sequence_47804,23.0,397.052
sequence_47668,48.0,sequence_47800,20.0,385.3614
sequence_47668,48.0,sequence_47799,24.0,379.42019999999997
sequence_47668,48.0,sequence_47664,32.0,149.7695
sequence_47668,48.0,sequence_47666,69.0,260.5446
sequence_47668,48.0,sequence_47671,36.0,80.40379999999999
sequence_47668,48.0,sequence_47727,45.0,320.9651
sequence_47668,48.0,sequence_47756,37.0,304.0721
sequence_47668,48.0,sequence_47775,23.0,463.9951
sequence_47668,48.0,sequence_47730,35.0,151.8476
sequence_47668,48.0,sequence_47758,22.0,134.9546
sequence_47668,48.0,sequence_47797,27.0,300.5926
sequence_47668,48.0,sequence_47798,23.0,216.16559999999998
sequence_47668,48.0,sequence_47751,34.0,245.69529999999997
sequence_47668,48.0,sequence_47741,102.0,245.50349999999997
sequence_47668,48.0,sequence_47743,63.0,394.4746999999999
sequence_47668,48.0,sequence_47752,67.0,184.93009999999998
sequence_47668,48.0,sequence_47745,83.0,404.1284
sequence_47668,48.0,sequence_47747,72.0,282.7095
sequence_47668,48.0,sequence_47748,79.0,266.294
sequence_47668,48.0,sequence_47749,81.0,357.3639
sequence_47668,48.0,sequence_47744,69.0,316.2695
sequence_47668,48.0,sequence_47721,40.0,319.667
sequence_47668,48.0,sequence_47759,36.0,318.7735
sequence_47668,48.0,sequence_47774,21.0,359.9412
sequence_47668,48.0,sequence_47770,25.0,413.0754
sequence_47668,48.0,sequence_47713,51.0,267.2314
sequence_47668,48.0,sequence_47738,55.0,257.3859
sequence_47668,48.0,sequence_47769,25.0,354.1918
sequence_47668,48.0,sequence_47702,69.0,604.2111
sequence_47668,48.0,sequence_47672,76.0,350.2142
sequence_47668,48.0,sequence_47705,71.0,499.1854000000001
sequence_47668,48.0,sequence_47694,51.0,349.3207
sequence_47668,48.0,sequence_47691,40.0,337.63009999999997
sequence_47668,48.0,sequence_47701,63.0,758.9317
sequence_47668,48.0,sequence_47706,77.0,604.2111
sequence_47668,48.0,sequence_47675,57.0,546.6325999999999
sequence_47668,48.0,sequence_47698,56.0,361.0113
sequence_47668,48.0,sequence_47688,90.0,274.5474
sequence_47668,48.0,sequence_47704,98.0,788.9579
sequence_47668,48.0,sequence_47708,111.0,634.2373
sequence_47668,48.0,sequence_47709,119.0,502.8979
sequence_47668,48.0,sequence_47677,103.0,502.8979
sequence_47668,48.0,sequence_47692,87.5,385.2881
sequence_47668,48.0,sequence_47703,95.0,651.8691
sequence_47668,48.0,sequence_47707,79.0,497.1485
sequence_47668,48.0,sequence_47762,127.0,623.5506
sequence_47668,48.0,sequence_47765,118.0,766.5806
sequence_47668,48.0,sequence_47767,105.0,723.4333999999999
sequence_47668,48.0,sequence_47812,121.0,623.3588
sequence_47668,48.0,sequence_47761,120.0,617.6094
sequence_47668,48.0,sequence_47764,118.0,633.2043000000001
sequence_47668,48.0,sequence_47763,122.0,695.6272999999999
sequence_47668,48.0,sequence_47699,62.0,408.6693
sequence_47668,48.0,sequence_47687,92.0,313.01959999999997
sequence_47668,48.0,sequence_47693,64.0,540.0087
sequence_47668,48.0,sequence_47690,63.0,268.798
sequence_47668,48.0,sequence_47712,49.0,414.42319999999995
sequence_47668,48.0,sequence_47714,51.0,352.00019999999995
sequence_47668,48.0,sequence_47725,57.0,442.22929999999997
sequence_47668,48.0,sequence_47669,32.0,37.1108
sequence_47668,48.0,sequence_47670,97.0,100.0746
sequence_47668,48.0,sequence_47665,50.0,121.4189
sequence_47668,48.0,sequence_47661,52.0,111.7652
sequence_47668,48.0,sequence_47667,86.0,286.8583
sequence_47668,48.0,sequence_47726,120.0,282.9608
sequence_47668,48.0,sequence_47734,110.0,292.6145
sequence_47668,48.0,sequence_47811,24.0,342.0764
sequence_47668,48.0,sequence_47662,28.0,298.3227
sequence_47668,48.0,sequence_47731,32.0,246.1728
sequence_47668,48.0,sequence_47733,25.0,146.0982
sequence_47668,48.0,sequence_47732,30.0,262.5883
sequence_47668,48.0,sequence_47755,100.0,245.69529999999997
sequence_47668,48.0,sequence_47746,94.0,398.379
sequence_47668,48.0,sequence_47754,70.0,145.6207
sequence_47668,48.0,sequence_47753,74.0,267.0396
sequence_47668,48.0,sequence_47740,158.0,305.3752
sequence_47668,48.0,sequence_47742,108.0,287.41209999999995
sequence_47668,48.0,sequence_47715,101.0,313.72579999999994
sequence_47668,48.0,sequence_47718,81.0,307.9764
sequence_47668,48.0,sequence_47717,66.0,462.6969999999999
sequence_47668,48.0,sequence_47720,80.0,334.5163
sequence_47668,48.0,sequence_47716,84.0,235.7079
sequence_47668,48.0,sequence_47719,66.0,350.9318
sequence_47668,48.0,sequence_47723,69.0,405.11850000000004
sequence_47668,48.0,sequence_47722,75.0,331.3576
sequence_47668,48.0,sequence_47674,38.0,318.15110000000004
sequence_47668,48.0,sequence_47676,56.0,365.8091
sequence_47668,48.0,sequence_47711,57.0,371.563
sequence_47668,48.0,sequence_47739,35.0,299.29449999999997
sequence_47668,48.0,sequence_47735,55.0,415.7846
sequence_47668,48.0,sequence_47793,16.0,430.30080000000004
sequence_47668,48.0,sequence_47801,4.0,343.4528
sequence_47668,48.0,sequence_47805,22.0,429.4073
sequence_47668,48.0,sequence_47802,4.0,337.7034
sequence_47668,48.0,sequence_47794,18.0,425.4449
sequence_47668,48.0,sequence_47728,12.0,306.342
sequence_47668,48.0,sequence_47808,4.0,443.9434
sequence_47668,48.0,sequence_47792,12.0,396.38070000000005
sequence_47668,48.0,sequence_47791,4.0,378.2664
sequence_47668,48.0,sequence_47788,5.0,338.5969
sequence_47668,48.0,sequence_47729,34.0,358.3764
sequence_47668,48.0,sequence_47809,10.0,495.9778
sequence_47668,48.0,sequence_47737,27.0,457.97350000000006
sequence_47668,48.0,sequence_47810,5.57,361.3734
sequence_47668,48.0,sequence_47766,4.19,356.1574
sequence_47668,48.0,sequence_47736,19.0,405.93910000000005
sequence_47670,97.0,sequence_47787,5.0,244.2717
sequence_47670,97.0,sequence_47684,23.0,255.889
sequence_47670,97.0,sequence_47789,10.0,286.1803
sequence_47670,97.0,sequence_47790,9.0,290.25620000000004
sequence_47670,97.0,sequence_47781,12.0,244.2717
sequence_47670,97.0,sequence_47777,11.0,250.21290000000002
sequence_47670,97.0,sequence_47779,11.0,238.3305
sequence_47670,97.0,sequence_47784,21.0,116.091
sequence_47670,97.0,sequence_47786,18.0,328.23080000000004
sequence_47670,97.0,sequence_47782,17.0,160.3126
sequence_47670,97.0,sequence_47772,12.0,206.2674
sequence_47670,97.0,sequence_47795,7.0,334.4481
sequence_47670,97.0,sequence_47776,9.0,349.29740000000004
sequence_47670,97.0,sequence_47685,24.0,250.13960000000003
sequence_47670,97.0,sequence_47679,44.0,261.83020000000005
sequence_47670,97.0,sequence_47695,52.0,254.99550000000002
sequence_47670,97.0,sequence_47710,43.0,268.7251
sequence_47670,97.0,sequence_47686,22.0,297.7976
sequence_47670,97.0,sequence_47778,26.0,292.12149999999997
sequence_47670,97.0,sequence_47780,23.0,280.2391
sequence_47670,97.0,sequence_47785,25.0,249.06949999999998
sequence_47670,97.0,sequence_47803,12.0,285.28679999999997
sequence_47670,97.0,sequence_47663,36.0,55.444300000000005
sequence_47670,97.0,sequence_47757,36.0,61.1937
sequence_47670,97.0,sequence_47783,24.5,258.89480000000003
sequence_47670,97.0,sequence_47796,20.0,89.7773
sequence_47670,97.0,sequence_47750,25.0,151.3701
sequence_47670,97.0,sequence_47760,26.0,410.89020000000005
sequence_47670,97.0,sequence_47773,19.0,248.176
sequence_47670,97.0,sequence_47768,17.0,212.20860000000002
sequence_47670,97.0,sequence_47771,18.0,207.1609
sequence_47670,97.0,sequence_47681,44.0,256.0808
sequence_47670,97.0,sequence_47696,47.0,249.2461
sequence_47670,97.0,sequence_47680,73.0,410.8014
sequence_47670,97.0,sequence_47673,65.5,223.82590000000005
sequence_47670,97.0,sequence_47700,65.0,509.8859
sequence_47670,97.0,sequence_47689,52.0,126.8148
sequence_47670,97.0,sequence_47683,75.0,440.8276
sequence_47670,97.0,sequence_47697,55.5,296.90409999999997
sequence_47670,97.0,sequence_47678,37.0,259.7933
sequence_47670,97.0,sequence_47682,53.0,303.7388
sequence_47670,97.0,sequence_47724,48.0,337.2988
sequence_47670,97.0,sequence_47806,73.0,540.1772000000001
sequence_47670,97.0,sequence_47807,42.0,408.8378
sequence_47670,97.0,sequence_47804,23.0,296.9774
sequence_47670,97.0,sequence_47800,20.0,285.2868
sequence_47670,97.0,sequence_47799,24.0,279.3456
sequence_47670,97.0,sequence_47664,32.0,49.694900000000004
sequence_47670,97.0,sequence_47666,69.0,160.47
sequence_47670,97.0,sequence_47671,36.0,31.169600000000003
sequence_47670,97.0,sequence_47727,45.0,220.8905
sequence_47670,97.0,sequence_47756,37.0,203.9975
sequence_47670,97.0,sequence_47775,23.0,363.9205
sequence_47670,97.0,sequence_47730,35.0,51.773
sequence_47670,97.0,sequence_47758,22.0,34.88
sequence_47670,97.0,sequence_47797,27.0,200.51800000000003
sequence_47670,97.0,sequence_47798,23.0,116.09100000000001
sequence_47670,97.0,sequence_47751,34.0,145.6207
sequence_47670,97.0,sequence_47741,102.0,145.4289
sequence_47670,97.0,sequence_47743,63.0,294.40009999999995
sequence_47670,97.0,sequence_47752,67.0,84.8555
sequence_47670,97.0,sequence_47745,83.0,304.0538
sequence_47670,97.0,sequence_47747,72.0,182.63490000000002
sequence_47670,97.0,sequence_47748,79.0,166.2194
sequence_47670,97.0,sequence_47749,81.0,257.2893
sequence_47670,97.0,sequence_47744,69.0,216.19490000000002
sequence_47670,97.0,sequence_47721,40.0,219.5924
sequence_47670,97.0,sequence_47759,36.0,218.69889999999998
sequence_47670,97.0,sequence_47774,21.0,259.8666
sequence_47670,97.0,sequence_47770,25.0,313.0008
sequence_47670,97.0,sequence_47713,51.0,167.15680000000003
sequence_47670,97.0,sequence_47738,55.0,157.31130000000002
sequence_47670,97.0,sequence_47769,25.0,254.1172
sequence_47670,97.0,sequence_47702,69.0,504.13649999999996
sequence_47670,97.0,sequence_47672,76.0,250.13960000000003
sequence_47670,97.0,sequence_47705,71.0,399.11080000000004
sequence_47670,97.0,sequence_47694,51.0,249.2461
sequence_47670,97.0,sequence_47691,40.0,237.55550000000002
sequence_47670,97.0,sequence_47701,63.0,658.8571
sequence_47670,97.0,sequence_47706,77.0,504.13649999999996
sequence_47670,97.0,sequence_47675,57.0,446.558
sequence_47670,97.0,sequence_47698,56.0,260.9367
sequence_47670,97.0,sequence_47688,90.0,174.4728
sequence_47670,97.0,sequence_47704,98.0,688.8833
sequence_47670,97.0,sequence_47708,111.0,534.1627
sequence_47670,97.0,sequence_47709,119.0,402.8233
sequence_47670,97.0,sequence_47677,103.0,402.8233
sequence_47670,97.0,sequence_47692,87.5,285.2135
sequence_47670,97.0,sequence_47703,95.0,551.7945
sequence_47670,97.0,sequence_47707,79.0,397.0739
sequence_47670,97.0,sequence_47762,127.0,523.476
sequence_47670,97.0,sequence_47765,118.0,666.5060000000001
sequence_47670,97.0,sequence_47767,105.0,623.3588
sequence_47670,97.0,sequence_47812,121.0,523.2842
sequence_47670,97.0,sequence_47761,120.0,517.5347999999999
sequence_47670,97.0,sequence_47764,118.0,533.1297
sequence_47670,97.0,sequence_47763,122.0,595.5527
sequence_47670,97.0,sequence_47699,62.0,308.5947
sequence_47670,97.0,sequence_47687,92.0,212.945
sequence_47670,97.0,sequence_47693,64.0,439.9341
sequence_47670,97.0,sequence_47690,63.0,168.7234
sequence_47670,97.0,sequence_47712,49.0,314.34860000000003
sequence_47670,97.0,sequence_47714,51.0,251.9256
sequence_47670,97.0,sequence_47725,57.0,342.15470000000005
sequence_47670,97.0,sequence_47669,32.0,137.18540000000002
sequence_47670,97.0,sequence_47668,48.0,100.0746
sequence_47670,97.0,sequence_47665,50.0,21.344299999999997
sequence_47670,97.0,sequence_47661,52.0,11.690600000000002
sequence_47670,97.0,sequence_47667,86.0,186.78369999999998
sequence_47670,97.0,sequence_47726,120.0,182.8862
sequence_47670,97.0,sequence_47734,110.0,192.5399
sequence_47670,97.0,sequence_47811,24.0,242.0018
sequence_47670,97.0,sequence_47662,28.0,198.24810000000002
sequence_47670,97.0,sequence_47731,32.0,146.09820000000002
sequence_47670,97.0,sequence_47733,25.0,46.0236
sequence_47670,97.0,sequence_47732,30.0,162.51370000000003
sequence_47670,97.0,sequence_47755,100.0,145.6207
sequence_47670,97.0,sequence_47746,94.0,298.30440000000004
sequence_47670,97.0,sequence_47754,70.0,45.54610000000001
sequence_47670,97.0,sequence_47753,74.0,166.965
sequence_47670,97.0,sequence_47740,158.0,205.30060000000003
sequence_47670,97.0,sequence_47742,108.0,187.33749999999998
sequence_47670,97.0,sequence_47715,101.0,213.6512
sequence_47670,97.0,sequence_47718,81.0,207.9018
sequence_47670,97.0,sequence_47717,66.0,362.6223999999999
sequence_47670,97.0,sequence_47720,80.0,234.44170000000003
sequence_47670,97.0,sequence_47716,84.0,135.6333
sequence_47670,97.0,sequence_47719,66.0,250.85720000000003
sequence_47670,97.0,sequence_47723,69.0,305.0439
sequence_47670,97.0,sequence_47722,75.0,231.28300000000002
sequence_47670,97.0,sequence_47674,38.0,218.0765
sequence_47670,97.0,sequence_47676,56.0,265.7345
sequence_47670,97.0,sequence_47711,57.0,271.4884
sequence_47670,97.0,sequence_47739,35.0,199.2199
sequence_47670,97.0,sequence_47735,55.0,315.71000000000004
sequence_47670,97.0,sequence_47793,16.0,330.22620000000006
sequence_47670,97.0,sequence_47801,4.0,243.3782
sequence_47670,97.0,sequence_47805,22.0,329.33270000000005
sequence_47670,97.0,sequence_47802,4.0,237.6288
sequence_47670,97.0,sequence_47794,18.0,325.37030000000004
sequence_47670,97.0,sequence_47728,12.0,206.2674
sequence_47670,97.0,sequence_47808,4.0,343.8688
sequence_47670,97.0,sequence_47792,12.0,296.3061
sequence_47670,97.0,sequence_47791,4.0,278.1918
sequence_47670,97.0,sequence_47788,5.0,238.5223
sequence_47670,97.0,sequence_47729,34.0,258.3018
sequence_47670,97.0,sequence_47809,10.0,395.9032
sequence_47670,97.0,sequence_47737,27.0,357.8989
sequence_47670,97.0,sequence_47810,5.57,261.2988
sequence_47670,97.0,sequence_47766,4.19,256.0828
sequence_47670,97.0,sequence_47736,19.0,305.8645
sequence_47665,50.0,sequence_47787,5.0,242.2348
sequence_47665,50.0,sequence_47684,23.0,253.8521
sequence_47665,50.0,sequence_47789,10.0,284.1434
sequence_47665,50.0,sequence_47790,9.0,288.2193
sequence_47665,50.0,sequence_47781,12.0,242.2348
sequence_47665,50.0,sequence_47777,11.0,248.17600000000002
sequence_47665,50.0,sequence_47779,11.0,236.2936
sequence_47665,50.0,sequence_47784,21.0,114.05409999999999
sequence_47665,50.0,sequence_47786,18.0,326.1939
sequence_47665,50.0,sequence_47782,17.0,158.2757
sequence_47665,50.0,sequence_47772,12.0,204.2305
sequence_47665,50.0,sequence_47795,7.0,332.4112
sequence_47665,50.0,sequence_47776,9.0,347.2605
sequence_47665,50.0,sequence_47685,24.0,248.10270000000003
sequence_47665,50.0,sequence_47679,44.0,259.79330000000004
sequence_47665,50.0,sequence_47695,52.0,252.95860000000002
sequence_47665,50.0,sequence_47710,43.0,290.0694
sequence_47665,50.0,sequence_47686,22.0,295.7607
sequence_47665,50.0,sequence_47778,26.0,290.0846
sequence_47665,50.0,sequence_47780,23.0,278.20219999999995
sequence_47665,50.0,sequence_47785,25.0,247.03259999999997
sequence_47665,50.0,sequence_47803,12.0,283.24989999999997
sequence_47665,50.0,sequence_47663,36.0,53.4074
sequence_47665,50.0,sequence_47757,36.0,59.1568
sequence_47665,50.0,sequence_47783,24.5,256.8579
sequence_47665,50.0,sequence_47796,20.0,87.7404
sequence_47665,50.0,sequence_47750,25.0,149.3332
sequence_47665,50.0,sequence_47760,26.0,408.8533
sequence_47665,50.0,sequence_47773,19.0,246.13909999999998
sequence_47665,50.0,sequence_47768,17.0,210.17170000000002
sequence_47665,50.0,sequence_47771,18.0,205.124
sequence_47665,50.0,sequence_47681,44.0,254.0439
sequence_47665,50.0,sequence_47696,47.0,247.2092
sequence_47665,50.0,sequence_47680,73.0,408.7645
sequence_47665,50.0,sequence_47673,65.5,221.78900000000004
sequence_47665,50.0,sequence_47700,65.0,488.5416
sequence_47665,50.0,sequence_47689,52.0,124.7779
sequence_47665,50.0,sequence_47683,75.0,438.7907
sequence_47665,50.0,sequence_47697,55.5,294.8672
sequence_47665,50.0,sequence_47678,37.0,257.7564
sequence_47665,50.0,sequence_47682,53.0,301.7019
sequence_47665,50.0,sequence_47724,48.0,335.26189999999997
sequence_47665,50.0,sequence_47806,73.0,518.8329
sequence_47665,50.0,sequence_47807,42.0,387.4935
sequence_47665,50.0,sequence_47804,23.0,294.9405
sequence_47665,50.0,sequence_47800,20.0,283.2499
sequence_47665,50.0,sequence_47799,24.0,277.3087
sequence_47665,50.0,sequence_47664,32.0,47.658
sequence_47665,50.0,sequence_47666,69.0,139.1257
sequence_47665,50.0,sequence_47671,36.0,52.5139
sequence_47665,50.0,sequence_47727,45.0,218.8536
sequence_47665,50.0,sequence_47756,37.0,201.9606
sequence_47665,50.0,sequence_47775,23.0,361.8836
sequence_47665,50.0,sequence_47730,35.0,49.7361
sequence_47665,50.0,sequence_47758,22.0,32.8431
sequence_47665,50.0,sequence_47797,27.0,198.48110000000003
sequence_47665,50.0,sequence_47798,23.0,114.0541
sequence_47665,50.0,sequence_47751,34.0,143.5838
sequence_47665,50.0,sequence_47741,102.0,143.392
sequence_47665,50.0,sequence_47743,63.0,292.36319999999995
sequence_47665,50.0,sequence_47752,67.0,82.8186
sequence_47665,50.0,sequence_47745,83.0,302.0169
sequence_47665,50.0,sequence_47747,72.0,180.598
sequence_47665,50.0,sequence_47748,79.0,164.1825
sequence_47665,50.0,sequence_47749,81.0,255.2524
sequence_47665,50.0,sequence_47744,69.0,214.15800000000002
sequence_47665,50.0,sequence_47721,40.0,217.5555
sequence_47665,50.0,sequence_47759,36.0,216.66199999999998
sequence_47665,50.0,sequence_47774,21.0,257.8297
sequence_47665,50.0,sequence_47770,25.0,310.96389999999997
sequence_47665,50.0,sequence_47713,51.0,165.11990000000003
sequence_47665,50.0,sequence_47738,55.0,155.2744
sequence_47665,50.0,sequence_47769,25.0,252.0803
sequence_47665,50.0,sequence_47702,69.0,482.7922
sequence_47665,50.0,sequence_47672,76.0,259.9851
sequence_47665,50.0,sequence_47705,71.0,377.7665
sequence_47665,50.0,sequence_47694,51.0,247.2092
sequence_47665,50.0,sequence_47691,40.0,235.51860000000002
sequence_47665,50.0,sequence_47701,63.0,637.5128
sequence_47665,50.0,sequence_47706,77.0,525.4808
sequence_47665,50.0,sequence_47675,57.0,444.5211
sequence_47665,50.0,sequence_47698,56.0,258.8998
sequence_47665,50.0,sequence_47688,90.0,172.4359
sequence_47665,50.0,sequence_47704,98.0,667.539
sequence_47665,50.0,sequence_47708,111.0,555.5070000000001
sequence_47665,50.0,sequence_47709,119.0,424.1676
sequence_47665,50.0,sequence_47677,103.0,400.7864
sequence_47665,50.0,sequence_47692,87.5,283.1766
sequence_47665,50.0,sequence_47703,95.0,530.4502
sequence_47665,50.0,sequence_47707,79.0,418.4182
sequence_47665,50.0,sequence_47762,127.0,502.13169999999997
sequence_47665,50.0,sequence_47765,118.0,645.1616999999999
sequence_47665,50.0,sequence_47767,105.0,602.0145
sequence_47665,50.0,sequence_47812,121.0,501.9399
sequence_47665,50.0,sequence_47761,120.0,496.1905
sequence_47665,50.0,sequence_47764,118.0,511.7854
sequence_47665,50.0,sequence_47763,122.0,574.2084
sequence_47665,50.0,sequence_47699,62.0,306.55780000000004
sequence_47665,50.0,sequence_47687,92.0,210.9081
sequence_47665,50.0,sequence_47693,64.0,437.8972
sequence_47665,50.0,sequence_47690,63.0,166.6865
sequence_47665,50.0,sequence_47712,49.0,312.3117
sequence_47665,50.0,sequence_47714,51.0,249.8887
sequence_47665,50.0,sequence_47725,57.0,340.1178
sequence_47665,50.0,sequence_47669,32.0,158.5297
sequence_47665,50.0,sequence_47668,48.0,121.4189
sequence_47665,50.0,sequence_47670,97.0,21.344299999999997
sequence_47665,50.0,sequence_47661,52.0,9.653699999999997
sequence_47665,50.0,sequence_47667,86.0,165.43939999999998
sequence_47665,50.0,sequence_47726,120.0,180.8493
sequence_47665,50.0,sequence_47734,110.0,171.1956
sequence_47665,50.0,sequence_47811,24.0,239.9649
sequence_47665,50.0,sequence_47662,28.0,196.21120000000002
sequence_47665,50.0,sequence_47731,32.0,144.06130000000002
sequence_47665,50.0,sequence_47733,25.0,43.9867
sequence_47665,50.0,sequence_47732,30.0,160.47680000000003
sequence_47665,50.0,sequence_47755,100.0,143.5838
sequence_47665,50.0,sequence_47746,94.0,296.26750000000004
sequence_47665,50.0,sequence_47754,70.0,43.50920000000001
sequence_47665,50.0,sequence_47753,74.0,164.9281
sequence_47665,50.0,sequence_47740,158.0,203.26370000000003
sequence_47665,50.0,sequence_47742,108.0,185.30059999999997
sequence_47665,50.0,sequence_47715,101.0,211.61429999999996
sequence_47665,50.0,sequence_47718,81.0,205.86489999999998
sequence_47665,50.0,sequence_47717,66.0,360.5854999999999
sequence_47665,50.0,sequence_47720,80.0,232.40480000000002
sequence_47665,50.0,sequence_47716,84.0,133.5964
sequence_47665,50.0,sequence_47719,66.0,248.82030000000003
sequence_47665,50.0,sequence_47723,69.0,303.007
sequence_47665,50.0,sequence_47722,75.0,229.2461
sequence_47665,50.0,sequence_47674,38.0,216.0396
sequence_47665,50.0,sequence_47676,56.0,263.6976
sequence_47665,50.0,sequence_47711,57.0,269.4515
sequence_47665,50.0,sequence_47739,35.0,197.183
sequence_47665,50.0,sequence_47735,55.0,313.6731
sequence_47665,50.0,sequence_47793,16.0,328.1893
sequence_47665,50.0,sequence_47801,4.0,241.3413
sequence_47665,50.0,sequence_47805,22.0,327.29580000000004
sequence_47665,50.0,sequence_47802,4.0,235.5919
sequence_47665,50.0,sequence_47794,18.0,323.3334
sequence_47665,50.0,sequence_47728,12.0,204.2305
sequence_47665,50.0,sequence_47808,4.0,341.8319
sequence_47665,50.0,sequence_47792,12.0,294.2692
sequence_47665,50.0,sequence_47791,4.0,276.1549
sequence_47665,50.0,sequence_47788,5.0,236.4854
sequence_47665,50.0,sequence_47729,34.0,256.2649
sequence_47665,50.0,sequence_47809,10.0,393.8663
sequence_47665,50.0,sequence_47737,27.0,355.862
sequence_47665,50.0,sequence_47810,5.57,259.2619
sequence_47665,50.0,sequence_47766,4.19,254.04590000000002
sequence_47665,50.0,sequence_47736,19.0,303.8276
sequence_47661,52.0,sequence_47787,5.0,232.5811
sequence_47661,52.0,sequence_47684,23.0,244.19840000000002
sequence_47661,52.0,sequence_47789,10.0,274.48969999999997
sequence_47661,52.0,sequence_47790,9.0,278.5656
sequence_47661,52.0,sequence_47781,12.0,232.5811
sequence_47661,52.0,sequence_47777,11.0,238.52230000000003
sequence_47661,52.0,sequence_47779,11.0,226.6399
sequence_47661,52.0,sequence_47784,21.0,104.40039999999999
sequence_47661,52.0,sequence_47786,18.0,316.5402
sequence_47661,52.0,sequence_47782,17.0,148.622
sequence_47661,52.0,sequence_47772,12.0,194.5768
sequence_47661,52.0,sequence_47795,7.0,322.75750000000005
sequence_47661,52.0,sequence_47776,9.0,337.6068
sequence_47661,52.0,sequence_47685,24.0,238.449
sequence_47661,52.0,sequence_47679,44.0,250.13960000000003
sequence_47661,52.0,sequence_47695,52.0,243.30490000000003
sequence_47661,52.0,sequence_47710,43.0,280.4157
sequence_47661,52.0,sequence_47686,22.0,286.10699999999997
sequence_47661,52.0,sequence_47778,26.0,280.4309
sequence_47661,52.0,sequence_47780,23.0,268.5485
sequence_47661,52.0,sequence_47785,25.0,237.3789
sequence_47661,52.0,sequence_47803,12.0,273.59619999999995
sequence_47661,52.0,sequence_47663,36.0,43.7537
sequence_47661,52.0,sequence_47757,36.0,49.5031
sequence_47661,52.0,sequence_47783,24.5,247.20420000000001
sequence_47661,52.0,sequence_47796,20.0,78.0867
sequence_47661,52.0,sequence_47750,25.0,139.67950000000002
sequence_47661,52.0,sequence_47760,26.0,399.19960000000003
sequence_47661,52.0,sequence_47773,19.0,236.48539999999997
sequence_47661,52.0,sequence_47768,17.0,200.51800000000003
sequence_47661,52.0,sequence_47771,18.0,195.4703
sequence_47661,52.0,sequence_47681,44.0,244.39020000000002
sequence_47661,52.0,sequence_47696,47.0,237.5555
sequence_47661,52.0,sequence_47680,73.0,399.1108
sequence_47661,52.0,sequence_47673,65.5,212.13530000000003
sequence_47661,52.0,sequence_47700,65.0,498.19530000000003
sequence_47661,52.0,sequence_47689,52.0,115.1242
sequence_47661,52.0,sequence_47683,75.0,429.137
sequence_47661,52.0,sequence_47697,55.5,285.2135
sequence_47661,52.0,sequence_47678,37.0,248.1027
sequence_47661,52.0,sequence_47682,53.0,292.0482
sequence_47661,52.0,sequence_47724,48.0,325.6082
sequence_47661,52.0,sequence_47806,73.0,528.4866
sequence_47661,52.0,sequence_47807,42.0,397.1472
sequence_47661,52.0,sequence_47804,23.0,285.28679999999997
sequence_47661,52.0,sequence_47800,20.0,273.5962
sequence_47661,52.0,sequence_47799,24.0,267.655
sequence_47661,52.0,sequence_47664,32.0,38.0043
sequence_47661,52.0,sequence_47666,69.0,148.7794
sequence_47661,52.0,sequence_47671,36.0,42.8602
sequence_47661,52.0,sequence_47727,45.0,209.1999
sequence_47661,52.0,sequence_47756,37.0,192.3069
sequence_47661,52.0,sequence_47775,23.0,352.22990000000004
sequence_47661,52.0,sequence_47730,35.0,40.0824
sequence_47661,52.0,sequence_47758,22.0,23.1894
sequence_47661,52.0,sequence_47797,27.0,188.8274
sequence_47661,52.0,sequence_47798,23.0,104.40039999999999
sequence_47661,52.0,sequence_47751,34.0,133.9301
sequence_47661,52.0,sequence_47741,102.0,133.7383
sequence_47661,52.0,sequence_47743,63.0,282.70949999999993
sequence_47661,52.0,sequence_47752,67.0,73.1649
sequence_47661,52.0,sequence_47745,83.0,292.3632
sequence_47661,52.0,sequence_47747,72.0,170.94430000000003
sequence_47661,52.0,sequence_47748,79.0,154.52880000000002
sequence_47661,52.0,sequence_47749,81.0,245.5987
sequence_47661,52.0,sequence_47744,69.0,204.50430000000003
sequence_47661,52.0,sequence_47721,40.0,207.90179999999998
sequence_47661,52.0,sequence_47759,36.0,207.0083
sequence_47661,52.0,sequence_47774,21.0,248.176
sequence_47661,52.0,sequence_47770,25.0,301.3102
sequence_47661,52.0,sequence_47713,51.0,155.46620000000001
sequence_47661,52.0,sequence_47738,55.0,145.62070000000003
sequence_47661,52.0,sequence_47769,25.0,242.4266
sequence_47661,52.0,sequence_47702,69.0,492.44590000000005
sequence_47661,52.0,sequence_47672,76.0,250.33140000000003
sequence_47661,52.0,sequence_47705,71.0,387.4202
sequence_47661,52.0,sequence_47694,51.0,237.5555
sequence_47661,52.0,sequence_47691,40.0,225.86490000000003
sequence_47661,52.0,sequence_47701,63.0,647.1665
sequence_47661,52.0,sequence_47706,77.0,515.8271
sequence_47661,52.0,sequence_47675,57.0,434.8674
sequence_47661,52.0,sequence_47698,56.0,249.2461
sequence_47661,52.0,sequence_47688,90.0,162.78220000000002
sequence_47661,52.0,sequence_47704,98.0,677.1927000000001
sequence_47661,52.0,sequence_47708,111.0,545.8533
sequence_47661,52.0,sequence_47709,119.0,414.51390000000004
sequence_47661,52.0,sequence_47677,103.0,391.1327
sequence_47661,52.0,sequence_47692,87.5,273.5229
sequence_47661,52.0,sequence_47703,95.0,540.1039000000001
sequence_47661,52.0,sequence_47707,79.0,408.7645
sequence_47661,52.0,sequence_47762,127.0,511.78540000000004
sequence_47661,52.0,sequence_47765,118.0,654.8154
sequence_47661,52.0,sequence_47767,105.0,611.6682000000001
sequence_47661,52.0,sequence_47812,121.0,511.5936
sequence_47661,52.0,sequence_47761,120.0,505.8442
sequence_47661,52.0,sequence_47764,118.0,521.4391
sequence_47661,52.0,sequence_47763,122.0,583.8621
sequence_47661,52.0,sequence_47699,62.0,296.9041
sequence_47661,52.0,sequence_47687,92.0,201.2544
sequence_47661,52.0,sequence_47693,64.0,428.2435
sequence_47661,52.0,sequence_47690,63.0,157.0328
sequence_47661,52.0,sequence_47712,49.0,302.658
sequence_47661,52.0,sequence_47714,51.0,240.235
sequence_47661,52.0,sequence_47725,57.0,330.46410000000003
sequence_47661,52.0,sequence_47669,32.0,148.87599999999998
sequence_47661,52.0,sequence_47668,48.0,111.7652
sequence_47661,52.0,sequence_47670,97.0,11.690600000000002
sequence_47661,52.0,sequence_47665,50.0,9.653699999999997
sequence_47661,52.0,sequence_47667,86.0,175.0931
sequence_47661,52.0,sequence_47726,120.0,171.1956
sequence_47661,52.0,sequence_47734,110.0,180.8493
sequence_47661,52.0,sequence_47811,24.0,230.3112
sequence_47661,52.0,sequence_47662,28.0,186.5575
sequence_47661,52.0,sequence_47731,32.0,134.4076
sequence_47661,52.0,sequence_47733,25.0,34.333
sequence_47661,52.0,sequence_47732,30.0,150.8231
sequence_47661,52.0,sequence_47755,100.0,133.9301
sequence_47661,52.0,sequence_47746,94.0,286.6138
sequence_47661,52.0,sequence_47754,70.0,33.85550000000001
sequence_47661,52.0,sequence_47753,74.0,155.2744
sequence_47661,52.0,sequence_47740,158.0,193.61000000000004
sequence_47661,52.0,sequence_47742,108.0,175.6469
sequence_47661,52.0,sequence_47715,101.0,201.96059999999997
sequence_47661,52.0,sequence_47718,81.0,196.2112
sequence_47661,52.0,sequence_47717,66.0,350.93179999999995
sequence_47661,52.0,sequence_47720,80.0,222.7511
sequence_47661,52.0,sequence_47716,84.0,123.9427
sequence_47661,52.0,sequence_47719,66.0,239.16660000000002
sequence_47661,52.0,sequence_47723,69.0,293.3533
sequence_47661,52.0,sequence_47722,75.0,219.5924
sequence_47661,52.0,sequence_47674,38.0,206.38590000000002
sequence_47661,52.0,sequence_47676,56.0,254.0439
sequence_47661,52.0,sequence_47711,57.0,259.7978
sequence_47661,52.0,sequence_47739,35.0,187.5293
sequence_47661,52.0,sequence_47735,55.0,304.0194
sequence_47661,52.0,sequence_47793,16.0,318.53560000000004
sequence_47661,52.0,sequence_47801,4.0,231.6876
sequence_47661,52.0,sequence_47805,22.0,317.6421
sequence_47661,52.0,sequence_47802,4.0,225.9382
sequence_47661,52.0,sequence_47794,18.0,313.6797
sequence_47661,52.0,sequence_47728,12.0,194.5768
sequence_47661,52.0,sequence_47808,4.0,332.17820000000006
sequence_47661,52.0,sequence_47792,12.0,284.6155
sequence_47661,52.0,sequence_47791,4.0,266.5012
sequence_47661,52.0,sequence_47788,5.0,226.8317
sequence_47661,52.0,sequence_47729,34.0,246.6112
sequence_47661,52.0,sequence_47809,10.0,384.21260000000007
sequence_47661,52.0,sequence_47737,27.0,346.2083
sequence_47661,52.0,sequence_47810,5.57,249.6082
sequence_47661,52.0,sequence_47766,4.19,244.3922
sequence_47661,52.0,sequence_47736,19.0,294.1739
sequence_47667,86.0,sequence_47787,5.0,396.17539999999997
sequence_47667,86.0,sequence_47684,23.0,407.79269999999997
sequence_47667,86.0,sequence_47789,10.0,385.4566
sequence_47667,86.0,sequence_47790,9.0,401.0313
sequence_47667,86.0,sequence_47781,12.0,396.17539999999997
sequence_47667,86.0,sequence_47777,11.0,402.1166
sequence_47667,86.0,sequence_47779,11.0,390.2342
sequence_47667,86.0,sequence_47784,21.0,267.9947
sequence_47667,86.0,sequence_47786,18.0,480.1345
sequence_47667,86.0,sequence_47782,17.0,312.21630000000005
sequence_47667,86.0,sequence_47772,12.0,358.1711
sequence_47667,86.0,sequence_47795,7.0,486.3518
sequence_47667,86.0,sequence_47776,9.0,501.2011
sequence_47667,86.0,sequence_47685,24.0,413.5421
sequence_47667,86.0,sequence_47679,44.0,413.7339
sequence_47667,86.0,sequence_47695,52.0,406.8992
sequence_47667,86.0,sequence_47710,43.0,444.01
sequence_47667,86.0,sequence_47686,22.0,397.0739
sequence_47667,86.0,sequence_47778,26.0,391.3978
sequence_47667,86.0,sequence_47780,23.0,379.5154
sequence_47667,86.0,sequence_47785,25.0,348.3458
sequence_47667,86.0,sequence_47803,12.0,384.5631
sequence_47667,86.0,sequence_47663,36.0,207.348
sequence_47667,86.0,sequence_47757,36.0,213.0974
sequence_47667,86.0,sequence_47783,24.5,369.6699
sequence_47667,86.0,sequence_47796,20.0,241.68099999999998
sequence_47667,86.0,sequence_47750,25.0,303.2738
sequence_47667,86.0,sequence_47760,26.0,562.7938999999999
sequence_47667,86.0,sequence_47773,19.0,347.45230000000004
sequence_47667,86.0,sequence_47768,17.0,364.1123
sequence_47667,86.0,sequence_47771,18.0,359.06460000000004
sequence_47667,86.0,sequence_47681,44.0,419.4833
sequence_47667,86.0,sequence_47696,47.0,412.6486
sequence_47667,86.0,sequence_47680,73.0,562.7051
sequence_47667,86.0,sequence_47673,65.5,375.7296
sequence_47667,86.0,sequence_47700,65.0,375.7296
sequence_47667,86.0,sequence_47689,52.0,278.7185
sequence_47667,86.0,sequence_47683,75.0,540.1039000000001
sequence_47667,86.0,sequence_47697,55.5,396.1804
sequence_47667,86.0,sequence_47678,37.0,359.06960000000004
sequence_47667,86.0,sequence_47682,53.0,403.0151
sequence_47667,86.0,sequence_47724,48.0,436.5751
sequence_47667,86.0,sequence_47806,73.0,353.3935
sequence_47667,86.0,sequence_47807,42.0,222.0541
sequence_47667,86.0,sequence_47804,23.0,396.2537
sequence_47667,86.0,sequence_47800,20.0,384.5631
sequence_47667,86.0,sequence_47799,24.0,378.62190000000004
sequence_47667,86.0,sequence_47664,32.0,213.0974
sequence_47667,86.0,sequence_47666,69.0,26.313699999999997
sequence_47667,86.0,sequence_47671,36.0,206.4545
sequence_47667,86.0,sequence_47727,45.0,331.66560000000004
sequence_47667,86.0,sequence_47756,37.0,314.7726
sequence_47667,86.0,sequence_47775,23.0,474.6956
sequence_47667,86.0,sequence_47730,35.0,203.67669999999998
sequence_47667,86.0,sequence_47758,22.0,186.7837
sequence_47667,86.0,sequence_47797,27.0,363.9205
sequence_47667,86.0,sequence_47798,23.0,215.3673
sequence_47667,86.0,sequence_47751,34.0,309.0232
sequence_47667,86.0,sequence_47741,102.0,297.3326
sequence_47667,86.0,sequence_47743,63.0,446.30379999999997
sequence_47667,86.0,sequence_47752,67.0,236.75920000000002
sequence_47667,86.0,sequence_47745,83.0,455.95750000000004
sequence_47667,86.0,sequence_47747,72.0,334.53860000000003
sequence_47667,86.0,sequence_47748,79.0,318.1231
sequence_47667,86.0,sequence_47749,81.0,409.19300000000004
sequence_47667,86.0,sequence_47744,69.0,368.09860000000003
sequence_47667,86.0,sequence_47721,40.0,318.8687
sequence_47667,86.0,sequence_47759,36.0,317.9752
sequence_47667,86.0,sequence_47774,21.0,359.1429
sequence_47667,86.0,sequence_47770,25.0,412.2771
sequence_47667,86.0,sequence_47713,51.0,319.0605
sequence_47667,86.0,sequence_47738,55.0,309.21500000000003
sequence_47667,86.0,sequence_47769,25.0,353.3935
sequence_47667,86.0,sequence_47702,69.0,381.47900000000004
sequence_47667,86.0,sequence_47672,76.0,425.4245
sequence_47667,86.0,sequence_47705,71.0,276.4533
sequence_47667,86.0,sequence_47694,51.0,412.6486
sequence_47667,86.0,sequence_47691,40.0,400.958
sequence_47667,86.0,sequence_47701,63.0,524.7008000000001
sequence_47667,86.0,sequence_47706,77.0,679.4214
sequence_47667,86.0,sequence_47675,57.0,598.4617000000001
sequence_47667,86.0,sequence_47698,56.0,424.3392
sequence_47667,86.0,sequence_47688,90.0,273.7491
sequence_47667,86.0,sequence_47704,98.0,502.0996
sequence_47667,86.0,sequence_47708,111.0,656.8202
sequence_47667,86.0,sequence_47709,119.0,525.4808
sequence_47667,86.0,sequence_47677,103.0,502.0996
sequence_47667,86.0,sequence_47692,87.5,384.48980000000006
sequence_47667,86.0,sequence_47703,95.0,365.0108
sequence_47667,86.0,sequence_47707,79.0,519.7314
sequence_47667,86.0,sequence_47762,127.0,336.69230000000005
sequence_47667,86.0,sequence_47765,118.0,479.7223
sequence_47667,86.0,sequence_47767,105.0,436.5751
sequence_47667,86.0,sequence_47812,121.0,336.5005
sequence_47667,86.0,sequence_47761,120.0,330.7511
sequence_47667,86.0,sequence_47764,118.0,346.346
sequence_47667,86.0,sequence_47763,122.0,408.769
sequence_47667,86.0,sequence_47699,62.0,407.871
sequence_47667,86.0,sequence_47687,92.0,312.22130000000004
sequence_47667,86.0,sequence_47693,64.0,539.2104
sequence_47667,86.0,sequence_47690,63.0,267.9997
sequence_47667,86.0,sequence_47712,49.0,413.6249
sequence_47667,86.0,sequence_47714,51.0,351.2019
sequence_47667,86.0,sequence_47725,57.0,441.4309999999999
sequence_47667,86.0,sequence_47669,32.0,323.9691
sequence_47667,86.0,sequence_47668,48.0,286.8583
sequence_47667,86.0,sequence_47670,97.0,186.78369999999998
sequence_47667,86.0,sequence_47665,50.0,165.43939999999998
sequence_47667,86.0,sequence_47661,52.0,175.0931
sequence_47667,86.0,sequence_47726,120.0,293.6613
sequence_47667,86.0,sequence_47734,110.0,284.0076
sequence_47667,86.0,sequence_47811,24.0,352.7769
sequence_47667,86.0,sequence_47662,28.0,309.0232
sequence_47667,86.0,sequence_47731,32.0,309.5007
sequence_47667,86.0,sequence_47733,25.0,209.4261
sequence_47667,86.0,sequence_47732,30.0,325.9162
sequence_47667,86.0,sequence_47755,100.0,309.02320000000003
sequence_47667,86.0,sequence_47746,94.0,461.7069
sequence_47667,86.0,sequence_47754,70.0,208.94860000000003
sequence_47667,86.0,sequence_47753,74.0,330.36750000000006
sequence_47667,86.0,sequence_47740,158.0,368.7031
sequence_47667,86.0,sequence_47742,108.0,286.6138
sequence_47667,86.0,sequence_47715,101.0,312.9275
sequence_47667,86.0,sequence_47718,81.0,307.1781
sequence_47667,86.0,sequence_47717,66.0,461.89869999999996
sequence_47667,86.0,sequence_47720,80.0,333.71799999999996
sequence_47667,86.0,sequence_47716,84.0,234.9096
sequence_47667,86.0,sequence_47719,66.0,350.1335
sequence_47667,86.0,sequence_47723,69.0,404.3202
sequence_47667,86.0,sequence_47722,75.0,330.5593
sequence_47667,86.0,sequence_47674,38.0,381.47900000000004
sequence_47667,86.0,sequence_47676,56.0,365.0108
sequence_47667,86.0,sequence_47711,57.0,370.7647
sequence_47667,86.0,sequence_47739,35.0,298.49620000000004
sequence_47667,86.0,sequence_47735,55.0,414.9863
sequence_47667,86.0,sequence_47793,16.0,482.1299
sequence_47667,86.0,sequence_47801,4.0,395.2819
sequence_47667,86.0,sequence_47805,22.0,481.23640000000006
sequence_47667,86.0,sequence_47802,4.0,401.0313
sequence_47667,86.0,sequence_47794,18.0,486.98580000000004
sequence_47667,86.0,sequence_47728,12.0,358.1711
sequence_47667,86.0,sequence_47808,4.0,495.7725
sequence_47667,86.0,sequence_47792,12.0,448.20980000000003
sequence_47667,86.0,sequence_47791,4.0,430.0955
sequence_47667,86.0,sequence_47788,5.0,401.9248
sequence_47667,86.0,sequence_47729,34.0,410.20550000000003
sequence_47667,86.0,sequence_47809,10.0,547.8069
sequence_47667,86.0,sequence_47737,27.0,509.8026
sequence_47667,86.0,sequence_47810,5.57,413.2025
sequence_47667,86.0,sequence_47766,4.19,407.9865
sequence_47667,86.0,sequence_47736,19.0,457.7682
sequence_47726,120.0,sequence_47787,5.0,358.4919
sequence_47726,120.0,sequence_47684,23.0,370.1092
sequence_47726,120.0,sequence_47789,10.0,347.7731
sequence_47726,120.0,sequence_47790,9.0,301.0086
sequence_47726,120.0,sequence_47781,12.0,358.49190000000004
sequence_47726,120.0,sequence_47777,11.0,364.4331
sequence_47726,120.0,sequence_47779,11.0,352.5507
sequence_47726,120.0,sequence_47784,21.0,230.3112
sequence_47726,120.0,sequence_47786,18.0,442.451
sequence_47726,120.0,sequence_47782,17.0,274.5328
sequence_47726,120.0,sequence_47772,12.0,320.4876
sequence_47726,120.0,sequence_47795,7.0,448.6683
sequence_47726,120.0,sequence_47776,9.0,463.5176
sequence_47726,120.0,sequence_47685,24.0,364.35980000000006
sequence_47726,120.0,sequence_47679,44.0,376.0504
sequence_47726,120.0,sequence_47695,52.0,369.21569999999997
sequence_47726,120.0,sequence_47710,43.0,406.3265
sequence_47726,120.0,sequence_47686,22.0,359.3904
sequence_47726,120.0,sequence_47778,26.0,353.71430000000004
sequence_47726,120.0,sequence_47780,23.0,341.8319
sequence_47726,120.0,sequence_47785,25.0,310.6623000000001
sequence_47726,120.0,sequence_47803,12.0,346.8796
sequence_47726,120.0,sequence_47663,36.0,214.9493
sequence_47726,120.0,sequence_47757,36.0,209.1999
sequence_47726,120.0,sequence_47783,24.5,76.0086
sequence_47726,120.0,sequence_47796,20.0,203.9975
sequence_47726,120.0,sequence_47750,25.0,299.3763
sequence_47726,120.0,sequence_47760,26.0,525.1104
sequence_47726,120.0,sequence_47773,19.0,309.7688
sequence_47726,120.0,sequence_47768,17.0,326.4288
sequence_47726,120.0,sequence_47771,18.0,321.3811
sequence_47726,120.0,sequence_47681,44.0,370.30100000000004
sequence_47726,120.0,sequence_47696,47.0,363.46630000000005
sequence_47726,120.0,sequence_47680,73.0,525.0216
sequence_47726,120.0,sequence_47673,65.5,338.0461
sequence_47726,120.0,sequence_47700,65.0,624.1061
sequence_47726,120.0,sequence_47689,52.0,241.03500000000003
sequence_47726,120.0,sequence_47683,75.0,502.42040000000003
sequence_47726,120.0,sequence_47697,55.5,358.4969
sequence_47726,120.0,sequence_47678,37.0,321.3861
sequence_47726,120.0,sequence_47682,53.0,365.33160000000004
sequence_47726,120.0,sequence_47724,48.0,398.89160000000004
sequence_47726,120.0,sequence_47806,73.0,601.77
sequence_47726,120.0,sequence_47807,42.0,470.4306
sequence_47726,120.0,sequence_47804,23.0,358.5702
sequence_47726,120.0,sequence_47800,20.0,346.8796
sequence_47726,120.0,sequence_47799,24.0,340.9384
sequence_47726,120.0,sequence_47664,32.0,209.1999
sequence_47726,120.0,sequence_47666,69.0,319.975
sequence_47726,120.0,sequence_47671,36.0,214.0558
sequence_47726,120.0,sequence_47727,45.0,38.0043
sequence_47726,120.0,sequence_47756,37.0,54.8973
sequence_47726,120.0,sequence_47775,23.0,181.0343
sequence_47726,120.0,sequence_47730,35.0,165.9932
sequence_47726,120.0,sequence_47758,22.0,182.88620000000003
sequence_47726,120.0,sequence_47797,27.0,81.75800000000001
sequence_47726,120.0,sequence_47798,23.0,177.68380000000002
sequence_47726,120.0,sequence_47751,34.0,293.6269000000001
sequence_47726,120.0,sequence_47741,102.0,293.43510000000003
sequence_47726,120.0,sequence_47743,63.0,442.4063
sequence_47726,120.0,sequence_47752,67.0,232.8617
sequence_47726,120.0,sequence_47745,83.0,452.06000000000006
sequence_47726,120.0,sequence_47747,72.0,330.64110000000005
sequence_47726,120.0,sequence_47748,79.0,314.2256
sequence_47726,120.0,sequence_47749,81.0,405.29550000000006
sequence_47726,120.0,sequence_47744,69.0,364.2011
sequence_47726,120.0,sequence_47721,40.0,281.1852
sequence_47726,120.0,sequence_47759,36.0,280.2917
sequence_47726,120.0,sequence_47774,21.0,321.4594
sequence_47726,120.0,sequence_47770,25.0,374.59360000000004
sequence_47726,120.0,sequence_47713,51.0,326.6618
sequence_47726,120.0,sequence_47738,55.0,305.3175
sequence_47726,120.0,sequence_47769,25.0,315.71000000000004
sequence_47726,120.0,sequence_47702,69.0,618.3567
sequence_47726,120.0,sequence_47672,76.0,376.2422
sequence_47726,120.0,sequence_47705,71.0,513.331
sequence_47726,120.0,sequence_47694,51.0,363.4663
sequence_47726,120.0,sequence_47691,40.0,351.77570000000003
sequence_47726,120.0,sequence_47701,63.0,773.0772999999999
sequence_47726,120.0,sequence_47706,77.0,641.7379
sequence_47726,120.0,sequence_47675,57.0,560.7782
sequence_47726,120.0,sequence_47698,56.0,375.1569
sequence_47726,120.0,sequence_47688,90.0,224.5668
sequence_47726,120.0,sequence_47704,98.0,750.4761000000001
sequence_47726,120.0,sequence_47708,111.0,619.1367
sequence_47726,120.0,sequence_47709,119.0,487.79730000000006
sequence_47726,120.0,sequence_47677,103.0,464.41610000000003
sequence_47726,120.0,sequence_47692,87.5,346.8063
sequence_47726,120.0,sequence_47703,95.0,613.3873000000001
sequence_47726,120.0,sequence_47707,79.0,482.0479
sequence_47726,120.0,sequence_47762,127.0,630.3536
sequence_47726,120.0,sequence_47765,118.0,773.3836
sequence_47726,120.0,sequence_47767,105.0,684.9516000000001
sequence_47726,120.0,sequence_47812,121.0,618.663
sequence_47726,120.0,sequence_47761,120.0,624.4124
sequence_47726,120.0,sequence_47764,118.0,640.0073
sequence_47726,120.0,sequence_47763,122.0,657.1455000000001
sequence_47726,120.0,sequence_47699,62.0,370.1875
sequence_47726,120.0,sequence_47687,92.0,274.53780000000006
sequence_47726,120.0,sequence_47693,64.0,501.5269
sequence_47726,120.0,sequence_47690,63.0,230.31620000000004
sequence_47726,120.0,sequence_47712,49.0,375.94140000000004
sequence_47726,120.0,sequence_47714,51.0,358.8032
sequence_47726,120.0,sequence_47725,57.0,403.7475
sequence_47726,120.0,sequence_47669,32.0,320.0716
sequence_47726,120.0,sequence_47668,48.0,282.9608
sequence_47726,120.0,sequence_47670,97.0,182.8862
sequence_47726,120.0,sequence_47665,50.0,180.8493
sequence_47726,120.0,sequence_47661,52.0,171.1956
sequence_47726,120.0,sequence_47667,86.0,293.6613
sequence_47726,120.0,sequence_47734,110.0,9.653699999999997
sequence_47726,120.0,sequence_47811,24.0,92.9016
sequence_47726,120.0,sequence_47662,28.0,60.646699999999996
sequence_47726,120.0,sequence_47731,32.0,60.16920000000001
sequence_47726,120.0,sequence_47733,25.0,160.2438
sequence_47726,120.0,sequence_47732,30.0,43.7537
sequence_47726,120.0,sequence_47755,100.0,293.6269
sequence_47726,120.0,sequence_47746,94.0,446.3106
sequence_47726,120.0,sequence_47754,70.0,193.55230000000003
sequence_47726,120.0,sequence_47753,74.0,314.97120000000007
sequence_47726,120.0,sequence_47740,158.0,302.4664
sequence_47726,120.0,sequence_47742,108.0,282.71630000000005
sequence_47726,120.0,sequence_47715,101.0,275.244
sequence_47726,120.0,sequence_47718,81.0,269.49460000000005
sequence_47726,120.0,sequence_47717,66.0,424.2152
sequence_47726,120.0,sequence_47720,80.0,296.03450000000004
sequence_47726,120.0,sequence_47716,84.0,197.22610000000006
sequence_47726,120.0,sequence_47719,66.0,312.45000000000005
sequence_47726,120.0,sequence_47723,69.0,366.6367
sequence_47726,120.0,sequence_47722,75.0,292.8758
sequence_47726,120.0,sequence_47674,38.0,332.29670000000004
sequence_47726,120.0,sequence_47676,56.0,327.32730000000004
sequence_47726,120.0,sequence_47711,57.0,333.0812
sequence_47726,120.0,sequence_47739,35.0,294.5987
sequence_47726,120.0,sequence_47735,55.0,377.30280000000005
sequence_47726,120.0,sequence_47793,16.0,444.44640000000004
sequence_47726,120.0,sequence_47801,4.0,357.59839999999997
sequence_47726,120.0,sequence_47805,22.0,443.5529
sequence_47726,120.0,sequence_47802,4.0,351.84900000000005
sequence_47726,120.0,sequence_47794,18.0,437.80350000000004
sequence_47726,120.0,sequence_47728,12.0,320.4876
sequence_47726,120.0,sequence_47808,4.0,458.089
sequence_47726,120.0,sequence_47792,12.0,410.5263
sequence_47726,120.0,sequence_47791,4.0,392.41200000000003
sequence_47726,120.0,sequence_47788,5.0,352.74250000000006
sequence_47726,120.0,sequence_47729,34.0,372.522
sequence_47726,120.0,sequence_47809,10.0,510.1234
sequence_47726,120.0,sequence_47737,27.0,472.1191
sequence_47726,120.0,sequence_47810,5.57,375.519
sequence_47726,120.0,sequence_47766,4.19,370.303
sequence_47726,120.0,sequence_47736,19.0,420.0847
sequence_47734,110.0,sequence_47787,5.0,368.1456
sequence_47734,110.0,sequence_47684,23.0,379.7629
sequence_47734,110.0,sequence_47789,10.0,357.4268
sequence_47734,110.0,sequence_47790,9.0,310.6623
sequence_47734,110.0,sequence_47781,12.0,368.14560000000006
sequence_47734,110.0,sequence_47777,11.0,374.08680000000004
sequence_47734,110.0,sequence_47779,11.0,362.2044
sequence_47734,110.0,sequence_47784,21.0,239.9649
sequence_47734,110.0,sequence_47786,18.0,452.10470000000004
sequence_47734,110.0,sequence_47782,17.0,284.1865
sequence_47734,110.0,sequence_47772,12.0,330.1413
sequence_47734,110.0,sequence_47795,7.0,458.322
sequence_47734,110.0,sequence_47776,9.0,473.1713
sequence_47734,110.0,sequence_47685,24.0,374.0135000000001
sequence_47734,110.0,sequence_47679,44.0,385.70410000000004
sequence_47734,110.0,sequence_47695,52.0,378.8694
sequence_47734,110.0,sequence_47710,43.0,415.98019999999997
sequence_47734,110.0,sequence_47686,22.0,369.0441
sequence_47734,110.0,sequence_47778,26.0,363.36800000000005
sequence_47734,110.0,sequence_47780,23.0,351.48560000000003
sequence_47734,110.0,sequence_47785,25.0,320.31600000000003
sequence_47734,110.0,sequence_47803,12.0,356.5333
sequence_47734,110.0,sequence_47663,36.0,224.603
sequence_47734,110.0,sequence_47757,36.0,218.85360000000003
sequence_47734,110.0,sequence_47783,24.5,85.6623
sequence_47734,110.0,sequence_47796,20.0,213.65120000000002
sequence_47734,110.0,sequence_47750,25.0,309.03
sequence_47734,110.0,sequence_47760,26.0,534.7641
sequence_47734,110.0,sequence_47773,19.0,319.4225
sequence_47734,110.0,sequence_47768,17.0,336.08250000000004
sequence_47734,110.0,sequence_47771,18.0,331.0348
sequence_47734,110.0,sequence_47681,44.0,379.95470000000006
sequence_47734,110.0,sequence_47696,47.0,373.12000000000006
sequence_47734,110.0,sequence_47680,73.0,534.6753
sequence_47734,110.0,sequence_47673,65.5,347.69980000000004
sequence_47734,110.0,sequence_47700,65.0,614.4524
sequence_47734,110.0,sequence_47689,52.0,250.6887
sequence_47734,110.0,sequence_47683,75.0,512.0741
sequence_47734,110.0,sequence_47697,55.5,368.1506
sequence_47734,110.0,sequence_47678,37.0,331.0398
sequence_47734,110.0,sequence_47682,53.0,374.98530000000005
sequence_47734,110.0,sequence_47724,48.0,408.54530000000005
sequence_47734,110.0,sequence_47806,73.0,592.1163
sequence_47734,110.0,sequence_47807,42.0,460.7769
sequence_47734,110.0,sequence_47804,23.0,368.2239
sequence_47734,110.0,sequence_47800,20.0,356.5333
sequence_47734,110.0,sequence_47799,24.0,350.5921
sequence_47734,110.0,sequence_47664,32.0,218.8536
sequence_47734,110.0,sequence_47666,69.0,310.3213
sequence_47734,110.0,sequence_47671,36.0,223.7095
sequence_47734,110.0,sequence_47727,45.0,47.658
sequence_47734,110.0,sequence_47756,37.0,64.551
sequence_47734,110.0,sequence_47775,23.0,190.688
sequence_47734,110.0,sequence_47730,35.0,175.64690000000002
sequence_47734,110.0,sequence_47758,22.0,192.53990000000002
sequence_47734,110.0,sequence_47797,27.0,91.4117
sequence_47734,110.0,sequence_47798,23.0,187.3375
sequence_47734,110.0,sequence_47751,34.0,303.28060000000005
sequence_47734,110.0,sequence_47741,102.0,303.0888
sequence_47734,110.0,sequence_47743,63.0,452.06
sequence_47734,110.0,sequence_47752,67.0,242.5154
sequence_47734,110.0,sequence_47745,83.0,461.7137
sequence_47734,110.0,sequence_47747,72.0,340.2948
sequence_47734,110.0,sequence_47748,79.0,323.8793
sequence_47734,110.0,sequence_47749,81.0,414.9492
sequence_47734,110.0,sequence_47744,69.0,373.85479999999995
sequence_47734,110.0,sequence_47721,40.0,290.83889999999997
sequence_47734,110.0,sequence_47759,36.0,289.9454
sequence_47734,110.0,sequence_47774,21.0,331.11310000000003
sequence_47734,110.0,sequence_47770,25.0,384.24730000000005
sequence_47734,110.0,sequence_47713,51.0,336.31550000000004
sequence_47734,110.0,sequence_47738,55.0,314.9712
sequence_47734,110.0,sequence_47769,25.0,325.36370000000005
sequence_47734,110.0,sequence_47702,69.0,608.703
sequence_47734,110.0,sequence_47672,76.0,385.89590000000004
sequence_47734,110.0,sequence_47705,71.0,503.67730000000006
sequence_47734,110.0,sequence_47694,51.0,373.12
sequence_47734,110.0,sequence_47691,40.0,361.42940000000004
sequence_47734,110.0,sequence_47701,63.0,763.4236
sequence_47734,110.0,sequence_47706,77.0,651.3915999999999
sequence_47734,110.0,sequence_47675,57.0,570.4318999999999
sequence_47734,110.0,sequence_47698,56.0,384.8106
sequence_47734,110.0,sequence_47688,90.0,234.22050000000002
sequence_47734,110.0,sequence_47704,98.0,740.8224
sequence_47734,110.0,sequence_47708,111.0,628.7904000000001
sequence_47734,110.0,sequence_47709,119.0,497.451
sequence_47734,110.0,sequence_47677,103.0,474.06980000000004
sequence_47734,110.0,sequence_47692,87.5,356.46000000000004
sequence_47734,110.0,sequence_47703,95.0,603.7336
sequence_47734,110.0,sequence_47707,79.0,491.70160000000004
sequence_47734,110.0,sequence_47762,127.0,620.6999000000001
sequence_47734,110.0,sequence_47765,118.0,763.7299
sequence_47734,110.0,sequence_47767,105.0,675.2979
sequence_47734,110.0,sequence_47812,121.0,609.0093
sequence_47734,110.0,sequence_47761,120.0,614.7587000000001
sequence_47734,110.0,sequence_47764,118.0,630.3536
sequence_47734,110.0,sequence_47763,122.0,647.4918
sequence_47734,110.0,sequence_47699,62.0,379.8412
sequence_47734,110.0,sequence_47687,92.0,284.1915
sequence_47734,110.0,sequence_47693,64.0,511.1806
sequence_47734,110.0,sequence_47690,63.0,239.96990000000002
sequence_47734,110.0,sequence_47712,49.0,385.5951
sequence_47734,110.0,sequence_47714,51.0,368.4569
sequence_47734,110.0,sequence_47725,57.0,413.4012
sequence_47734,110.0,sequence_47669,32.0,329.7253
sequence_47734,110.0,sequence_47668,48.0,292.6145
sequence_47734,110.0,sequence_47670,97.0,192.5399
sequence_47734,110.0,sequence_47665,50.0,171.1956
sequence_47734,110.0,sequence_47661,52.0,180.8493
sequence_47734,110.0,sequence_47667,86.0,284.0076
sequence_47734,110.0,sequence_47726,120.0,9.653699999999997
sequence_47734,110.0,sequence_47811,24.0,102.5553
sequence_47734,110.0,sequence_47662,28.0,70.3004
sequence_47734,110.0,sequence_47731,32.0,69.8229
sequence_47734,110.0,sequence_47733,25.0,169.8975
sequence_47734,110.0,sequence_47732,30.0,53.407399999999996
sequence_47734,110.0,sequence_47755,100.0,303.2806
sequence_47734,110.0,sequence_47746,94.0,455.9643
sequence_47734,110.0,sequence_47754,70.0,203.20600000000002
sequence_47734,110.0,sequence_47753,74.0,324.6249
sequence_47734,110.0,sequence_47740,158.0,312.1201
sequence_47734,110.0,sequence_47742,108.0,292.37
sequence_47734,110.0,sequence_47715,101.0,284.8977
sequence_47734,110.0,sequence_47718,81.0,279.14830000000006
sequence_47734,110.0,sequence_47717,66.0,433.86889999999994
sequence_47734,110.0,sequence_47720,80.0,305.68820000000005
sequence_47734,110.0,sequence_47716,84.0,206.87980000000005
sequence_47734,110.0,sequence_47719,66.0,322.1037
sequence_47734,110.0,sequence_47723,69.0,376.29040000000003
sequence_47734,110.0,sequence_47722,75.0,302.5295
sequence_47734,110.0,sequence_47674,38.0,341.95040000000006
sequence_47734,110.0,sequence_47676,56.0,336.98100000000005
sequence_47734,110.0,sequence_47711,57.0,342.73490000000004
sequence_47734,110.0,sequence_47739,35.0,304.2524
sequence_47734,110.0,sequence_47735,55.0,386.95650000000006
sequence_47734,110.0,sequence_47793,16.0,454.10010000000005
sequence_47734,110.0,sequence_47801,4.0,367.2521
sequence_47734,110.0,sequence_47805,22.0,453.20660000000004
sequence_47734,110.0,sequence_47802,4.0,361.50270000000006
sequence_47734,110.0,sequence_47794,18.0,447.45720000000006
sequence_47734,110.0,sequence_47728,12.0,330.1413
sequence_47734,110.0,sequence_47808,4.0,467.7427
sequence_47734,110.0,sequence_47792,12.0,420.18
sequence_47734,110.0,sequence_47791,4.0,402.06570000000005
sequence_47734,110.0,sequence_47788,5.0,362.3962000000001
sequence_47734,110.0,sequence_47729,34.0,382.1757
sequence_47734,110.0,sequence_47809,10.0,519.7771
sequence_47734,110.0,sequence_47737,27.0,481.7728
sequence_47734,110.0,sequence_47810,5.57,385.17269999999996
sequence_47734,110.0,sequence_47766,4.19,379.95669999999996
sequence_47734,110.0,sequence_47736,19.0,429.7384
sequence_47811,24.0,sequence_47787,5.0,299.3763
sequence_47811,24.0,sequence_47684,23.0,387.0022
sequence_47811,24.0,sequence_47789,10.0,288.6575
sequence_47811,24.0,sequence_47790,9.0,241.893
sequence_47811,24.0,sequence_47781,12.0,299.3763
sequence_47811,24.0,sequence_47777,11.0,305.3175
sequence_47811,24.0,sequence_47779,11.0,293.43510000000003
sequence_47811,24.0,sequence_47784,21.0,171.1956
sequence_47811,24.0,sequence_47786,18.0,383.33540000000005
sequence_47811,24.0,sequence_47782,17.0,215.4172
sequence_47811,24.0,sequence_47772,12.0,337.38059999999996
sequence_47811,24.0,sequence_47795,7.0,389.55269999999996
sequence_47811,24.0,sequence_47776,9.0,480.4106
sequence_47811,24.0,sequence_47685,24.0,381.2528000000001
sequence_47811,24.0,sequence_47679,44.0,392.9434
sequence_47811,24.0,sequence_47695,52.0,387.8957
sequence_47811,24.0,sequence_47710,43.0,425.00649999999996
sequence_47811,24.0,sequence_47686,22.0,376.28340000000003
sequence_47811,24.0,sequence_47778,26.0,294.5987
sequence_47811,24.0,sequence_47780,23.0,282.71630000000005
sequence_47811,24.0,sequence_47785,25.0,251.54670000000004
sequence_47811,24.0,sequence_47803,12.0,289.551
sequence_47811,24.0,sequence_47663,36.0,198.05630000000002
sequence_47811,24.0,sequence_47757,36.0,192.3069
sequence_47811,24.0,sequence_47783,24.5,16.893
sequence_47811,24.0,sequence_47796,20.0,197.5093
sequence_47811,24.0,sequence_47750,25.0,358.4919
sequence_47811,24.0,sequence_47760,26.0,618.012
sequence_47811,24.0,sequence_47773,19.0,326.66179999999997
sequence_47811,24.0,sequence_47768,17.0,343.32180000000005
sequence_47811,24.0,sequence_47771,18.0,338.2741
sequence_47811,24.0,sequence_47681,44.0,387.1940000000001
sequence_47811,24.0,sequence_47696,47.0,382.14630000000005
sequence_47811,24.0,sequence_47680,73.0,541.9146
sequence_47811,24.0,sequence_47673,65.5,430.94770000000005
sequence_47811,24.0,sequence_47700,65.0,717.0077
sequence_47811,24.0,sequence_47689,52.0,259.71500000000003
sequence_47811,24.0,sequence_47683,75.0,519.3134
sequence_47811,24.0,sequence_47697,55.5,377.1769
sequence_47811,24.0,sequence_47678,37.0,414.2877
sequence_47811,24.0,sequence_47682,53.0,382.2246
sequence_47811,24.0,sequence_47724,48.0,415.78460000000007
sequence_47811,24.0,sequence_47806,73.0,618.663
sequence_47811,24.0,sequence_47807,42.0,463.9424
sequence_47811,24.0,sequence_47804,23.0,301.2416
sequence_47811,24.0,sequence_47800,20.0,289.551
sequence_47811,24.0,sequence_47799,24.0,283.6098
sequence_47811,24.0,sequence_47664,32.0,192.3069
sequence_47811,24.0,sequence_47666,69.0,379.0906
sequence_47811,24.0,sequence_47671,36.0,273.1714
sequence_47811,24.0,sequence_47727,45.0,54.8973
sequence_47811,24.0,sequence_47756,37.0,38.0043
sequence_47811,24.0,sequence_47775,23.0,197.9273
sequence_47811,24.0,sequence_47730,35.0,235.5136
sequence_47811,24.0,sequence_47758,22.0,218.62060000000002
sequence_47811,24.0,sequence_47797,27.0,75.2698
sequence_47811,24.0,sequence_47798,23.0,171.1956
sequence_47811,24.0,sequence_47751,34.0,352.74250000000006
sequence_47811,24.0,sequence_47741,102.0,352.5507
sequence_47811,24.0,sequence_47743,63.0,501.5219
sequence_47811,24.0,sequence_47752,67.0,291.9773
sequence_47811,24.0,sequence_47745,83.0,511.17560000000003
sequence_47811,24.0,sequence_47747,72.0,389.7567
sequence_47811,24.0,sequence_47748,79.0,373.3412
sequence_47811,24.0,sequence_47749,81.0,464.41110000000003
sequence_47811,24.0,sequence_47744,69.0,423.31669999999997
sequence_47811,24.0,sequence_47721,40.0,374.0868
sequence_47811,24.0,sequence_47759,36.0,373.1933
sequence_47811,24.0,sequence_47774,21.0,338.3524
sequence_47811,24.0,sequence_47770,25.0,391.48660000000007
sequence_47811,24.0,sequence_47713,51.0,385.77740000000006
sequence_47811,24.0,sequence_47738,55.0,364.4331
sequence_47811,24.0,sequence_47769,25.0,332.60300000000007
sequence_47811,24.0,sequence_47702,69.0,711.2583
sequence_47811,24.0,sequence_47672,76.0,393.13520000000005
sequence_47811,24.0,sequence_47705,71.0,530.224
sequence_47811,24.0,sequence_47694,51.0,382.1463
sequence_47811,24.0,sequence_47691,40.0,370.45570000000004
sequence_47811,24.0,sequence_47701,63.0,865.9789
sequence_47811,24.0,sequence_47706,77.0,734.6395
sequence_47811,24.0,sequence_47675,57.0,653.6798
sequence_47811,24.0,sequence_47698,56.0,393.8369
sequence_47811,24.0,sequence_47688,90.0,243.2468
sequence_47811,24.0,sequence_47704,98.0,843.3777
sequence_47811,24.0,sequence_47708,111.0,712.0383
sequence_47811,24.0,sequence_47709,119.0,557.3177000000001
sequence_47811,24.0,sequence_47677,103.0,557.3177000000001
sequence_47811,24.0,sequence_47692,87.5,365.4863
sequence_47811,24.0,sequence_47703,95.0,706.2889
sequence_47811,24.0,sequence_47707,79.0,574.9495000000001
sequence_47811,24.0,sequence_47762,127.0,613.4606000000001
sequence_47811,24.0,sequence_47765,118.0,756.4906000000001
sequence_47811,24.0,sequence_47767,105.0,701.8446000000001
sequence_47811,24.0,sequence_47812,121.0,601.77
sequence_47811,24.0,sequence_47761,120.0,607.5194000000001
sequence_47811,24.0,sequence_47764,118.0,623.1143
sequence_47811,24.0,sequence_47763,122.0,674.0385000000001
sequence_47811,24.0,sequence_47699,62.0,388.8675
sequence_47811,24.0,sequence_47687,92.0,293.21780000000007
sequence_47811,24.0,sequence_47693,64.0,520.2069
sequence_47811,24.0,sequence_47690,63.0,248.99620000000004
sequence_47811,24.0,sequence_47712,49.0,394.6214
sequence_47811,24.0,sequence_47714,51.0,343.6972
sequence_47811,24.0,sequence_47725,57.0,422.4275
sequence_47811,24.0,sequence_47669,32.0,304.9656
sequence_47811,24.0,sequence_47668,48.0,342.0764
sequence_47811,24.0,sequence_47670,97.0,242.0018
sequence_47811,24.0,sequence_47665,50.0,239.9649
sequence_47811,24.0,sequence_47661,52.0,230.3112
sequence_47811,24.0,sequence_47667,86.0,352.7769
sequence_47811,24.0,sequence_47726,120.0,92.9016
sequence_47811,24.0,sequence_47734,110.0,102.5553
sequence_47811,24.0,sequence_47662,28.0,43.7537
sequence_47811,24.0,sequence_47731,32.0,129.6896
sequence_47811,24.0,sequence_47733,25.0,229.76420000000002
sequence_47811,24.0,sequence_47732,30.0,113.2741
sequence_47811,24.0,sequence_47755,100.0,352.7425
sequence_47811,24.0,sequence_47746,94.0,505.4262
sequence_47811,24.0,sequence_47754,70.0,252.66790000000003
sequence_47811,24.0,sequence_47753,74.0,374.08680000000004
sequence_47811,24.0,sequence_47740,158.0,361.582
sequence_47811,24.0,sequence_47742,108.0,341.8319
sequence_47811,24.0,sequence_47715,101.0,368.1456
sequence_47811,24.0,sequence_47718,81.0,362.3962
sequence_47811,24.0,sequence_47717,66.0,517.1168
sequence_47811,24.0,sequence_47720,80.0,388.9361
sequence_47811,24.0,sequence_47716,84.0,290.12770000000006
sequence_47811,24.0,sequence_47719,66.0,405.3516
sequence_47811,24.0,sequence_47723,69.0,459.53830000000005
sequence_47811,24.0,sequence_47722,75.0,385.7774
sequence_47811,24.0,sequence_47674,38.0,425.1983
sequence_47811,24.0,sequence_47676,56.0,420.22890000000007
sequence_47811,24.0,sequence_47711,57.0,425.98280000000005
sequence_47811,24.0,sequence_47739,35.0,353.71430000000004
sequence_47811,24.0,sequence_47735,55.0,470.2044000000001
sequence_47811,24.0,sequence_47793,16.0,385.33080000000007
sequence_47811,24.0,sequence_47801,4.0,300.2698
sequence_47811,24.0,sequence_47805,22.0,386.2243
sequence_47811,24.0,sequence_47802,4.0,294.52040000000005
sequence_47811,24.0,sequence_47794,18.0,378.6879
sequence_47811,24.0,sequence_47728,12.0,337.38059999999996
sequence_47811,24.0,sequence_47808,4.0,398.97339999999997
sequence_47811,24.0,sequence_47792,12.0,351.4107
sequence_47811,24.0,sequence_47791,4.0,333.29640000000006
sequence_47811,24.0,sequence_47788,5.0,293.6269000000001
sequence_47811,24.0,sequence_47729,34.0,389.41499999999996
sequence_47811,24.0,sequence_47809,10.0,451.0078
sequence_47811,24.0,sequence_47737,27.0,489.01210000000003
sequence_47811,24.0,sequence_47810,5.57,316.4034
sequence_47811,24.0,sequence_47766,4.19,311.18739999999997
sequence_47811,24.0,sequence_47736,19.0,436.9777
sequence_47662,28.0,sequence_47787,5.0,343.13
sequence_47662,28.0,sequence_47684,23.0,354.7473
sequence_47662,28.0,sequence_47789,10.0,332.4112
sequence_47662,28.0,sequence_47790,9.0,285.6467
sequence_47662,28.0,sequence_47781,12.0,343.13000000000005
sequence_47662,28.0,sequence_47777,11.0,349.07120000000003
sequence_47662,28.0,sequence_47779,11.0,337.1888
sequence_47662,28.0,sequence_47784,21.0,214.9493
sequence_47662,28.0,sequence_47786,18.0,427.08910000000003
sequence_47662,28.0,sequence_47782,17.0,259.1709
sequence_47662,28.0,sequence_47772,12.0,381.1343
sequence_47662,28.0,sequence_47795,7.0,433.3064
sequence_47662,28.0,sequence_47776,9.0,524.1643
sequence_47662,28.0,sequence_47685,24.0,348.9979000000001
sequence_47662,28.0,sequence_47679,44.0,360.68850000000003
sequence_47662,28.0,sequence_47695,52.0,355.6408
sequence_47662,28.0,sequence_47710,43.0,392.7516
sequence_47662,28.0,sequence_47686,22.0,344.0285
sequence_47662,28.0,sequence_47778,26.0,338.35240000000005
sequence_47662,28.0,sequence_47780,23.0,326.47
sequence_47662,28.0,sequence_47785,25.0,295.3004
sequence_47662,28.0,sequence_47803,12.0,333.3047
sequence_47662,28.0,sequence_47663,36.0,154.3026
sequence_47662,28.0,sequence_47757,36.0,160.05200000000002
sequence_47662,28.0,sequence_47783,24.5,60.646699999999996
sequence_47662,28.0,sequence_47796,20.0,241.263
sequence_47662,28.0,sequence_47750,25.0,326.23699999999997
sequence_47662,28.0,sequence_47760,26.0,585.7571
sequence_47662,28.0,sequence_47773,19.0,370.4155
sequence_47662,28.0,sequence_47768,17.0,387.07550000000003
sequence_47662,28.0,sequence_47771,18.0,382.0278
sequence_47662,28.0,sequence_47681,44.0,354.93910000000005
sequence_47662,28.0,sequence_47696,47.0,349.8914000000001
sequence_47662,28.0,sequence_47680,73.0,509.6597
sequence_47662,28.0,sequence_47673,65.5,398.69280000000003
sequence_47662,28.0,sequence_47700,65.0,684.7528
sequence_47662,28.0,sequence_47689,52.0,227.4601
sequence_47662,28.0,sequence_47683,75.0,487.05850000000004
sequence_47662,28.0,sequence_47697,55.5,344.922
sequence_47662,28.0,sequence_47678,37.0,382.0328
sequence_47662,28.0,sequence_47682,53.0,349.96970000000005
sequence_47662,28.0,sequence_47724,48.0,383.52970000000005
sequence_47662,28.0,sequence_47806,73.0,662.4167
sequence_47662,28.0,sequence_47807,42.0,507.69610000000006
sequence_47662,28.0,sequence_47804,23.0,344.99530000000004
sequence_47662,28.0,sequence_47800,20.0,333.3047
sequence_47662,28.0,sequence_47799,24.0,327.36350000000004
sequence_47662,28.0,sequence_47664,32.0,148.5532
sequence_47662,28.0,sequence_47666,69.0,335.3369
sequence_47662,28.0,sequence_47671,36.0,229.41770000000002
sequence_47662,28.0,sequence_47727,45.0,22.6424
sequence_47662,28.0,sequence_47756,37.0,5.7494
sequence_47662,28.0,sequence_47775,23.0,241.681
sequence_47662,28.0,sequence_47730,35.0,203.2587
sequence_47662,28.0,sequence_47758,22.0,186.3657
sequence_47662,28.0,sequence_47797,27.0,119.02349999999998
sequence_47662,28.0,sequence_47798,23.0,214.9493
sequence_47662,28.0,sequence_47751,34.0,320.48760000000004
sequence_47662,28.0,sequence_47741,102.0,320.2958
sequence_47662,28.0,sequence_47743,63.0,469.267
sequence_47662,28.0,sequence_47752,67.0,259.7224
sequence_47662,28.0,sequence_47745,83.0,478.9207
sequence_47662,28.0,sequence_47747,72.0,357.5018
sequence_47662,28.0,sequence_47748,79.0,341.0863
sequence_47662,28.0,sequence_47749,81.0,432.1562
sequence_47662,28.0,sequence_47744,69.0,391.06179999999995
sequence_47662,28.0,sequence_47721,40.0,341.8319
sequence_47662,28.0,sequence_47759,36.0,340.9384
sequence_47662,28.0,sequence_47774,21.0,382.1061
sequence_47662,28.0,sequence_47770,25.0,435.24030000000005
sequence_47662,28.0,sequence_47713,51.0,342.0237
sequence_47662,28.0,sequence_47738,55.0,332.1782
sequence_47662,28.0,sequence_47769,25.0,376.35670000000005
sequence_47662,28.0,sequence_47702,69.0,679.0034
sequence_47662,28.0,sequence_47672,76.0,360.88030000000003
sequence_47662,28.0,sequence_47705,71.0,497.9691
sequence_47662,28.0,sequence_47694,51.0,349.89140000000003
sequence_47662,28.0,sequence_47691,40.0,338.2008000000001
sequence_47662,28.0,sequence_47701,63.0,833.7239999999999
sequence_47662,28.0,sequence_47706,77.0,702.3846
sequence_47662,28.0,sequence_47675,57.0,621.4249
sequence_47662,28.0,sequence_47698,56.0,361.58200000000005
sequence_47662,28.0,sequence_47688,90.0,210.99190000000004
sequence_47662,28.0,sequence_47704,98.0,811.1228000000001
sequence_47662,28.0,sequence_47708,111.0,679.7834
sequence_47662,28.0,sequence_47709,119.0,525.0628
sequence_47662,28.0,sequence_47677,103.0,525.0628
sequence_47662,28.0,sequence_47692,87.5,333.23140000000006
sequence_47662,28.0,sequence_47703,95.0,674.0340000000001
sequence_47662,28.0,sequence_47707,79.0,542.6946
sequence_47662,28.0,sequence_47762,127.0,645.7155
sequence_47662,28.0,sequence_47765,118.0,788.7455000000001
sequence_47662,28.0,sequence_47767,105.0,745.5983
sequence_47662,28.0,sequence_47812,121.0,645.5237000000001
sequence_47662,28.0,sequence_47761,120.0,639.7743
sequence_47662,28.0,sequence_47764,118.0,655.3692000000001
sequence_47662,28.0,sequence_47763,122.0,717.7922000000001
sequence_47662,28.0,sequence_47699,62.0,356.61260000000004
sequence_47662,28.0,sequence_47687,92.0,260.96290000000005
sequence_47662,28.0,sequence_47693,64.0,487.95200000000006
sequence_47662,28.0,sequence_47690,63.0,216.74130000000002
sequence_47662,28.0,sequence_47712,49.0,362.36650000000003
sequence_47662,28.0,sequence_47714,51.0,299.94350000000003
sequence_47662,28.0,sequence_47725,57.0,390.1726
sequence_47662,28.0,sequence_47669,32.0,261.2119
sequence_47662,28.0,sequence_47668,48.0,298.3227
sequence_47662,28.0,sequence_47670,97.0,198.24810000000002
sequence_47662,28.0,sequence_47665,50.0,196.21120000000002
sequence_47662,28.0,sequence_47661,52.0,186.5575
sequence_47662,28.0,sequence_47667,86.0,309.0232
sequence_47662,28.0,sequence_47726,120.0,60.646699999999996
sequence_47662,28.0,sequence_47734,110.0,70.3004
sequence_47662,28.0,sequence_47811,24.0,43.7537
sequence_47662,28.0,sequence_47731,32.0,97.43469999999999
sequence_47662,28.0,sequence_47733,25.0,197.5093
sequence_47662,28.0,sequence_47732,30.0,81.01919999999998
sequence_47662,28.0,sequence_47755,100.0,320.4876
sequence_47662,28.0,sequence_47746,94.0,473.1713
sequence_47662,28.0,sequence_47754,70.0,220.41300000000004
sequence_47662,28.0,sequence_47753,74.0,341.8319
sequence_47662,28.0,sequence_47740,158.0,329.3271
sequence_47662,28.0,sequence_47742,108.0,309.577
sequence_47662,28.0,sequence_47715,101.0,335.89070000000004
sequence_47662,28.0,sequence_47718,81.0,330.1413
sequence_47662,28.0,sequence_47717,66.0,484.8619
sequence_47662,28.0,sequence_47720,80.0,356.6812
sequence_47662,28.0,sequence_47716,84.0,257.87280000000004
sequence_47662,28.0,sequence_47719,66.0,373.09670000000006
sequence_47662,28.0,sequence_47723,69.0,427.28340000000003
sequence_47662,28.0,sequence_47722,75.0,353.52250000000004
sequence_47662,28.0,sequence_47674,38.0,392.94340000000005
sequence_47662,28.0,sequence_47676,56.0,387.97400000000005
sequence_47662,28.0,sequence_47711,57.0,393.72790000000003
sequence_47662,28.0,sequence_47739,35.0,321.4594
sequence_47662,28.0,sequence_47735,55.0,437.94950000000006
sequence_47662,28.0,sequence_47793,16.0,429.08450000000005
sequence_47662,28.0,sequence_47801,4.0,344.0235
sequence_47662,28.0,sequence_47805,22.0,429.97800000000007
sequence_47662,28.0,sequence_47802,4.0,338.2741000000001
sequence_47662,28.0,sequence_47794,18.0,422.44160000000005
sequence_47662,28.0,sequence_47728,12.0,305.1257
sequence_47662,28.0,sequence_47808,4.0,442.7271
sequence_47662,28.0,sequence_47792,12.0,395.1644
sequence_47662,28.0,sequence_47791,4.0,377.05010000000004
sequence_47662,28.0,sequence_47788,5.0,337.3806000000001
sequence_47662,28.0,sequence_47729,34.0,357.1601
sequence_47662,28.0,sequence_47809,10.0,494.7615
sequence_47662,28.0,sequence_47737,27.0,456.7572
sequence_47662,28.0,sequence_47810,5.57,360.1571
sequence_47662,28.0,sequence_47766,4.19,354.9411
sequence_47662,28.0,sequence_47736,19.0,404.7228
sequence_47731,32.0,sequence_47787,5.0,298.3227
sequence_47731,32.0,sequence_47684,23.0,309.94
sequence_47731,32.0,sequence_47789,10.0,340.2313
sequence_47731,32.0,sequence_47790,9.0,293.4668
sequence_47731,32.0,sequence_47781,12.0,298.3227
sequence_47731,32.0,sequence_47777,11.0,304.26390000000004
sequence_47731,32.0,sequence_47779,11.0,292.3815
sequence_47731,32.0,sequence_47784,21.0,170.142
sequence_47731,32.0,sequence_47786,18.0,382.2818
sequence_47731,32.0,sequence_47782,17.0,214.36360000000002
sequence_47731,32.0,sequence_47772,12.0,283.69960000000003
sequence_47731,32.0,sequence_47795,7.0,388.4991
sequence_47731,32.0,sequence_47776,9.0,426.7296
sequence_47731,32.0,sequence_47685,24.0,304.1906
sequence_47731,32.0,sequence_47679,44.0,315.88120000000004
sequence_47731,32.0,sequence_47695,52.0,309.04650000000004
sequence_47731,32.0,sequence_47710,43.0,346.1573
sequence_47731,32.0,sequence_47686,22.0,351.8486
sequence_47731,32.0,sequence_47778,26.0,346.1725
sequence_47731,32.0,sequence_47780,23.0,334.2901
sequence_47731,32.0,sequence_47785,25.0,303.1205
sequence_47731,32.0,sequence_47803,12.0,339.3378
sequence_47731,32.0,sequence_47663,36.0,154.7801
sequence_47731,32.0,sequence_47757,36.0,149.0307
sequence_47731,32.0,sequence_47783,24.5,112.79660000000001
sequence_47731,32.0,sequence_47796,20.0,143.8283
sequence_47731,32.0,sequence_47750,25.0,262.5883
sequence_47731,32.0,sequence_47760,26.0,488.3224
sequence_47731,32.0,sequence_47773,19.0,325.6082
sequence_47731,32.0,sequence_47768,17.0,289.6408
sequence_47731,32.0,sequence_47771,18.0,284.5931
sequence_47731,32.0,sequence_47681,44.0,310.1318
sequence_47731,32.0,sequence_47696,47.0,303.2971
sequence_47731,32.0,sequence_47680,73.0,464.8524
sequence_47731,32.0,sequence_47673,65.5,301.2581
sequence_47731,32.0,sequence_47700,65.0,587.3181000000001
sequence_47731,32.0,sequence_47689,52.0,180.86579999999998
sequence_47731,32.0,sequence_47683,75.0,494.8786
sequence_47731,32.0,sequence_47697,55.5,350.9551
sequence_47731,32.0,sequence_47678,37.0,337.2255
sequence_47731,32.0,sequence_47682,53.0,357.7898
sequence_47731,32.0,sequence_47724,48.0,391.3498
sequence_47731,32.0,sequence_47806,73.0,617.6094
sequence_47731,32.0,sequence_47807,42.0,462.88880000000006
sequence_47731,32.0,sequence_47804,23.0,351.02840000000003
sequence_47731,32.0,sequence_47800,20.0,339.3378
sequence_47731,32.0,sequence_47799,24.0,333.39660000000003
sequence_47731,32.0,sequence_47664,32.0,149.0307
sequence_47731,32.0,sequence_47666,69.0,283.187
sequence_47731,32.0,sequence_47671,36.0,177.2678
sequence_47731,32.0,sequence_47727,45.0,74.79230000000001
sequence_47731,32.0,sequence_47756,37.0,91.68530000000001
sequence_47731,32.0,sequence_47775,23.0,241.2035
sequence_47731,32.0,sequence_47730,35.0,105.824
sequence_47731,32.0,sequence_47758,22.0,122.717
sequence_47731,32.0,sequence_47797,27.0,54.41980000000001
sequence_47731,32.0,sequence_47798,23.0,170.142
sequence_47731,32.0,sequence_47751,34.0,256.8389
sequence_47731,32.0,sequence_47741,102.0,256.6471
sequence_47731,32.0,sequence_47743,63.0,405.6183
sequence_47731,32.0,sequence_47752,67.0,196.07369999999997
sequence_47731,32.0,sequence_47745,83.0,415.272
sequence_47731,32.0,sequence_47747,72.0,293.8531
sequence_47731,32.0,sequence_47748,79.0,277.4376
sequence_47731,32.0,sequence_47749,81.0,368.5075
sequence_47731,32.0,sequence_47744,69.0,327.4131
sequence_47731,32.0,sequence_47721,40.0,297.02459999999996
sequence_47731,32.0,sequence_47759,36.0,296.1311
sequence_47731,32.0,sequence_47774,21.0,337.2988
sequence_47731,32.0,sequence_47770,25.0,390.43300000000005
sequence_47731,32.0,sequence_47713,51.0,289.8738
sequence_47731,32.0,sequence_47738,55.0,268.52950000000004
sequence_47731,32.0,sequence_47769,25.0,331.54940000000005
sequence_47731,32.0,sequence_47702,69.0,581.5687
sequence_47731,32.0,sequence_47672,76.0,316.073
sequence_47731,32.0,sequence_47705,71.0,453.1618
sequence_47731,32.0,sequence_47694,51.0,303.2971
sequence_47731,32.0,sequence_47691,40.0,291.6065
sequence_47731,32.0,sequence_47701,63.0,736.2893
sequence_47731,32.0,sequence_47706,77.0,604.9499000000001
sequence_47731,32.0,sequence_47675,57.0,523.9902
sequence_47731,32.0,sequence_47698,56.0,314.9877
sequence_47731,32.0,sequence_47688,90.0,228.5238
sequence_47731,32.0,sequence_47704,98.0,766.3155
sequence_47731,32.0,sequence_47708,111.0,634.9761000000001
sequence_47731,32.0,sequence_47709,119.0,480.25550000000004
sequence_47731,32.0,sequence_47677,103.0,480.25550000000004
sequence_47731,32.0,sequence_47692,87.5,339.2645
sequence_47731,32.0,sequence_47703,95.0,629.2267
sequence_47731,32.0,sequence_47707,79.0,497.88730000000004
sequence_47731,32.0,sequence_47762,127.0,646.193
sequence_47731,32.0,sequence_47765,118.0,789.223
sequence_47731,32.0,sequence_47767,105.0,700.7909999999999
sequence_47731,32.0,sequence_47812,121.0,634.5024000000001
sequence_47731,32.0,sequence_47761,120.0,640.2518
sequence_47731,32.0,sequence_47764,118.0,655.8467
sequence_47731,32.0,sequence_47763,122.0,672.9848999999999
sequence_47731,32.0,sequence_47699,62.0,362.64570000000003
sequence_47731,32.0,sequence_47687,92.0,266.996
sequence_47731,32.0,sequence_47693,64.0,493.9851
sequence_47731,32.0,sequence_47690,63.0,222.77439999999999
sequence_47731,32.0,sequence_47712,49.0,368.3996
sequence_47731,32.0,sequence_47714,51.0,351.2614
sequence_47731,32.0,sequence_47725,57.0,396.2057
sequence_47731,32.0,sequence_47669,32.0,259.9024
sequence_47731,32.0,sequence_47668,48.0,246.1728
sequence_47731,32.0,sequence_47670,97.0,146.09820000000002
sequence_47731,32.0,sequence_47665,50.0,144.06130000000002
sequence_47731,32.0,sequence_47661,52.0,134.4076
sequence_47731,32.0,sequence_47667,86.0,309.5007
sequence_47731,32.0,sequence_47726,120.0,60.16920000000001
sequence_47731,32.0,sequence_47734,110.0,69.8229
sequence_47731,32.0,sequence_47811,24.0,129.6896
sequence_47731,32.0,sequence_47662,28.0,97.43469999999999
sequence_47731,32.0,sequence_47733,25.0,100.0746
sequence_47731,32.0,sequence_47732,30.0,16.41550000000001
sequence_47731,32.0,sequence_47755,100.0,256.8389
sequence_47731,32.0,sequence_47746,94.0,409.5226
sequence_47731,32.0,sequence_47754,70.0,156.7643
sequence_47731,32.0,sequence_47753,74.0,278.1832
sequence_47731,32.0,sequence_47740,158.0,265.6784
sequence_47731,32.0,sequence_47742,108.0,298.5557
sequence_47731,32.0,sequence_47715,101.0,291.0834
sequence_47731,32.0,sequence_47718,81.0,285.33399999999995
sequence_47731,32.0,sequence_47717,66.0,440.05459999999994
sequence_47731,32.0,sequence_47720,80.0,311.87390000000005
sequence_47731,32.0,sequence_47716,84.0,213.06550000000001
sequence_47731,32.0,sequence_47719,66.0,328.2894
sequence_47731,32.0,sequence_47723,69.0,382.47610000000003
sequence_47731,32.0,sequence_47722,75.0,308.7152
sequence_47731,32.0,sequence_47674,38.0,295.50870000000003
sequence_47731,32.0,sequence_47676,56.0,343.16670000000005
sequence_47731,32.0,sequence_47711,57.0,348.92060000000004
sequence_47731,32.0,sequence_47739,35.0,310.4381
sequence_47731,32.0,sequence_47735,55.0,393.14220000000006
sequence_47731,32.0,sequence_47793,16.0,384.2772
sequence_47731,32.0,sequence_47801,4.0,297.42920000000004
sequence_47731,32.0,sequence_47805,22.0,383.38370000000003
sequence_47731,32.0,sequence_47802,4.0,291.67980000000006
sequence_47731,32.0,sequence_47794,18.0,379.42130000000003
sequence_47731,32.0,sequence_47728,12.0,260.3184
sequence_47731,32.0,sequence_47808,4.0,397.9198
sequence_47731,32.0,sequence_47792,12.0,350.3571
sequence_47731,32.0,sequence_47791,4.0,332.2428
sequence_47731,32.0,sequence_47788,5.0,292.5733
sequence_47731,32.0,sequence_47729,34.0,312.3528
sequence_47731,32.0,sequence_47809,10.0,449.9542
sequence_47731,32.0,sequence_47737,27.0,411.9499
sequence_47731,32.0,sequence_47810,5.57,315.3498
sequence_47731,32.0,sequence_47766,4.19,310.1338
sequence_47731,32.0,sequence_47736,19.0,359.9155
sequence_47733,25.0,sequence_47787,5.0,198.24810000000002
sequence_47733,25.0,sequence_47684,23.0,209.86540000000002
sequence_47733,25.0,sequence_47789,10.0,240.1567
sequence_47733,25.0,sequence_47790,9.0,244.2326
sequence_47733,25.0,sequence_47781,12.0,198.24810000000002
sequence_47733,25.0,sequence_47777,11.0,204.1893
sequence_47733,25.0,sequence_47779,11.0,192.30689999999998
sequence_47733,25.0,sequence_47784,21.0,70.06739999999999
sequence_47733,25.0,sequence_47786,18.0,282.2072
sequence_47733,25.0,sequence_47782,17.0,114.28900000000002
sequence_47733,25.0,sequence_47772,12.0,183.625
sequence_47733,25.0,sequence_47795,7.0,288.4245
sequence_47733,25.0,sequence_47776,9.0,326.655
sequence_47733,25.0,sequence_47685,24.0,204.11599999999999
sequence_47733,25.0,sequence_47679,44.0,215.8066
sequence_47733,25.0,sequence_47695,52.0,208.9719
sequence_47733,25.0,sequence_47710,43.0,246.08270000000002
sequence_47733,25.0,sequence_47686,22.0,251.774
sequence_47733,25.0,sequence_47778,26.0,246.09789999999998
sequence_47733,25.0,sequence_47780,23.0,234.21549999999996
sequence_47733,25.0,sequence_47785,25.0,203.04589999999996
sequence_47733,25.0,sequence_47803,12.0,239.26319999999998
sequence_47733,25.0,sequence_47663,36.0,54.705499999999994
sequence_47733,25.0,sequence_47757,36.0,48.9561
sequence_47733,25.0,sequence_47783,24.5,212.8712
sequence_47733,25.0,sequence_47796,20.0,43.7537
sequence_47733,25.0,sequence_47750,25.0,162.51370000000003
sequence_47733,25.0,sequence_47760,26.0,388.2478
sequence_47733,25.0,sequence_47773,19.0,225.53359999999998
sequence_47733,25.0,sequence_47768,17.0,189.56620000000004
sequence_47733,25.0,sequence_47771,18.0,184.51850000000002
sequence_47733,25.0,sequence_47681,44.0,210.05720000000002
sequence_47733,25.0,sequence_47696,47.0,203.2225
sequence_47733,25.0,sequence_47680,73.0,364.77779999999996
sequence_47733,25.0,sequence_47673,65.5,201.18350000000004
sequence_47733,25.0,sequence_47700,65.0,487.24350000000004
sequence_47733,25.0,sequence_47689,52.0,80.79119999999999
sequence_47733,25.0,sequence_47683,75.0,394.804
sequence_47733,25.0,sequence_47697,55.5,250.88049999999998
sequence_47733,25.0,sequence_47678,37.0,237.15089999999998
sequence_47733,25.0,sequence_47682,53.0,257.7152
sequence_47733,25.0,sequence_47724,48.0,291.2752
sequence_47733,25.0,sequence_47806,73.0,517.5347999999999
sequence_47733,25.0,sequence_47807,42.0,362.8142
sequence_47733,25.0,sequence_47804,23.0,250.9538
sequence_47733,25.0,sequence_47800,20.0,239.2632
sequence_47733,25.0,sequence_47799,24.0,233.32199999999997
sequence_47733,25.0,sequence_47664,32.0,48.95609999999999
sequence_47733,25.0,sequence_47666,69.0,183.1124
sequence_47733,25.0,sequence_47671,36.0,77.19319999999999
sequence_47733,25.0,sequence_47727,45.0,174.8669
sequence_47733,25.0,sequence_47756,37.0,191.75990000000002
sequence_47733,25.0,sequence_47775,23.0,341.2781
sequence_47733,25.0,sequence_47730,35.0,5.7494
sequence_47733,25.0,sequence_47758,22.0,22.642400000000002
sequence_47733,25.0,sequence_47797,27.0,154.4944
sequence_47733,25.0,sequence_47798,23.0,70.06739999999999
sequence_47733,25.0,sequence_47751,34.0,156.7643
sequence_47733,25.0,sequence_47741,102.0,156.5725
sequence_47733,25.0,sequence_47743,63.0,305.54369999999994
sequence_47733,25.0,sequence_47752,67.0,95.99910000000001
sequence_47733,25.0,sequence_47745,83.0,315.1974
sequence_47733,25.0,sequence_47747,72.0,193.7785
sequence_47733,25.0,sequence_47748,79.0,177.363
sequence_47733,25.0,sequence_47749,81.0,268.4329
sequence_47733,25.0,sequence_47744,69.0,227.3385
sequence_47733,25.0,sequence_47721,40.0,196.95
sequence_47733,25.0,sequence_47759,36.0,196.0565
sequence_47733,25.0,sequence_47774,21.0,237.2242
sequence_47733,25.0,sequence_47770,25.0,290.3584
sequence_47733,25.0,sequence_47713,51.0,189.7992
sequence_47733,25.0,sequence_47738,55.0,168.4549
sequence_47733,25.0,sequence_47769,25.0,231.47480000000002
sequence_47733,25.0,sequence_47702,69.0,481.4941
sequence_47733,25.0,sequence_47672,76.0,215.9984
sequence_47733,25.0,sequence_47705,71.0,353.08720000000005
sequence_47733,25.0,sequence_47694,51.0,203.2225
sequence_47733,25.0,sequence_47691,40.0,191.5319
sequence_47733,25.0,sequence_47701,63.0,636.2147
sequence_47733,25.0,sequence_47706,77.0,504.8753
sequence_47733,25.0,sequence_47675,57.0,423.9156
sequence_47733,25.0,sequence_47698,56.0,214.9131
sequence_47733,25.0,sequence_47688,90.0,128.4492
sequence_47733,25.0,sequence_47704,98.0,666.2409
sequence_47733,25.0,sequence_47708,111.0,534.9014999999999
sequence_47733,25.0,sequence_47709,119.0,380.1809
sequence_47733,25.0,sequence_47677,103.0,380.1809
sequence_47733,25.0,sequence_47692,87.5,239.1899
sequence_47733,25.0,sequence_47703,95.0,529.1521
sequence_47733,25.0,sequence_47707,79.0,397.8127
sequence_47733,25.0,sequence_47762,127.0,546.1184000000001
sequence_47733,25.0,sequence_47765,118.0,689.1484
sequence_47733,25.0,sequence_47767,105.0,600.7164
sequence_47733,25.0,sequence_47812,121.0,534.4277999999999
sequence_47733,25.0,sequence_47761,120.0,540.1772000000001
sequence_47733,25.0,sequence_47764,118.0,555.7720999999999
sequence_47733,25.0,sequence_47763,122.0,572.9103
sequence_47733,25.0,sequence_47699,62.0,262.5711
sequence_47733,25.0,sequence_47687,92.0,166.9214
sequence_47733,25.0,sequence_47693,64.0,393.91049999999996
sequence_47733,25.0,sequence_47690,63.0,122.69979999999998
sequence_47733,25.0,sequence_47712,49.0,268.325
sequence_47733,25.0,sequence_47714,51.0,251.1868
sequence_47733,25.0,sequence_47725,57.0,296.1311
sequence_47733,25.0,sequence_47669,32.0,159.8278
sequence_47733,25.0,sequence_47668,48.0,146.0982
sequence_47733,25.0,sequence_47670,97.0,46.0236
sequence_47733,25.0,sequence_47665,50.0,43.9867
sequence_47733,25.0,sequence_47661,52.0,34.333
sequence_47733,25.0,sequence_47667,86.0,209.4261
sequence_47733,25.0,sequence_47726,120.0,160.2438
sequence_47733,25.0,sequence_47734,110.0,169.8975
sequence_47733,25.0,sequence_47811,24.0,229.76420000000002
sequence_47733,25.0,sequence_47662,28.0,197.5093
sequence_47733,25.0,sequence_47731,32.0,100.0746
sequence_47733,25.0,sequence_47732,30.0,116.49010000000001
sequence_47733,25.0,sequence_47755,100.0,156.7643
sequence_47733,25.0,sequence_47746,94.0,309.44800000000004
sequence_47733,25.0,sequence_47754,70.0,56.689700000000016
sequence_47733,25.0,sequence_47753,74.0,178.10860000000002
sequence_47733,25.0,sequence_47740,158.0,216.44420000000002
sequence_47733,25.0,sequence_47742,108.0,198.48109999999997
sequence_47733,25.0,sequence_47715,101.0,191.00879999999998
sequence_47733,25.0,sequence_47718,81.0,185.2594
sequence_47733,25.0,sequence_47717,66.0,339.9799999999999
sequence_47733,25.0,sequence_47720,80.0,211.79930000000002
sequence_47733,25.0,sequence_47716,84.0,112.9909
sequence_47733,25.0,sequence_47719,66.0,228.21480000000003
sequence_47733,25.0,sequence_47723,69.0,282.4015
sequence_47733,25.0,sequence_47722,75.0,208.6406
sequence_47733,25.0,sequence_47674,38.0,195.4341
sequence_47733,25.0,sequence_47676,56.0,243.09210000000002
sequence_47733,25.0,sequence_47711,57.0,248.846
sequence_47733,25.0,sequence_47739,35.0,210.3635
sequence_47733,25.0,sequence_47735,55.0,293.0676
sequence_47733,25.0,sequence_47793,16.0,284.2026
sequence_47733,25.0,sequence_47801,4.0,197.3546
sequence_47733,25.0,sequence_47805,22.0,283.30910000000006
sequence_47733,25.0,sequence_47802,4.0,191.6052
sequence_47733,25.0,sequence_47794,18.0,279.3467
sequence_47733,25.0,sequence_47728,12.0,160.24380000000002
sequence_47733,25.0,sequence_47808,4.0,297.8452
sequence_47733,25.0,sequence_47792,12.0,250.28250000000003
sequence_47733,25.0,sequence_47791,4.0,232.1682
sequence_47733,25.0,sequence_47788,5.0,192.49869999999999
sequence_47733,25.0,sequence_47729,34.0,212.27820000000003
sequence_47733,25.0,sequence_47809,10.0,349.8796
sequence_47733,25.0,sequence_47737,27.0,311.87530000000004
sequence_47733,25.0,sequence_47810,5.57,215.2752
sequence_47733,25.0,sequence_47766,4.19,210.0592
sequence_47733,25.0,sequence_47736,19.0,259.84090000000003
sequence_47732,30.0,sequence_47787,5.0,314.7382
sequence_47732,30.0,sequence_47684,23.0,326.3555
sequence_47732,30.0,sequence_47789,10.0,356.6468
sequence_47732,30.0,sequence_47790,9.0,309.8823
sequence_47732,30.0,sequence_47781,12.0,314.7382
sequence_47732,30.0,sequence_47777,11.0,320.6794
sequence_47732,30.0,sequence_47779,11.0,308.797
sequence_47732,30.0,sequence_47784,21.0,186.5575
sequence_47732,30.0,sequence_47786,18.0,398.69730000000004
sequence_47732,30.0,sequence_47782,17.0,230.77910000000003
sequence_47732,30.0,sequence_47772,12.0,300.11510000000004
sequence_47732,30.0,sequence_47795,7.0,404.91460000000006
sequence_47732,30.0,sequence_47776,9.0,443.1451
sequence_47732,30.0,sequence_47685,24.0,320.6061
sequence_47732,30.0,sequence_47679,44.0,332.2967
sequence_47732,30.0,sequence_47695,52.0,325.462
sequence_47732,30.0,sequence_47710,43.0,362.57280000000003
sequence_47732,30.0,sequence_47686,22.0,368.2641
sequence_47732,30.0,sequence_47778,26.0,362.588
sequence_47732,30.0,sequence_47780,23.0,350.7056
sequence_47732,30.0,sequence_47785,25.0,319.536
sequence_47732,30.0,sequence_47803,12.0,355.7533
sequence_47732,30.0,sequence_47663,36.0,171.1956
sequence_47732,30.0,sequence_47757,36.0,165.4462
sequence_47732,30.0,sequence_47783,24.5,96.3811
sequence_47732,30.0,sequence_47796,20.0,160.24380000000002
sequence_47732,30.0,sequence_47750,25.0,279.0038
sequence_47732,30.0,sequence_47760,26.0,504.7379
sequence_47732,30.0,sequence_47773,19.0,342.0237
sequence_47732,30.0,sequence_47768,17.0,306.0563
sequence_47732,30.0,sequence_47771,18.0,301.0086
sequence_47732,30.0,sequence_47681,44.0,326.5473
sequence_47732,30.0,sequence_47696,47.0,319.71260000000007
sequence_47732,30.0,sequence_47680,73.0,481.26789999999994
sequence_47732,30.0,sequence_47673,65.5,317.6736
sequence_47732,30.0,sequence_47700,65.0,603.7336
sequence_47732,30.0,sequence_47689,52.0,197.2813
sequence_47732,30.0,sequence_47683,75.0,511.2941
sequence_47732,30.0,sequence_47697,55.5,367.37059999999997
sequence_47732,30.0,sequence_47678,37.0,353.641
sequence_47732,30.0,sequence_47682,53.0,374.2053
sequence_47732,30.0,sequence_47724,48.0,407.7653
sequence_47732,30.0,sequence_47806,73.0,634.0249
sequence_47732,30.0,sequence_47807,42.0,479.3043
sequence_47732,30.0,sequence_47804,23.0,367.44390000000004
sequence_47732,30.0,sequence_47800,20.0,355.7533
sequence_47732,30.0,sequence_47799,24.0,349.81210000000004
sequence_47732,30.0,sequence_47664,32.0,165.4462
sequence_47732,30.0,sequence_47666,69.0,299.6025
sequence_47732,30.0,sequence_47671,36.0,193.6833
sequence_47732,30.0,sequence_47727,45.0,58.376799999999996
sequence_47732,30.0,sequence_47756,37.0,75.2698
sequence_47732,30.0,sequence_47775,23.0,224.78799999999998
sequence_47732,30.0,sequence_47730,35.0,122.2395
sequence_47732,30.0,sequence_47758,22.0,139.1325
sequence_47732,30.0,sequence_47797,27.0,38.0043
sequence_47732,30.0,sequence_47798,23.0,186.5575
sequence_47732,30.0,sequence_47751,34.0,273.25440000000003
sequence_47732,30.0,sequence_47741,102.0,273.06260000000003
sequence_47732,30.0,sequence_47743,63.0,422.0338
sequence_47732,30.0,sequence_47752,67.0,212.48919999999998
sequence_47732,30.0,sequence_47745,83.0,431.68750000000006
sequence_47732,30.0,sequence_47747,72.0,310.26860000000005
sequence_47732,30.0,sequence_47748,79.0,293.8531
sequence_47732,30.0,sequence_47749,81.0,384.923
sequence_47732,30.0,sequence_47744,69.0,343.8286
sequence_47732,30.0,sequence_47721,40.0,313.44010000000003
sequence_47732,30.0,sequence_47759,36.0,312.5466
sequence_47732,30.0,sequence_47774,21.0,353.71430000000004
sequence_47732,30.0,sequence_47770,25.0,406.84850000000006
sequence_47732,30.0,sequence_47713,51.0,306.2893
sequence_47732,30.0,sequence_47738,55.0,284.945
sequence_47732,30.0,sequence_47769,25.0,347.96490000000006
sequence_47732,30.0,sequence_47702,69.0,597.9842000000001
sequence_47732,30.0,sequence_47672,76.0,332.48850000000004
sequence_47732,30.0,sequence_47705,71.0,469.57730000000004
sequence_47732,30.0,sequence_47694,51.0,319.7126
sequence_47732,30.0,sequence_47691,40.0,308.02200000000005
sequence_47732,30.0,sequence_47701,63.0,752.7048
sequence_47732,30.0,sequence_47706,77.0,621.3653999999999
sequence_47732,30.0,sequence_47675,57.0,540.4056999999999
sequence_47732,30.0,sequence_47698,56.0,331.40319999999997
sequence_47732,30.0,sequence_47688,90.0,244.9393
sequence_47732,30.0,sequence_47704,98.0,782.731
sequence_47732,30.0,sequence_47708,111.0,651.3916
sequence_47732,30.0,sequence_47709,119.0,496.67100000000005
sequence_47732,30.0,sequence_47677,103.0,496.67100000000005
sequence_47732,30.0,sequence_47692,87.5,355.68000000000006
sequence_47732,30.0,sequence_47703,95.0,645.6422
sequence_47732,30.0,sequence_47707,79.0,514.3028
sequence_47732,30.0,sequence_47762,127.0,662.6085
sequence_47732,30.0,sequence_47765,118.0,805.6385
sequence_47732,30.0,sequence_47767,105.0,717.2065
sequence_47732,30.0,sequence_47812,121.0,650.9179
sequence_47732,30.0,sequence_47761,120.0,656.6673000000001
sequence_47732,30.0,sequence_47764,118.0,672.2622
sequence_47732,30.0,sequence_47763,122.0,689.4004
sequence_47732,30.0,sequence_47699,62.0,379.0612
sequence_47732,30.0,sequence_47687,92.0,283.41150000000005
sequence_47732,30.0,sequence_47693,64.0,510.40060000000005
sequence_47732,30.0,sequence_47690,63.0,239.1899
sequence_47732,30.0,sequence_47712,49.0,384.81510000000003
sequence_47732,30.0,sequence_47714,51.0,367.67690000000005
sequence_47732,30.0,sequence_47725,57.0,412.62120000000004
sequence_47732,30.0,sequence_47669,32.0,276.3179
sequence_47732,30.0,sequence_47668,48.0,262.5883
sequence_47732,30.0,sequence_47670,97.0,162.51370000000003
sequence_47732,30.0,sequence_47665,50.0,160.47680000000003
sequence_47732,30.0,sequence_47661,52.0,150.8231
sequence_47732,30.0,sequence_47667,86.0,325.9162
sequence_47732,30.0,sequence_47726,120.0,43.7537
sequence_47732,30.0,sequence_47734,110.0,53.407399999999996
sequence_47732,30.0,sequence_47811,24.0,113.2741
sequence_47732,30.0,sequence_47662,28.0,81.01919999999998
sequence_47732,30.0,sequence_47731,32.0,16.41550000000001
sequence_47732,30.0,sequence_47733,25.0,116.49010000000001
sequence_47732,30.0,sequence_47755,100.0,273.25440000000003
sequence_47732,30.0,sequence_47746,94.0,425.9381
sequence_47732,30.0,sequence_47754,70.0,173.1798
sequence_47732,30.0,sequence_47753,74.0,294.5987
sequence_47732,30.0,sequence_47740,158.0,282.0939
sequence_47732,30.0,sequence_47742,108.0,314.9712
sequence_47732,30.0,sequence_47715,101.0,307.49890000000005
sequence_47732,30.0,sequence_47718,81.0,301.7495
sequence_47732,30.0,sequence_47717,66.0,456.4701
sequence_47732,30.0,sequence_47720,80.0,328.2894
sequence_47732,30.0,sequence_47716,84.0,229.48100000000002
sequence_47732,30.0,sequence_47719,66.0,344.70490000000007
sequence_47732,30.0,sequence_47723,69.0,398.89160000000004
sequence_47732,30.0,sequence_47722,75.0,325.13070000000005
sequence_47732,30.0,sequence_47674,38.0,311.92420000000004
sequence_47732,30.0,sequence_47676,56.0,359.58220000000006
sequence_47732,30.0,sequence_47711,57.0,365.33610000000004
sequence_47732,30.0,sequence_47739,35.0,326.85360000000003
sequence_47732,30.0,sequence_47735,55.0,409.55770000000007
sequence_47732,30.0,sequence_47793,16.0,400.6927
sequence_47732,30.0,sequence_47801,4.0,313.84470000000005
sequence_47732,30.0,sequence_47805,22.0,399.79920000000004
sequence_47732,30.0,sequence_47802,4.0,308.09530000000007
sequence_47732,30.0,sequence_47794,18.0,395.83680000000004
sequence_47732,30.0,sequence_47728,12.0,276.7339
sequence_47732,30.0,sequence_47808,4.0,414.3353
sequence_47732,30.0,sequence_47792,12.0,366.7726
sequence_47732,30.0,sequence_47791,4.0,348.6583
sequence_47732,30.0,sequence_47788,5.0,308.9888
sequence_47732,30.0,sequence_47729,34.0,328.7683
sequence_47732,30.0,sequence_47809,10.0,466.3697
sequence_47732,30.0,sequence_47737,27.0,428.3654
sequence_47732,30.0,sequence_47810,5.57,331.7653
sequence_47732,30.0,sequence_47766,4.19,326.5493
sequence_47732,30.0,sequence_47736,19.0,376.331
sequence_47755,100.0,sequence_47787,5.0,166.4912
sequence_47755,100.0,sequence_47684,23.0,178.1085
sequence_47755,100.0,sequence_47789,10.0,208.3998
sequence_47755,100.0,sequence_47790,9.0,212.4757
sequence_47755,100.0,sequence_47781,12.0,122.0322
sequence_47755,100.0,sequence_47777,11.0,116.09100000000001
sequence_47755,100.0,sequence_47779,11.0,116.09100000000001
sequence_47755,100.0,sequence_47784,21.0,226.8317
sequence_47755,100.0,sequence_47786,18.0,182.6101
sequence_47755,100.0,sequence_47782,17.0,182.6101
sequence_47755,100.0,sequence_47772,12.0,128.4869
sequence_47755,100.0,sequence_47795,7.0,256.6676
sequence_47755,100.0,sequence_47776,9.0,271.51689999999996
sequence_47755,100.0,sequence_47685,24.0,172.3591
sequence_47755,100.0,sequence_47679,44.0,127.70830000000001
sequence_47755,100.0,sequence_47695,52.0,177.21499999999997
sequence_47755,100.0,sequence_47710,43.0,214.3258
sequence_47755,100.0,sequence_47686,22.0,220.0171
sequence_47755,100.0,sequence_47778,26.0,157.9996
sequence_47755,100.0,sequence_47780,23.0,157.9996
sequence_47755,100.0,sequence_47785,25.0,177.6704
sequence_47755,100.0,sequence_47803,12.0,207.5063
sequence_47755,100.0,sequence_47663,36.0,177.68380000000002
sequence_47755,100.0,sequence_47757,36.0,171.9344
sequence_47755,100.0,sequence_47783,24.5,369.6355
sequence_47755,100.0,sequence_47796,20.0,200.51800000000003
sequence_47755,100.0,sequence_47750,25.0,73.58959999999999
sequence_47755,100.0,sequence_47760,26.0,333.1097
sequence_47755,100.0,sequence_47773,19.0,170.3955
sequence_47755,100.0,sequence_47768,17.0,78.08670000000001
sequence_47755,100.0,sequence_47771,18.0,112.3806
sequence_47755,100.0,sequence_47681,44.0,121.9589
sequence_47755,100.0,sequence_47696,47.0,171.4656
sequence_47755,100.0,sequence_47680,73.0,276.67949999999996
sequence_47755,100.0,sequence_47673,65.5,89.70400000000001
sequence_47755,100.0,sequence_47700,65.0,375.764
sequence_47755,100.0,sequence_47689,52.0,237.5555
sequence_47755,100.0,sequence_47683,75.0,318.58809999999994
sequence_47755,100.0,sequence_47697,55.5,219.1236
sequence_47755,100.0,sequence_47678,37.0,182.0128
sequence_47755,100.0,sequence_47682,53.0,169.6169
sequence_47755,100.0,sequence_47724,48.0,203.1769
sequence_47755,100.0,sequence_47806,73.0,406.0553
sequence_47755,100.0,sequence_47807,42.0,274.7159
sequence_47755,100.0,sequence_47804,23.0,151.3567
sequence_47755,100.0,sequence_47800,20.0,163.0473
sequence_47755,100.0,sequence_47799,24.0,157.1061
sequence_47755,100.0,sequence_47664,32.0,171.9344
sequence_47755,100.0,sequence_47666,69.0,282.70950000000005
sequence_47755,100.0,sequence_47671,36.0,176.7903
sequence_47755,100.0,sequence_47727,45.0,331.63120000000004
sequence_47755,100.0,sequence_47756,37.0,314.7382
sequence_47755,100.0,sequence_47775,23.0,474.6612
sequence_47755,100.0,sequence_47730,35.0,162.51370000000003
sequence_47755,100.0,sequence_47758,22.0,145.6207
sequence_47755,100.0,sequence_47797,27.0,311.25870000000003
sequence_47755,100.0,sequence_47798,23.0,226.8317
sequence_47755,100.0,sequence_47751,34.0,67.8402
sequence_47755,100.0,sequence_47741,102.0,23.1894
sequence_47755,100.0,sequence_47743,63.0,172.1606
sequence_47755,100.0,sequence_47752,67.0,72.264
sequence_47755,100.0,sequence_47745,83.0,181.8143
sequence_47755,100.0,sequence_47747,72.0,260.5446
sequence_47755,100.0,sequence_47748,79.0,276.9601
sequence_47755,100.0,sequence_47749,81.0,185.8902
sequence_47755,100.0,sequence_47744,69.0,226.9846
sequence_47755,100.0,sequence_47721,40.0,141.81189999999998
sequence_47755,100.0,sequence_47759,36.0,140.9184
sequence_47755,100.0,sequence_47774,21.0,114.2459
sequence_47755,100.0,sequence_47770,25.0,323.79049999999995
sequence_47755,100.0,sequence_47713,51.0,44.533699999999996
sequence_47755,100.0,sequence_47738,55.0,23.1894
sequence_47755,100.0,sequence_47769,25.0,119.9953
sequence_47755,100.0,sequence_47702,69.0,370.01460000000003
sequence_47755,100.0,sequence_47672,76.0,127.90010000000001
sequence_47755,100.0,sequence_47705,71.0,264.9889
sequence_47755,100.0,sequence_47694,51.0,336.60560000000004
sequence_47755,100.0,sequence_47691,40.0,115.316
sequence_47755,100.0,sequence_47701,63.0,524.7352000000001
sequence_47755,100.0,sequence_47706,77.0,393.3958
sequence_47755,100.0,sequence_47675,57.0,312.4361
sequence_47755,100.0,sequence_47698,56.0,115.316
sequence_47755,100.0,sequence_47688,90.0,285.2135
sequence_47755,100.0,sequence_47704,98.0,566.6438
sequence_47755,100.0,sequence_47708,111.0,435.3044
sequence_47755,100.0,sequence_47709,119.0,303.965
sequence_47755,100.0,sequence_47677,103.0,280.5838
sequence_47755,100.0,sequence_47692,87.5,162.974
sequence_47755,100.0,sequence_47703,95.0,417.67260000000005
sequence_47755,100.0,sequence_47707,79.0,286.33320000000003
sequence_47755,100.0,sequence_47762,127.0,400.8529
sequence_47755,100.0,sequence_47765,118.0,543.8829
sequence_47755,100.0,sequence_47767,105.0,489.2369
sequence_47755,100.0,sequence_47812,121.0,389.1623
sequence_47755,100.0,sequence_47761,120.0,394.9117
sequence_47755,100.0,sequence_47764,118.0,410.50660000000005
sequence_47755,100.0,sequence_47763,122.0,461.4308
sequence_47755,100.0,sequence_47699,62.0,162.974
sequence_47755,100.0,sequence_47687,92.0,235.2425
sequence_47755,100.0,sequence_47693,64.0,317.6946
sequence_47755,100.0,sequence_47690,63.0,279.46410000000003
sequence_47755,100.0,sequence_47712,49.0,168.7279
sequence_47755,100.0,sequence_47714,51.0,117.80369999999999
sequence_47755,100.0,sequence_47725,57.0,196.53400000000002
sequence_47755,100.0,sequence_47669,32.0,282.8061
sequence_47755,100.0,sequence_47668,48.0,245.69529999999997
sequence_47755,100.0,sequence_47670,97.0,145.6207
sequence_47755,100.0,sequence_47665,50.0,143.5838
sequence_47755,100.0,sequence_47661,52.0,133.9301
sequence_47755,100.0,sequence_47667,86.0,309.02320000000003
sequence_47755,100.0,sequence_47726,120.0,293.6269
sequence_47755,100.0,sequence_47734,110.0,303.2806
sequence_47755,100.0,sequence_47811,24.0,352.7425
sequence_47755,100.0,sequence_47662,28.0,320.4876
sequence_47755,100.0,sequence_47731,32.0,256.8389
sequence_47755,100.0,sequence_47733,25.0,156.7643
sequence_47755,100.0,sequence_47732,30.0,273.25440000000003
sequence_47755,100.0,sequence_47746,94.0,176.0649
sequence_47755,100.0,sequence_47754,70.0,100.0746
sequence_47755,100.0,sequence_47753,74.0,21.344299999999997
sequence_47755,100.0,sequence_47740,158.0,83.06110000000001
sequence_47755,100.0,sequence_47742,108.0,65.098
sequence_47755,100.0,sequence_47715,101.0,91.4117
sequence_47755,100.0,sequence_47718,81.0,85.66229999999999
sequence_47755,100.0,sequence_47717,66.0,240.3829
sequence_47755,100.0,sequence_47720,80.0,345.1824
sequence_47755,100.0,sequence_47716,84.0,157.93079999999998
sequence_47755,100.0,sequence_47719,66.0,328.76689999999996
sequence_47755,100.0,sequence_47723,69.0,159.4232
sequence_47755,100.0,sequence_47722,75.0,85.66229999999999
sequence_47755,100.0,sequence_47674,38.0,83.9546
sequence_47755,100.0,sequence_47676,56.0,131.6126
sequence_47755,100.0,sequence_47711,57.0,137.3665
sequence_47755,100.0,sequence_47739,35.0,65.098
sequence_47755,100.0,sequence_47735,55.0,181.5881
sequence_47755,100.0,sequence_47793,16.0,184.6055
sequence_47755,100.0,sequence_47801,4.0,165.59769999999997
sequence_47755,100.0,sequence_47805,22.0,183.712
sequence_47755,100.0,sequence_47802,4.0,159.8483
sequence_47755,100.0,sequence_47794,18.0,179.74960000000002
sequence_47755,100.0,sequence_47728,12.0,128.4869
sequence_47755,100.0,sequence_47808,4.0,266.0883
sequence_47755,100.0,sequence_47792,12.0,218.5256
sequence_47755,100.0,sequence_47791,4.0,132.5711
sequence_47755,100.0,sequence_47788,5.0,160.7418
sequence_47755,100.0,sequence_47729,34.0,180.5213
sequence_47755,100.0,sequence_47809,10.0,318.1227
sequence_47755,100.0,sequence_47737,27.0,280.1184
sequence_47755,100.0,sequence_47810,5.57,183.51829999999998
sequence_47755,100.0,sequence_47766,4.19,178.3023
sequence_47755,100.0,sequence_47736,19.0,228.084
sequence_47746,94.0,sequence_47787,5.0,342.5561
sequence_47746,94.0,sequence_47684,23.0,354.1734
sequence_47746,94.0,sequence_47789,10.0,384.4647
sequence_47746,94.0,sequence_47790,9.0,388.5405999999999
sequence_47746,94.0,sequence_47781,12.0,251.3347
sequence_47746,94.0,sequence_47777,11.0,257.2759
sequence_47746,94.0,sequence_47779,11.0,257.2759
sequence_47746,94.0,sequence_47784,21.0,379.5154
sequence_47746,94.0,sequence_47786,18.0,335.29380000000003
sequence_47746,94.0,sequence_47782,17.0,335.29380000000003
sequence_47746,94.0,sequence_47772,12.0,304.55179999999996
sequence_47746,94.0,sequence_47795,7.0,432.73249999999996
sequence_47746,94.0,sequence_47776,9.0,447.5818
sequence_47746,94.0,sequence_47685,24.0,348.424
sequence_47746,94.0,sequence_47679,44.0,268.8932
sequence_47746,94.0,sequence_47695,52.0,353.2799
sequence_47746,94.0,sequence_47710,43.0,390.3907
sequence_47746,94.0,sequence_47686,22.0,396.082
sequence_47746,94.0,sequence_47778,26.0,299.18449999999996
sequence_47746,94.0,sequence_47780,23.0,299.1845
sequence_47746,94.0,sequence_47785,25.0,330.3541
sequence_47746,94.0,sequence_47803,12.0,383.5712
sequence_47746,94.0,sequence_47663,36.0,330.3675
sequence_47746,94.0,sequence_47757,36.0,324.6181
sequence_47746,94.0,sequence_47783,24.5,522.3192
sequence_47746,94.0,sequence_47796,20.0,353.2017
sequence_47746,94.0,sequence_47750,25.0,249.65449999999998
sequence_47746,94.0,sequence_47760,26.0,509.1746
sequence_47746,94.0,sequence_47773,19.0,346.46039999999994
sequence_47746,94.0,sequence_47768,17.0,219.2716
sequence_47746,94.0,sequence_47771,18.0,288.44550000000004
sequence_47746,94.0,sequence_47681,44.0,263.1438
sequence_47746,94.0,sequence_47696,47.0,347.53049999999996
sequence_47746,94.0,sequence_47680,73.0,417.86440000000005
sequence_47746,94.0,sequence_47673,65.5,230.8889
sequence_47746,94.0,sequence_47700,65.0,516.9489000000001
sequence_47746,94.0,sequence_47689,52.0,390.23920000000004
sequence_47746,94.0,sequence_47683,75.0,161.8306
sequence_47746,94.0,sequence_47697,55.5,395.1885
sequence_47746,94.0,sequence_47678,37.0,358.07769999999994
sequence_47746,94.0,sequence_47682,53.0,310.80179999999996
sequence_47746,94.0,sequence_47724,48.0,344.3618
sequence_47746,94.0,sequence_47806,73.0,547.2402
sequence_47746,94.0,sequence_47807,42.0,415.9008
sequence_47746,94.0,sequence_47804,23.0,304.0404
sequence_47746,94.0,sequence_47800,20.0,292.3498
sequence_47746,94.0,sequence_47799,24.0,298.291
sequence_47746,94.0,sequence_47664,32.0,324.6181
sequence_47746,94.0,sequence_47666,69.0,435.39320000000004
sequence_47746,94.0,sequence_47671,36.0,329.47400000000005
sequence_47746,94.0,sequence_47727,45.0,484.31489999999997
sequence_47746,94.0,sequence_47756,37.0,467.4219
sequence_47746,94.0,sequence_47775,23.0,627.3449
sequence_47746,94.0,sequence_47730,35.0,315.1974
sequence_47746,94.0,sequence_47758,22.0,298.30440000000004
sequence_47746,94.0,sequence_47797,27.0,463.9424
sequence_47746,94.0,sequence_47798,23.0,379.5154
sequence_47746,94.0,sequence_47751,34.0,243.90509999999998
sequence_47746,94.0,sequence_47741,102.0,164.3743
sequence_47746,94.0,sequence_47743,63.0,282.1557
sequence_47746,94.0,sequence_47752,67.0,248.32889999999998
sequence_47746,94.0,sequence_47745,83.0,5.7494
sequence_47746,94.0,sequence_47747,72.0,127.16829999999999
sequence_47746,94.0,sequence_47748,79.0,143.58380000000002
sequence_47746,94.0,sequence_47749,81.0,52.5139
sequence_47746,94.0,sequence_47744,69.0,93.6083
sequence_47746,94.0,sequence_47721,40.0,317.87679999999995
sequence_47746,94.0,sequence_47759,36.0,316.9833
sequence_47746,94.0,sequence_47774,21.0,266.92959999999994
sequence_47746,94.0,sequence_47770,25.0,190.41420000000002
sequence_47746,94.0,sequence_47713,51.0,185.7186
sequence_47746,94.0,sequence_47738,55.0,164.3743
sequence_47746,94.0,sequence_47769,25.0,261.1802
sequence_47746,94.0,sequence_47702,69.0,511.19950000000006
sequence_47746,94.0,sequence_47672,76.0,269.08500000000004
sequence_47746,94.0,sequence_47705,71.0,406.1738
sequence_47746,94.0,sequence_47694,51.0,512.6705
sequence_47746,94.0,sequence_47691,40.0,267.9997
sequence_47746,94.0,sequence_47701,63.0,665.9201
sequence_47746,94.0,sequence_47706,77.0,534.5807
sequence_47746,94.0,sequence_47675,57.0,453.621
sequence_47746,94.0,sequence_47698,56.0,267.99969999999996
sequence_47746,94.0,sequence_47688,90.0,437.8972
sequence_47746,94.0,sequence_47704,98.0,409.8863
sequence_47746,94.0,sequence_47708,111.0,278.5469
sequence_47746,94.0,sequence_47709,119.0,147.20749999999998
sequence_47746,94.0,sequence_47677,103.0,123.82629999999999
sequence_47746,94.0,sequence_47692,87.5,315.65770000000003
sequence_47746,94.0,sequence_47703,95.0,558.8575000000001
sequence_47746,94.0,sequence_47707,79.0,427.5181
sequence_47746,94.0,sequence_47762,127.0,542.0378
sequence_47746,94.0,sequence_47765,118.0,685.0677999999999
sequence_47746,94.0,sequence_47767,105.0,630.4218
sequence_47746,94.0,sequence_47812,121.0,530.3471999999999
sequence_47746,94.0,sequence_47761,120.0,536.0966
sequence_47746,94.0,sequence_47764,118.0,551.6915
sequence_47746,94.0,sequence_47763,122.0,602.6157
sequence_47746,94.0,sequence_47699,62.0,315.6577
sequence_47746,94.0,sequence_47687,92.0,387.9262
sequence_47746,94.0,sequence_47693,64.0,160.9371
sequence_47746,94.0,sequence_47690,63.0,432.1478000000001
sequence_47746,94.0,sequence_47712,49.0,321.41159999999996
sequence_47746,94.0,sequence_47714,51.0,270.4874
sequence_47746,94.0,sequence_47725,57.0,349.2177
sequence_47746,94.0,sequence_47669,32.0,435.48980000000006
sequence_47746,94.0,sequence_47668,48.0,398.379
sequence_47746,94.0,sequence_47670,97.0,298.30440000000004
sequence_47746,94.0,sequence_47665,50.0,296.26750000000004
sequence_47746,94.0,sequence_47661,52.0,286.6138
sequence_47746,94.0,sequence_47667,86.0,461.7069
sequence_47746,94.0,sequence_47726,120.0,446.3106
sequence_47746,94.0,sequence_47734,110.0,455.9643
sequence_47746,94.0,sequence_47811,24.0,505.4262
sequence_47746,94.0,sequence_47662,28.0,473.1713
sequence_47746,94.0,sequence_47731,32.0,409.5226
sequence_47746,94.0,sequence_47733,25.0,309.44800000000004
sequence_47746,94.0,sequence_47732,30.0,425.9381
sequence_47746,94.0,sequence_47755,100.0,176.0649
sequence_47746,94.0,sequence_47754,70.0,276.1395
sequence_47746,94.0,sequence_47753,74.0,154.7206
sequence_47746,94.0,sequence_47740,158.0,224.24600000000004
sequence_47746,94.0,sequence_47742,108.0,206.2829
sequence_47746,94.0,sequence_47715,101.0,232.59660000000002
sequence_47746,94.0,sequence_47718,81.0,238.346
sequence_47746,94.0,sequence_47717,66.0,350.378
sequence_47746,94.0,sequence_47720,80.0,211.80610000000001
sequence_47746,94.0,sequence_47716,84.0,310.61449999999996
sequence_47746,94.0,sequence_47719,66.0,195.39059999999995
sequence_47746,94.0,sequence_47723,69.0,312.1069
sequence_47746,94.0,sequence_47722,75.0,238.34599999999995
sequence_47746,94.0,sequence_47674,38.0,225.1395
sequence_47746,94.0,sequence_47676,56.0,272.7975
sequence_47746,94.0,sequence_47711,57.0,278.5514
sequence_47746,94.0,sequence_47739,35.0,206.28289999999998
sequence_47746,94.0,sequence_47735,55.0,322.773
sequence_47746,94.0,sequence_47793,16.0,360.6704
sequence_47746,94.0,sequence_47801,4.0,341.6626
sequence_47746,94.0,sequence_47805,22.0,359.7769
sequence_47746,94.0,sequence_47802,4.0,335.91319999999996
sequence_47746,94.0,sequence_47794,18.0,355.81449999999995
sequence_47746,94.0,sequence_47728,12.0,304.55179999999996
sequence_47746,94.0,sequence_47808,4.0,442.15319999999997
sequence_47746,94.0,sequence_47792,12.0,394.5905
sequence_47746,94.0,sequence_47791,4.0,308.63599999999997
sequence_47746,94.0,sequence_47788,5.0,336.8067
sequence_47746,94.0,sequence_47729,34.0,356.58619999999996
sequence_47746,94.0,sequence_47809,10.0,494.1876
sequence_47746,94.0,sequence_47737,27.0,456.18330000000003
sequence_47746,94.0,sequence_47810,5.57,359.5832
sequence_47746,94.0,sequence_47766,4.19,354.36719999999997
sequence_47746,94.0,sequence_47736,19.0,404.1489
sequence_47754,70.0,sequence_47787,5.0,198.7256
sequence_47754,70.0,sequence_47684,23.0,210.3429
sequence_47754,70.0,sequence_47789,10.0,240.6342
sequence_47754,70.0,sequence_47790,9.0,244.7101
sequence_47754,70.0,sequence_47781,12.0,222.1068
sequence_47754,70.0,sequence_47777,11.0,216.16559999999998
sequence_47754,70.0,sequence_47779,11.0,216.16559999999998
sequence_47754,70.0,sequence_47784,21.0,126.75710000000001
sequence_47754,70.0,sequence_47786,18.0,282.6847
sequence_47754,70.0,sequence_47782,17.0,138.14770000000001
sequence_47754,70.0,sequence_47772,12.0,160.72129999999999
sequence_47754,70.0,sequence_47795,7.0,288.902
sequence_47754,70.0,sequence_47776,9.0,303.7513
sequence_47754,70.0,sequence_47685,24.0,204.5935
sequence_47754,70.0,sequence_47679,44.0,227.78289999999998
sequence_47754,70.0,sequence_47695,52.0,209.44939999999997
sequence_47754,70.0,sequence_47710,43.0,246.56019999999998
sequence_47754,70.0,sequence_47686,22.0,252.2515
sequence_47754,70.0,sequence_47778,26.0,258.0742
sequence_47754,70.0,sequence_47780,23.0,258.0742
sequence_47754,70.0,sequence_47785,25.0,226.9046
sequence_47754,70.0,sequence_47803,12.0,239.7407
sequence_47754,70.0,sequence_47663,36.0,77.60920000000002
sequence_47754,70.0,sequence_47757,36.0,71.8598
sequence_47754,70.0,sequence_47783,24.5,269.56090000000006
sequence_47754,70.0,sequence_47796,20.0,100.44340000000003
sequence_47754,70.0,sequence_47750,25.0,105.82399999999998
sequence_47754,70.0,sequence_47760,26.0,365.3441
sequence_47754,70.0,sequence_47773,19.0,202.6299
sequence_47754,70.0,sequence_47768,17.0,178.16129999999998
sequence_47754,70.0,sequence_47771,18.0,161.6148
sequence_47754,70.0,sequence_47681,44.0,222.0335
sequence_47754,70.0,sequence_47696,47.0,203.7
sequence_47754,70.0,sequence_47680,73.0,376.7541
sequence_47754,70.0,sequence_47673,65.5,189.77859999999998
sequence_47754,70.0,sequence_47700,65.0,475.83860000000004
sequence_47754,70.0,sequence_47689,52.0,137.48090000000002
sequence_47754,70.0,sequence_47683,75.0,418.6627
sequence_47754,70.0,sequence_47697,55.5,251.358
sequence_47754,70.0,sequence_47678,37.0,214.2472
sequence_47754,70.0,sequence_47682,53.0,269.6915
sequence_47754,70.0,sequence_47724,48.0,303.25149999999996
sequence_47754,70.0,sequence_47806,73.0,506.12989999999996
sequence_47754,70.0,sequence_47807,42.0,374.79049999999995
sequence_47754,70.0,sequence_47804,23.0,251.43130000000002
sequence_47754,70.0,sequence_47800,20.0,263.1219
sequence_47754,70.0,sequence_47799,24.0,257.1807
sequence_47754,70.0,sequence_47664,32.0,71.8598
sequence_47754,70.0,sequence_47666,69.0,182.63490000000002
sequence_47754,70.0,sequence_47671,36.0,76.71570000000001
sequence_47754,70.0,sequence_47727,45.0,231.55660000000003
sequence_47754,70.0,sequence_47756,37.0,214.66360000000003
sequence_47754,70.0,sequence_47775,23.0,374.58660000000003
sequence_47754,70.0,sequence_47730,35.0,62.43910000000002
sequence_47754,70.0,sequence_47758,22.0,45.54610000000002
sequence_47754,70.0,sequence_47797,27.0,211.1841
sequence_47754,70.0,sequence_47798,23.0,126.75710000000001
sequence_47754,70.0,sequence_47751,34.0,100.0746
sequence_47754,70.0,sequence_47741,102.0,123.264
sequence_47754,70.0,sequence_47743,63.0,272.2352
sequence_47754,70.0,sequence_47752,67.0,39.3094
sequence_47754,70.0,sequence_47745,83.0,281.8889
sequence_47754,70.0,sequence_47747,72.0,160.47
sequence_47754,70.0,sequence_47748,79.0,176.8855
sequence_47754,70.0,sequence_47749,81.0,235.12439999999998
sequence_47754,70.0,sequence_47744,69.0,194.02999999999997
sequence_47754,70.0,sequence_47721,40.0,174.04629999999997
sequence_47754,70.0,sequence_47759,36.0,173.15279999999998
sequence_47754,70.0,sequence_47774,21.0,214.3205
sequence_47754,70.0,sequence_47770,25.0,290.8358999999999
sequence_47754,70.0,sequence_47713,51.0,144.60829999999999
sequence_47754,70.0,sequence_47738,55.0,123.26399999999998
sequence_47754,70.0,sequence_47769,25.0,220.0699
sequence_47754,70.0,sequence_47702,69.0,470.0892
sequence_47754,70.0,sequence_47672,76.0,227.97469999999998
sequence_47754,70.0,sequence_47705,71.0,365.0635
sequence_47754,70.0,sequence_47694,51.0,236.531
sequence_47754,70.0,sequence_47691,40.0,215.3906
sequence_47754,70.0,sequence_47701,63.0,624.8098
sequence_47754,70.0,sequence_47706,77.0,493.4704
sequence_47754,70.0,sequence_47675,57.0,412.51069999999993
sequence_47754,70.0,sequence_47698,56.0,215.3906
sequence_47754,70.0,sequence_47688,90.0,185.13890000000004
sequence_47754,70.0,sequence_47704,98.0,666.7184
sequence_47754,70.0,sequence_47708,111.0,535.3789999999999
sequence_47754,70.0,sequence_47709,119.0,404.03959999999995
sequence_47754,70.0,sequence_47677,103.0,380.6583999999999
sequence_47754,70.0,sequence_47692,87.5,263.0486
sequence_47754,70.0,sequence_47703,95.0,517.7472
sequence_47754,70.0,sequence_47707,79.0,386.4078
sequence_47754,70.0,sequence_47762,127.0,500.92749999999995
sequence_47754,70.0,sequence_47765,118.0,643.9575
sequence_47754,70.0,sequence_47767,105.0,589.3115
sequence_47754,70.0,sequence_47812,121.0,489.2369
sequence_47754,70.0,sequence_47761,120.0,494.98629999999997
sequence_47754,70.0,sequence_47764,118.0,510.5812
sequence_47754,70.0,sequence_47763,122.0,561.5054
sequence_47754,70.0,sequence_47699,62.0,263.0486
sequence_47754,70.0,sequence_47687,92.0,190.7801
sequence_47754,70.0,sequence_47693,64.0,417.76919999999996
sequence_47754,70.0,sequence_47690,63.0,179.3895
sequence_47754,70.0,sequence_47712,49.0,268.8025
sequence_47754,70.0,sequence_47714,51.0,217.8783
sequence_47754,70.0,sequence_47725,57.0,296.6086
sequence_47754,70.0,sequence_47669,32.0,182.73149999999998
sequence_47754,70.0,sequence_47668,48.0,145.6207
sequence_47754,70.0,sequence_47670,97.0,45.54610000000001
sequence_47754,70.0,sequence_47665,50.0,43.50920000000001
sequence_47754,70.0,sequence_47661,52.0,33.85550000000001
sequence_47754,70.0,sequence_47667,86.0,208.94860000000003
sequence_47754,70.0,sequence_47726,120.0,193.55230000000003
sequence_47754,70.0,sequence_47734,110.0,203.20600000000002
sequence_47754,70.0,sequence_47811,24.0,252.66790000000003
sequence_47754,70.0,sequence_47662,28.0,220.41300000000004
sequence_47754,70.0,sequence_47731,32.0,156.7643
sequence_47754,70.0,sequence_47733,25.0,56.689700000000016
sequence_47754,70.0,sequence_47732,30.0,173.1798
sequence_47754,70.0,sequence_47755,100.0,100.0746
sequence_47754,70.0,sequence_47746,94.0,276.1395
sequence_47754,70.0,sequence_47753,74.0,121.4189
sequence_47754,70.0,sequence_47740,158.0,183.1357
sequence_47754,70.0,sequence_47742,108.0,165.1726
sequence_47754,70.0,sequence_47715,101.0,191.48629999999997
sequence_47754,70.0,sequence_47718,81.0,185.7369
sequence_47754,70.0,sequence_47717,66.0,340.4575
sequence_47754,70.0,sequence_47720,80.0,245.1078
sequence_47754,70.0,sequence_47716,84.0,113.46839999999999
sequence_47754,70.0,sequence_47719,66.0,228.6923
sequence_47754,70.0,sequence_47723,69.0,259.4978
sequence_47754,70.0,sequence_47722,75.0,185.7369
sequence_47754,70.0,sequence_47674,38.0,184.0292
sequence_47754,70.0,sequence_47676,56.0,231.6872
sequence_47754,70.0,sequence_47711,57.0,237.4411
sequence_47754,70.0,sequence_47739,35.0,165.1726
sequence_47754,70.0,sequence_47735,55.0,281.6627
sequence_47754,70.0,sequence_47793,16.0,284.68010000000004
sequence_47754,70.0,sequence_47801,4.0,197.83209999999997
sequence_47754,70.0,sequence_47805,22.0,283.7866
sequence_47754,70.0,sequence_47802,4.0,192.0827
sequence_47754,70.0,sequence_47794,18.0,279.8242
sequence_47754,70.0,sequence_47728,12.0,160.72129999999999
sequence_47754,70.0,sequence_47808,4.0,298.3227
sequence_47754,70.0,sequence_47792,12.0,250.76000000000002
sequence_47754,70.0,sequence_47791,4.0,232.6457
sequence_47754,70.0,sequence_47788,5.0,192.9762
sequence_47754,70.0,sequence_47729,34.0,212.75570000000002
sequence_47754,70.0,sequence_47809,10.0,350.35710000000006
sequence_47754,70.0,sequence_47737,27.0,312.3528
sequence_47754,70.0,sequence_47810,5.57,215.75269999999998
sequence_47754,70.0,sequence_47766,4.19,210.5367
sequence_47754,70.0,sequence_47736,19.0,260.3184
sequence_47753,74.0,sequence_47787,5.0,187.8355
sequence_47753,74.0,sequence_47684,23.0,199.4528
sequence_47753,74.0,sequence_47789,10.0,229.7441
sequence_47753,74.0,sequence_47790,9.0,233.82
sequence_47753,74.0,sequence_47781,12.0,119.9953
sequence_47753,74.0,sequence_47777,11.0,114.0541
sequence_47753,74.0,sequence_47779,11.0,125.9365
sequence_47753,74.0,sequence_47784,21.0,248.17600000000002
sequence_47753,74.0,sequence_47786,18.0,180.57319999999999
sequence_47753,74.0,sequence_47782,17.0,203.9544
sequence_47753,74.0,sequence_47772,12.0,149.8312
sequence_47753,74.0,sequence_47795,7.0,278.01189999999997
sequence_47753,74.0,sequence_47776,9.0,292.8612
sequence_47753,74.0,sequence_47685,24.0,193.7034
sequence_47753,74.0,sequence_47679,44.0,125.6714
sequence_47753,74.0,sequence_47695,52.0,198.5593
sequence_47753,74.0,sequence_47710,43.0,235.6701
sequence_47753,74.0,sequence_47686,22.0,241.3614
sequence_47753,74.0,sequence_47778,26.0,155.96269999999998
sequence_47753,74.0,sequence_47780,23.0,167.8451
sequence_47753,74.0,sequence_47785,25.0,199.0147
sequence_47753,74.0,sequence_47803,12.0,228.8506
sequence_47753,74.0,sequence_47663,36.0,199.02810000000002
sequence_47753,74.0,sequence_47757,36.0,193.27870000000001
sequence_47753,74.0,sequence_47783,24.5,390.97980000000007
sequence_47753,74.0,sequence_47796,20.0,221.8623
sequence_47753,74.0,sequence_47750,25.0,94.9339
sequence_47753,74.0,sequence_47760,26.0,354.454
sequence_47753,74.0,sequence_47773,19.0,191.7398
sequence_47753,74.0,sequence_47768,17.0,76.0498
sequence_47753,74.0,sequence_47771,18.0,133.7249
sequence_47753,74.0,sequence_47681,44.0,119.922
sequence_47753,74.0,sequence_47696,47.0,192.80989999999997
sequence_47753,74.0,sequence_47680,73.0,274.6426
sequence_47753,74.0,sequence_47673,65.5,87.6671
sequence_47753,74.0,sequence_47700,65.0,373.7271
sequence_47753,74.0,sequence_47689,52.0,258.8998
sequence_47753,74.0,sequence_47683,75.0,316.5512
sequence_47753,74.0,sequence_47697,55.5,240.4679
sequence_47753,74.0,sequence_47678,37.0,203.3571
sequence_47753,74.0,sequence_47682,53.0,167.57999999999998
sequence_47753,74.0,sequence_47724,48.0,201.14
sequence_47753,74.0,sequence_47806,73.0,404.0184
sequence_47753,74.0,sequence_47807,42.0,272.679
sequence_47753,74.0,sequence_47804,23.0,149.3198
sequence_47753,74.0,sequence_47800,20.0,161.0104
sequence_47753,74.0,sequence_47799,24.0,166.95159999999998
sequence_47753,74.0,sequence_47664,32.0,193.27870000000001
sequence_47753,74.0,sequence_47666,69.0,304.0538
sequence_47753,74.0,sequence_47671,36.0,198.1346
sequence_47753,74.0,sequence_47727,45.0,352.9755
sequence_47753,74.0,sequence_47756,37.0,336.08250000000004
sequence_47753,74.0,sequence_47775,23.0,496.00550000000004
sequence_47753,74.0,sequence_47730,35.0,183.858
sequence_47753,74.0,sequence_47758,22.0,166.965
sequence_47753,74.0,sequence_47797,27.0,332.603
sequence_47753,74.0,sequence_47798,23.0,248.17600000000004
sequence_47753,74.0,sequence_47751,34.0,89.18449999999999
sequence_47753,74.0,sequence_47741,102.0,33.0349
sequence_47753,74.0,sequence_47743,63.0,150.81629999999998
sequence_47753,74.0,sequence_47752,67.0,93.6083
sequence_47753,74.0,sequence_47745,83.0,160.47
sequence_47753,74.0,sequence_47747,72.0,281.8889
sequence_47753,74.0,sequence_47748,79.0,298.3044
sequence_47753,74.0,sequence_47749,81.0,207.2345
sequence_47753,74.0,sequence_47744,69.0,248.32889999999998
sequence_47753,74.0,sequence_47721,40.0,163.1562
sequence_47753,74.0,sequence_47759,36.0,162.2627
sequence_47753,74.0,sequence_47774,21.0,112.20899999999999
sequence_47753,74.0,sequence_47770,25.0,345.1347999999999
sequence_47753,74.0,sequence_47713,51.0,42.49679999999999
sequence_47753,74.0,sequence_47738,55.0,21.152499999999996
sequence_47753,74.0,sequence_47769,25.0,117.9584
sequence_47753,74.0,sequence_47702,69.0,367.9777
sequence_47753,74.0,sequence_47672,76.0,125.8632
sequence_47753,74.0,sequence_47705,71.0,262.952
sequence_47753,74.0,sequence_47694,51.0,357.9499
sequence_47753,74.0,sequence_47691,40.0,136.6603
sequence_47753,74.0,sequence_47701,63.0,522.6983
sequence_47753,74.0,sequence_47706,77.0,391.3589
sequence_47753,74.0,sequence_47675,57.0,310.39919999999995
sequence_47753,74.0,sequence_47698,56.0,113.2791
sequence_47753,74.0,sequence_47688,90.0,306.55780000000004
sequence_47753,74.0,sequence_47704,98.0,564.6069
sequence_47753,74.0,sequence_47708,111.0,433.2675
sequence_47753,74.0,sequence_47709,119.0,301.9281
sequence_47753,74.0,sequence_47677,103.0,278.54689999999994
sequence_47753,74.0,sequence_47692,87.5,184.3183
sequence_47753,74.0,sequence_47703,95.0,415.63570000000004
sequence_47753,74.0,sequence_47707,79.0,284.29630000000003
sequence_47753,74.0,sequence_47762,127.0,398.816
sequence_47753,74.0,sequence_47765,118.0,541.8459999999999
sequence_47753,74.0,sequence_47767,105.0,487.2
sequence_47753,74.0,sequence_47812,121.0,387.1254
sequence_47753,74.0,sequence_47761,120.0,392.8748
sequence_47753,74.0,sequence_47764,118.0,408.46970000000005
sequence_47753,74.0,sequence_47763,122.0,459.3939
sequence_47753,74.0,sequence_47699,62.0,160.9371
sequence_47753,74.0,sequence_47687,92.0,256.5868
sequence_47753,74.0,sequence_47693,64.0,315.6577
sequence_47753,74.0,sequence_47690,63.0,300.8084
sequence_47753,74.0,sequence_47712,49.0,166.69099999999997
sequence_47753,74.0,sequence_47714,51.0,115.76679999999999
sequence_47753,74.0,sequence_47725,57.0,194.4971
sequence_47753,74.0,sequence_47669,32.0,304.1504
sequence_47753,74.0,sequence_47668,48.0,267.0396
sequence_47753,74.0,sequence_47670,97.0,166.965
sequence_47753,74.0,sequence_47665,50.0,164.9281
sequence_47753,74.0,sequence_47661,52.0,155.2744
sequence_47753,74.0,sequence_47667,86.0,330.36750000000006
sequence_47753,74.0,sequence_47726,120.0,314.97120000000007
sequence_47753,74.0,sequence_47734,110.0,324.6249
sequence_47753,74.0,sequence_47811,24.0,374.08680000000004
sequence_47753,74.0,sequence_47662,28.0,341.8319
sequence_47753,74.0,sequence_47731,32.0,278.1832
sequence_47753,74.0,sequence_47733,25.0,178.10860000000002
sequence_47753,74.0,sequence_47732,30.0,294.5987
sequence_47753,74.0,sequence_47755,100.0,21.344299999999997
sequence_47753,74.0,sequence_47746,94.0,154.7206
sequence_47753,74.0,sequence_47754,70.0,121.4189
sequence_47753,74.0,sequence_47740,158.0,92.90660000000001
sequence_47753,74.0,sequence_47742,108.0,74.9435
sequence_47753,74.0,sequence_47715,101.0,101.2572
sequence_47753,74.0,sequence_47718,81.0,107.00659999999999
sequence_47753,74.0,sequence_47717,66.0,219.03859999999997
sequence_47753,74.0,sequence_47720,80.0,366.52669999999995
sequence_47753,74.0,sequence_47716,84.0,179.2751
sequence_47753,74.0,sequence_47719,66.0,350.11119999999994
sequence_47753,74.0,sequence_47723,69.0,157.3863
sequence_47753,74.0,sequence_47722,75.0,83.62539999999998
sequence_47753,74.0,sequence_47674,38.0,81.9177
sequence_47753,74.0,sequence_47676,56.0,129.57569999999998
sequence_47753,74.0,sequence_47711,57.0,135.3296
sequence_47753,74.0,sequence_47739,35.0,63.061099999999996
sequence_47753,74.0,sequence_47735,55.0,179.5512
sequence_47753,74.0,sequence_47793,16.0,205.9498
sequence_47753,74.0,sequence_47801,4.0,186.942
sequence_47753,74.0,sequence_47805,22.0,205.05630000000002
sequence_47753,74.0,sequence_47802,4.0,181.19259999999997
sequence_47753,74.0,sequence_47794,18.0,201.09390000000002
sequence_47753,74.0,sequence_47728,12.0,149.8312
sequence_47753,74.0,sequence_47808,4.0,287.4326
sequence_47753,74.0,sequence_47792,12.0,239.8699
sequence_47753,74.0,sequence_47791,4.0,153.9154
sequence_47753,74.0,sequence_47788,5.0,182.0861
sequence_47753,74.0,sequence_47729,34.0,201.8656
sequence_47753,74.0,sequence_47809,10.0,339.467
sequence_47753,74.0,sequence_47737,27.0,301.46270000000004
sequence_47753,74.0,sequence_47810,5.57,204.8626
sequence_47753,74.0,sequence_47766,4.19,199.64659999999998
sequence_47753,74.0,sequence_47736,19.0,249.4283
sequence_47740,158.0,sequence_47787,5.0,249.5523
sequence_47740,158.0,sequence_47684,23.0,261.1696
sequence_47740,158.0,sequence_47789,10.0,291.46090000000004
sequence_47740,158.0,sequence_47790,9.0,244.6964
sequence_47740,158.0,sequence_47781,12.0,170.2133
sequence_47740,158.0,sequence_47777,11.0,176.1545
sequence_47740,158.0,sequence_47779,11.0,164.27210000000002
sequence_47740,158.0,sequence_47784,21.0,286.51160000000004
sequence_47740,158.0,sequence_47786,18.0,254.1724
sequence_47740,158.0,sequence_47782,17.0,242.29
sequence_47740,158.0,sequence_47772,12.0,211.548
sequence_47740,158.0,sequence_47795,7.0,339.7287
sequence_47740,158.0,sequence_47776,9.0,354.578
sequence_47740,158.0,sequence_47685,24.0,255.4202
sequence_47740,158.0,sequence_47679,44.0,187.7718
sequence_47740,158.0,sequence_47695,52.0,260.2761
sequence_47740,158.0,sequence_47710,43.0,297.38689999999997
sequence_47740,158.0,sequence_47686,22.0,303.07820000000004
sequence_47740,158.0,sequence_47778,26.0,218.06310000000002
sequence_47740,158.0,sequence_47780,23.0,206.1807
sequence_47740,158.0,sequence_47785,25.0,237.3503
sequence_47740,158.0,sequence_47803,12.0,290.5674
sequence_47740,158.0,sequence_47663,36.0,237.36370000000002
sequence_47740,158.0,sequence_47757,36.0,231.61430000000001
sequence_47740,158.0,sequence_47783,24.5,378.475
sequence_47740,158.0,sequence_47796,20.0,260.1979
sequence_47740,158.0,sequence_47750,25.0,156.6507
sequence_47740,158.0,sequence_47760,26.0,416.1708
sequence_47740,158.0,sequence_47773,19.0,253.4566
sequence_47740,158.0,sequence_47768,17.0,138.1502
sequence_47740,158.0,sequence_47771,18.0,195.4417
sequence_47740,158.0,sequence_47681,44.0,182.0224
sequence_47740,158.0,sequence_47696,47.0,254.5267
sequence_47740,158.0,sequence_47680,73.0,336.743
sequence_47740,158.0,sequence_47673,65.5,149.7675
sequence_47740,158.0,sequence_47700,65.0,435.82750000000004
sequence_47740,158.0,sequence_47689,52.0,297.2354
sequence_47740,158.0,sequence_47683,75.0,366.76919999999996
sequence_47740,158.0,sequence_47697,55.5,302.1847
sequence_47740,158.0,sequence_47678,37.0,265.0739
sequence_47740,158.0,sequence_47682,53.0,229.68040000000002
sequence_47740,158.0,sequence_47724,48.0,263.2404
sequence_47740,158.0,sequence_47806,73.0,466.11879999999996
sequence_47740,158.0,sequence_47807,42.0,334.7794
sequence_47740,158.0,sequence_47804,23.0,222.91899999999998
sequence_47740,158.0,sequence_47800,20.0,211.22840000000002
sequence_47740,158.0,sequence_47799,24.0,205.28719999999998
sequence_47740,158.0,sequence_47664,32.0,231.61430000000004
sequence_47740,158.0,sequence_47666,69.0,342.3894
sequence_47740,158.0,sequence_47671,36.0,236.4702
sequence_47740,158.0,sequence_47727,45.0,340.47069999999997
sequence_47740,158.0,sequence_47756,37.0,323.5777
sequence_47740,158.0,sequence_47775,23.0,483.5007
sequence_47740,158.0,sequence_47730,35.0,222.1936
sequence_47740,158.0,sequence_47758,22.0,205.3006
sequence_47740,158.0,sequence_47797,27.0,320.0982
sequence_47740,158.0,sequence_47798,23.0,286.5116
sequence_47740,158.0,sequence_47751,34.0,150.9013
sequence_47740,158.0,sequence_47741,102.0,71.3705
sequence_47740,158.0,sequence_47743,63.0,220.3417
sequence_47740,158.0,sequence_47752,67.0,155.32510000000002
sequence_47740,158.0,sequence_47745,83.0,229.99540000000002
sequence_47740,158.0,sequence_47747,72.0,320.22450000000003
sequence_47740,158.0,sequence_47748,79.0,336.64
sequence_47740,158.0,sequence_47749,81.0,245.57010000000002
sequence_47740,158.0,sequence_47744,69.0,286.66450000000003
sequence_47740,158.0,sequence_47721,40.0,224.873
sequence_47740,158.0,sequence_47759,36.0,223.9795
sequence_47740,158.0,sequence_47774,21.0,185.8082
sequence_47740,158.0,sequence_47770,25.0,383.47040000000004
sequence_47740,158.0,sequence_47713,51.0,104.59720000000002
sequence_47740,158.0,sequence_47738,55.0,83.25290000000001
sequence_47740,158.0,sequence_47769,25.0,180.05880000000002
sequence_47740,158.0,sequence_47702,69.0,430.07810000000006
sequence_47740,158.0,sequence_47672,76.0,187.9636
sequence_47740,158.0,sequence_47705,71.0,325.05240000000003
sequence_47740,158.0,sequence_47694,51.0,419.6667
sequence_47740,158.0,sequence_47691,40.0,174.9959
sequence_47740,158.0,sequence_47701,63.0,584.7987
sequence_47740,158.0,sequence_47706,77.0,453.4593
sequence_47740,158.0,sequence_47675,57.0,292.0978
sequence_47740,158.0,sequence_47698,56.0,186.87830000000002
sequence_47740,158.0,sequence_47688,90.0,344.8934
sequence_47740,158.0,sequence_47704,98.0,614.8249000000001
sequence_47740,158.0,sequence_47708,111.0,483.4855
sequence_47740,158.0,sequence_47709,119.0,352.1461
sequence_47740,158.0,sequence_47677,103.0,328.7649
sequence_47740,158.0,sequence_47692,87.5,222.65390000000002
sequence_47740,158.0,sequence_47703,95.0,477.7361000000001
sequence_47740,158.0,sequence_47707,79.0,346.3967
sequence_47740,158.0,sequence_47762,127.0,460.91639999999995
sequence_47740,158.0,sequence_47765,118.0,603.9463999999999
sequence_47740,158.0,sequence_47767,105.0,549.3004
sequence_47740,158.0,sequence_47812,121.0,449.22580000000005
sequence_47740,158.0,sequence_47761,120.0,454.9752
sequence_47740,158.0,sequence_47764,118.0,470.5701
sequence_47740,158.0,sequence_47763,122.0,521.4943
sequence_47740,158.0,sequence_47699,62.0,234.53629999999998
sequence_47740,158.0,sequence_47687,92.0,294.9224
sequence_47740,158.0,sequence_47693,64.0,365.8757
sequence_47740,158.0,sequence_47690,63.0,339.144
sequence_47740,158.0,sequence_47712,49.0,240.2902
sequence_47740,158.0,sequence_47714,51.0,189.36599999999999
sequence_47740,158.0,sequence_47725,57.0,268.09630000000004
sequence_47740,158.0,sequence_47669,32.0,342.486
sequence_47740,158.0,sequence_47668,48.0,305.3752
sequence_47740,158.0,sequence_47670,97.0,205.30060000000003
sequence_47740,158.0,sequence_47665,50.0,203.26370000000003
sequence_47740,158.0,sequence_47661,52.0,193.61000000000004
sequence_47740,158.0,sequence_47667,86.0,368.7031
sequence_47740,158.0,sequence_47726,120.0,302.4664
sequence_47740,158.0,sequence_47734,110.0,312.1201
sequence_47740,158.0,sequence_47811,24.0,361.582
sequence_47740,158.0,sequence_47662,28.0,329.3271
sequence_47740,158.0,sequence_47731,32.0,265.6784
sequence_47740,158.0,sequence_47733,25.0,216.44420000000002
sequence_47740,158.0,sequence_47732,30.0,282.0939
sequence_47740,158.0,sequence_47755,100.0,83.06110000000001
sequence_47740,158.0,sequence_47746,94.0,224.24600000000004
sequence_47740,158.0,sequence_47754,70.0,183.1357
sequence_47740,158.0,sequence_47753,74.0,92.90660000000001
sequence_47740,158.0,sequence_47742,108.0,113.2791
sequence_47740,158.0,sequence_47715,101.0,139.5928
sequence_47740,158.0,sequence_47718,81.0,145.3422
sequence_47740,158.0,sequence_47717,66.0,288.564
sequence_47740,158.0,sequence_47720,80.0,404.8623
sequence_47740,158.0,sequence_47716,84.0,217.6107
sequence_47740,158.0,sequence_47719,66.0,388.4468
sequence_47740,158.0,sequence_47723,69.0,230.9855
sequence_47740,158.0,sequence_47722,75.0,157.2246
sequence_47740,158.0,sequence_47674,38.0,144.0181
sequence_47740,158.0,sequence_47676,56.0,191.67610000000002
sequence_47740,158.0,sequence_47711,57.0,197.43
sequence_47740,158.0,sequence_47739,35.0,125.16150000000002
sequence_47740,158.0,sequence_47735,55.0,241.65160000000003
sequence_47740,158.0,sequence_47793,16.0,267.6666
sequence_47740,158.0,sequence_47801,4.0,248.65879999999999
sequence_47740,158.0,sequence_47805,22.0,266.7731
sequence_47740,158.0,sequence_47802,4.0,242.9094
sequence_47740,158.0,sequence_47794,18.0,262.8107
sequence_47740,158.0,sequence_47728,12.0,211.548
sequence_47740,158.0,sequence_47808,4.0,349.1494
sequence_47740,158.0,sequence_47792,12.0,301.5867
sequence_47740,158.0,sequence_47791,4.0,215.6322
sequence_47740,158.0,sequence_47788,5.0,243.8029
sequence_47740,158.0,sequence_47729,34.0,263.5824
sequence_47740,158.0,sequence_47809,10.0,401.1838
sequence_47740,158.0,sequence_47737,27.0,363.1795
sequence_47740,158.0,sequence_47810,5.57,266.57939999999996
sequence_47740,158.0,sequence_47766,4.19,261.3634
sequence_47740,158.0,sequence_47736,19.0,311.1451
sequence_47742,108.0,sequence_47787,5.0,220.0904
sequence_47742,108.0,sequence_47684,23.0,231.7077
sequence_47742,108.0,sequence_47789,10.0,178.1818
sequence_47742,108.0,sequence_47790,9.0,224.9463
sequence_47742,108.0,sequence_47781,12.0,140.7514
sequence_47742,108.0,sequence_47777,11.0,146.6926
sequence_47742,108.0,sequence_47779,11.0,134.8102
sequence_47742,108.0,sequence_47784,21.0,257.04970000000003
sequence_47742,108.0,sequence_47786,18.0,224.7105
sequence_47742,108.0,sequence_47782,17.0,212.8281
sequence_47742,108.0,sequence_47772,12.0,182.0861
sequence_47742,108.0,sequence_47795,7.0,310.2668
sequence_47742,108.0,sequence_47776,9.0,325.11609999999996
sequence_47742,108.0,sequence_47685,24.0,237.4571
sequence_47742,108.0,sequence_47679,44.0,158.3099
sequence_47742,108.0,sequence_47695,52.0,230.81419999999997
sequence_47742,108.0,sequence_47710,43.0,267.92499999999995
sequence_47742,108.0,sequence_47686,22.0,189.7991
sequence_47742,108.0,sequence_47778,26.0,104.784
sequence_47742,108.0,sequence_47780,23.0,92.9016
sequence_47742,108.0,sequence_47785,25.0,124.0712
sequence_47742,108.0,sequence_47803,12.0,177.2883
sequence_47742,108.0,sequence_47663,36.0,207.9018
sequence_47742,108.0,sequence_47757,36.0,202.1524
sequence_47742,108.0,sequence_47783,24.5,358.72490000000005
sequence_47742,108.0,sequence_47796,20.0,230.736
sequence_47742,108.0,sequence_47750,25.0,127.18879999999999
sequence_47742,108.0,sequence_47760,26.0,386.70889999999997
sequence_47742,108.0,sequence_47773,19.0,140.1775
sequence_47742,108.0,sequence_47768,17.0,108.6883
sequence_47742,108.0,sequence_47771,18.0,165.9798
sequence_47742,108.0,sequence_47681,44.0,164.0593
sequence_47742,108.0,sequence_47696,47.0,236.5636
sequence_47742,108.0,sequence_47680,73.0,276.0913
sequence_47742,108.0,sequence_47673,65.5,120.3056
sequence_47742,108.0,sequence_47700,65.0,406.36560000000003
sequence_47742,108.0,sequence_47689,52.0,267.7735
sequence_47742,108.0,sequence_47683,75.0,253.4901
sequence_47742,108.0,sequence_47697,55.5,188.9056
sequence_47742,108.0,sequence_47678,37.0,151.7948
sequence_47742,108.0,sequence_47682,53.0,116.4013
sequence_47742,108.0,sequence_47724,48.0,149.9613
sequence_47742,108.0,sequence_47806,73.0,352.8397
sequence_47742,108.0,sequence_47807,42.0,221.50029999999998
sequence_47742,108.0,sequence_47804,23.0,109.63990000000001
sequence_47742,108.0,sequence_47800,20.0,97.9493
sequence_47742,108.0,sequence_47799,24.0,92.0081
sequence_47742,108.0,sequence_47664,32.0,213.6512
sequence_47742,108.0,sequence_47666,69.0,312.9275
sequence_47742,108.0,sequence_47671,36.0,207.0083
sequence_47742,108.0,sequence_47727,45.0,320.7206
sequence_47742,108.0,sequence_47756,37.0,303.8276
sequence_47742,108.0,sequence_47775,23.0,463.7506
sequence_47742,108.0,sequence_47730,35.0,192.7317
sequence_47742,108.0,sequence_47758,22.0,175.8387
sequence_47742,108.0,sequence_47797,27.0,352.9755
sequence_47742,108.0,sequence_47798,23.0,204.4223
sequence_47742,108.0,sequence_47751,34.0,132.9382
sequence_47742,108.0,sequence_47741,102.0,41.90859999999999
sequence_47742,108.0,sequence_47743,63.0,190.8798
sequence_47742,108.0,sequence_47752,67.0,125.8632
sequence_47742,108.0,sequence_47745,83.0,200.5335
sequence_47742,108.0,sequence_47747,72.0,290.7626
sequence_47742,108.0,sequence_47748,79.0,307.17810000000003
sequence_47742,108.0,sequence_47749,81.0,216.1082
sequence_47742,108.0,sequence_47744,69.0,257.2026
sequence_47742,108.0,sequence_47721,40.0,111.5939
sequence_47742,108.0,sequence_47759,36.0,110.7004
sequence_47742,108.0,sequence_47774,21.0,72.5291
sequence_47742,108.0,sequence_47770,25.0,270.1913
sequence_47742,108.0,sequence_47713,51.0,75.1353
sequence_47742,108.0,sequence_47738,55.0,53.791
sequence_47742,108.0,sequence_47769,25.0,66.7797
sequence_47742,108.0,sequence_47702,69.0,412.115
sequence_47742,108.0,sequence_47672,76.0,170.00050000000002
sequence_47742,108.0,sequence_47705,71.0,307.0893
sequence_47742,108.0,sequence_47694,51.0,401.7036
sequence_47742,108.0,sequence_47691,40.0,157.0328
sequence_47742,108.0,sequence_47701,63.0,524.147
sequence_47742,108.0,sequence_47706,77.0,392.8076
sequence_47742,108.0,sequence_47675,57.0,311.8479
sequence_47742,108.0,sequence_47698,56.0,168.9152
sequence_47742,108.0,sequence_47688,90.0,262.8041
sequence_47742,108.0,sequence_47704,98.0,501.54580000000004
sequence_47742,108.0,sequence_47708,111.0,370.20640000000003
sequence_47742,108.0,sequence_47709,119.0,238.86700000000002
sequence_47742,108.0,sequence_47677,103.0,215.4858
sequence_47742,108.0,sequence_47692,87.5,109.3748
sequence_47742,108.0,sequence_47703,95.0,364.45700000000005
sequence_47742,108.0,sequence_47707,79.0,233.11760000000004
sequence_47742,108.0,sequence_47762,127.0,347.6373
sequence_47742,108.0,sequence_47765,118.0,490.66729999999995
sequence_47742,108.0,sequence_47767,105.0,436.0213
sequence_47742,108.0,sequence_47812,121.0,335.9467
sequence_47742,108.0,sequence_47761,120.0,341.6961
sequence_47742,108.0,sequence_47764,118.0,357.29100000000005
sequence_47742,108.0,sequence_47763,122.0,408.2152
sequence_47742,108.0,sequence_47699,62.0,121.25720000000001
sequence_47742,108.0,sequence_47687,92.0,181.6433
sequence_47742,108.0,sequence_47693,64.0,252.59660000000002
sequence_47742,108.0,sequence_47690,63.0,225.8649
sequence_47742,108.0,sequence_47712,49.0,127.0111
sequence_47742,108.0,sequence_47714,51.0,76.0869
sequence_47742,108.0,sequence_47725,57.0,154.8172
sequence_47742,108.0,sequence_47669,32.0,324.52289999999994
sequence_47742,108.0,sequence_47668,48.0,287.41209999999995
sequence_47742,108.0,sequence_47670,97.0,187.33749999999998
sequence_47742,108.0,sequence_47665,50.0,185.30059999999997
sequence_47742,108.0,sequence_47661,52.0,175.6469
sequence_47742,108.0,sequence_47667,86.0,286.6138
sequence_47742,108.0,sequence_47726,120.0,282.71630000000005
sequence_47742,108.0,sequence_47734,110.0,292.37
sequence_47742,108.0,sequence_47811,24.0,341.8319
sequence_47742,108.0,sequence_47662,28.0,309.577
sequence_47742,108.0,sequence_47731,32.0,298.5557
sequence_47742,108.0,sequence_47733,25.0,198.48109999999997
sequence_47742,108.0,sequence_47732,30.0,314.9712
sequence_47742,108.0,sequence_47755,100.0,65.098
sequence_47742,108.0,sequence_47746,94.0,206.2829
sequence_47742,108.0,sequence_47754,70.0,165.1726
sequence_47742,108.0,sequence_47753,74.0,74.9435
sequence_47742,108.0,sequence_47740,158.0,113.2791
sequence_47742,108.0,sequence_47715,101.0,26.313699999999997
sequence_47742,108.0,sequence_47718,81.0,32.0631
sequence_47742,108.0,sequence_47717,66.0,175.2849
sequence_47742,108.0,sequence_47720,80.0,291.5832
sequence_47742,108.0,sequence_47716,84.0,104.3316
sequence_47742,108.0,sequence_47719,66.0,275.16769999999997
sequence_47742,108.0,sequence_47723,69.0,117.7064
sequence_47742,108.0,sequence_47722,75.0,43.9455
sequence_47742,108.0,sequence_47674,38.0,126.055
sequence_47742,108.0,sequence_47676,56.0,78.397
sequence_47742,108.0,sequence_47711,57.0,84.15090000000001
sequence_47742,108.0,sequence_47739,35.0,11.882400000000004
sequence_47742,108.0,sequence_47735,55.0,128.3725
sequence_47742,108.0,sequence_47793,16.0,238.2047
sequence_47742,108.0,sequence_47801,4.0,219.19689999999997
sequence_47742,108.0,sequence_47805,22.0,237.31119999999999
sequence_47742,108.0,sequence_47802,4.0,224.9463
sequence_47742,108.0,sequence_47794,18.0,243.0606
sequence_47742,108.0,sequence_47728,12.0,182.0861
sequence_47742,108.0,sequence_47808,4.0,319.6875
sequence_47742,108.0,sequence_47792,12.0,272.12480000000005
sequence_47742,108.0,sequence_47791,4.0,186.1703
sequence_47742,108.0,sequence_47788,5.0,225.8398
sequence_47742,108.0,sequence_47729,34.0,234.12050000000002
sequence_47742,108.0,sequence_47809,10.0,371.7219
sequence_47742,108.0,sequence_47737,27.0,333.71760000000006
sequence_47742,108.0,sequence_47810,5.57,237.11749999999998
sequence_47742,108.0,sequence_47766,4.19,231.9015
sequence_47742,108.0,sequence_47736,19.0,281.6832
sequence_47715,101.0,sequence_47787,5.0,212.61809999999997
sequence_47715,101.0,sequence_47684,23.0,205.394
sequence_47715,101.0,sequence_47789,10.0,170.7095
sequence_47715,101.0,sequence_47790,9.0,217.474
sequence_47715,101.0,sequence_47781,12.0,133.2791
sequence_47715,101.0,sequence_47777,11.0,139.2203
sequence_47715,101.0,sequence_47779,11.0,127.33789999999999
sequence_47715,101.0,sequence_47784,21.0,249.5774
sequence_47715,101.0,sequence_47786,18.0,217.2382
sequence_47715,101.0,sequence_47782,17.0,205.3558
sequence_47715,101.0,sequence_47772,12.0,174.61379999999997
sequence_47715,101.0,sequence_47795,7.0,302.79449999999997
sequence_47715,101.0,sequence_47776,9.0,317.6438
sequence_47715,101.0,sequence_47685,24.0,211.14339999999999
sequence_47715,101.0,sequence_47679,44.0,131.9962
sequence_47715,101.0,sequence_47695,52.0,204.5005
sequence_47715,101.0,sequence_47710,43.0,241.61129999999997
sequence_47715,101.0,sequence_47686,22.0,163.48540000000003
sequence_47715,101.0,sequence_47778,26.0,97.3117
sequence_47715,101.0,sequence_47780,23.0,85.4293
sequence_47715,101.0,sequence_47785,25.0,116.5989
sequence_47715,101.0,sequence_47803,12.0,169.816
sequence_47715,101.0,sequence_47663,36.0,234.2155
sequence_47715,101.0,sequence_47757,36.0,228.46609999999998
sequence_47715,101.0,sequence_47783,24.5,351.25260000000003
sequence_47715,101.0,sequence_47796,20.0,223.2637
sequence_47715,101.0,sequence_47750,25.0,153.5025
sequence_47715,101.0,sequence_47760,26.0,360.3952
sequence_47715,101.0,sequence_47773,19.0,132.7052
sequence_47715,101.0,sequence_47768,17.0,101.216
sequence_47715,101.0,sequence_47771,18.0,158.5075
sequence_47715,101.0,sequence_47681,44.0,137.7456
sequence_47715,101.0,sequence_47696,47.0,210.2499
sequence_47715,101.0,sequence_47680,73.0,249.7776
sequence_47715,101.0,sequence_47673,65.5,93.9919
sequence_47715,101.0,sequence_47700,65.0,380.0519
sequence_47715,101.0,sequence_47689,52.0,241.4598
sequence_47715,101.0,sequence_47683,75.0,227.1764
sequence_47715,101.0,sequence_47697,55.5,162.5919
sequence_47715,101.0,sequence_47678,37.0,125.48110000000001
sequence_47715,101.0,sequence_47682,53.0,90.08760000000001
sequence_47715,101.0,sequence_47724,48.0,123.6476
sequence_47715,101.0,sequence_47806,73.0,345.36740000000003
sequence_47715,101.0,sequence_47807,42.0,214.02800000000002
sequence_47715,101.0,sequence_47804,23.0,102.1676
sequence_47715,101.0,sequence_47800,20.0,90.477
sequence_47715,101.0,sequence_47799,24.0,84.5358
sequence_47715,101.0,sequence_47664,32.0,239.96489999999997
sequence_47715,101.0,sequence_47666,69.0,339.2412
sequence_47715,101.0,sequence_47671,36.0,233.322
sequence_47715,101.0,sequence_47727,45.0,313.24830000000003
sequence_47715,101.0,sequence_47756,37.0,330.1413
sequence_47715,101.0,sequence_47775,23.0,456.27830000000006
sequence_47715,101.0,sequence_47730,35.0,185.2594
sequence_47715,101.0,sequence_47758,22.0,202.1524
sequence_47715,101.0,sequence_47797,27.0,345.5032
sequence_47715,101.0,sequence_47798,23.0,196.95000000000002
sequence_47715,101.0,sequence_47751,34.0,159.25189999999998
sequence_47715,101.0,sequence_47741,102.0,68.22229999999999
sequence_47715,101.0,sequence_47743,63.0,217.19349999999997
sequence_47715,101.0,sequence_47752,67.0,152.1769
sequence_47715,101.0,sequence_47745,83.0,226.8472
sequence_47715,101.0,sequence_47747,72.0,317.0763
sequence_47715,101.0,sequence_47748,79.0,333.4918
sequence_47715,101.0,sequence_47749,81.0,242.4219
sequence_47715,101.0,sequence_47744,69.0,283.5163
sequence_47715,101.0,sequence_47721,40.0,85.28020000000001
sequence_47715,101.0,sequence_47759,36.0,86.17370000000001
sequence_47715,101.0,sequence_47774,21.0,65.05680000000001
sequence_47715,101.0,sequence_47770,25.0,262.719
sequence_47715,101.0,sequence_47713,51.0,101.449
sequence_47715,101.0,sequence_47738,55.0,80.1047
sequence_47715,101.0,sequence_47769,25.0,59.3074
sequence_47715,101.0,sequence_47702,69.0,385.80129999999997
sequence_47715,101.0,sequence_47672,76.0,143.6868
sequence_47715,101.0,sequence_47705,71.0,280.7756
sequence_47715,101.0,sequence_47694,51.0,375.3899
sequence_47715,101.0,sequence_47691,40.0,130.7191
sequence_47715,101.0,sequence_47701,63.0,497.8333
sequence_47715,101.0,sequence_47706,77.0,366.4939
sequence_47715,101.0,sequence_47675,57.0,285.5342
sequence_47715,101.0,sequence_47698,56.0,142.6015
sequence_47715,101.0,sequence_47688,90.0,236.49040000000002
sequence_47715,101.0,sequence_47704,98.0,475.2321
sequence_47715,101.0,sequence_47708,111.0,343.8927
sequence_47715,101.0,sequence_47709,119.0,212.55330000000004
sequence_47715,101.0,sequence_47677,103.0,189.1721
sequence_47715,101.0,sequence_47692,87.5,83.0611
sequence_47715,101.0,sequence_47703,95.0,338.1433
sequence_47715,101.0,sequence_47707,79.0,206.8039
sequence_47715,101.0,sequence_47762,127.0,373.951
sequence_47715,101.0,sequence_47765,118.0,516.981
sequence_47715,101.0,sequence_47767,105.0,409.7076
sequence_47715,101.0,sequence_47812,121.0,362.2604
sequence_47715,101.0,sequence_47761,120.0,368.00980000000004
sequence_47715,101.0,sequence_47764,118.0,383.6047
sequence_47715,101.0,sequence_47763,122.0,381.90150000000006
sequence_47715,101.0,sequence_47699,62.0,94.9435
sequence_47715,101.0,sequence_47687,92.0,155.3296
sequence_47715,101.0,sequence_47693,64.0,226.2829
sequence_47715,101.0,sequence_47690,63.0,199.5512
sequence_47715,101.0,sequence_47712,49.0,100.69739999999999
sequence_47715,101.0,sequence_47714,51.0,102.4006
sequence_47715,101.0,sequence_47725,57.0,128.5035
sequence_47715,101.0,sequence_47669,32.0,350.8366
sequence_47715,101.0,sequence_47668,48.0,313.72579999999994
sequence_47715,101.0,sequence_47670,97.0,213.6512
sequence_47715,101.0,sequence_47665,50.0,211.61429999999996
sequence_47715,101.0,sequence_47661,52.0,201.96059999999997
sequence_47715,101.0,sequence_47667,86.0,312.9275
sequence_47715,101.0,sequence_47726,120.0,275.244
sequence_47715,101.0,sequence_47734,110.0,284.8977
sequence_47715,101.0,sequence_47811,24.0,368.1456
sequence_47715,101.0,sequence_47662,28.0,335.89070000000004
sequence_47715,101.0,sequence_47731,32.0,291.0834
sequence_47715,101.0,sequence_47733,25.0,191.00879999999998
sequence_47715,101.0,sequence_47732,30.0,307.49890000000005
sequence_47715,101.0,sequence_47755,100.0,91.4117
sequence_47715,101.0,sequence_47746,94.0,232.59660000000002
sequence_47715,101.0,sequence_47754,70.0,191.48629999999997
sequence_47715,101.0,sequence_47753,74.0,101.2572
sequence_47715,101.0,sequence_47740,158.0,139.5928
sequence_47715,101.0,sequence_47742,108.0,26.313699999999997
sequence_47715,101.0,sequence_47718,81.0,5.7494
sequence_47715,101.0,sequence_47717,66.0,148.9712
sequence_47715,101.0,sequence_47720,80.0,265.2695
sequence_47715,101.0,sequence_47716,84.0,78.0179
sequence_47715,101.0,sequence_47719,66.0,248.85399999999998
sequence_47715,101.0,sequence_47723,69.0,91.39269999999999
sequence_47715,101.0,sequence_47722,75.0,17.631800000000005
sequence_47715,101.0,sequence_47674,38.0,99.7413
sequence_47715,101.0,sequence_47676,56.0,52.08330000000001
sequence_47715,101.0,sequence_47711,57.0,57.8372
sequence_47715,101.0,sequence_47739,35.0,38.1961
sequence_47715,101.0,sequence_47735,55.0,102.0588
sequence_47715,101.0,sequence_47793,16.0,230.73239999999998
sequence_47715,101.0,sequence_47801,4.0,211.72459999999998
sequence_47715,101.0,sequence_47805,22.0,229.8389
sequence_47715,101.0,sequence_47802,4.0,217.474
sequence_47715,101.0,sequence_47794,18.0,235.5883
sequence_47715,101.0,sequence_47728,12.0,174.61379999999997
sequence_47715,101.0,sequence_47808,4.0,293.37379999999996
sequence_47715,101.0,sequence_47792,12.0,264.65250000000003
sequence_47715,101.0,sequence_47791,4.0,178.69799999999998
sequence_47715,101.0,sequence_47788,5.0,218.3675
sequence_47715,101.0,sequence_47729,34.0,226.64820000000003
sequence_47715,101.0,sequence_47809,10.0,345.4082
sequence_47715,101.0,sequence_47737,27.0,307.4039
sequence_47715,101.0,sequence_47810,5.57,210.8038
sequence_47715,101.0,sequence_47766,4.19,205.5878
sequence_47715,101.0,sequence_47736,19.0,255.3695
sequence_47718,81.0,sequence_47787,5.0,206.8687
sequence_47718,81.0,sequence_47684,23.0,199.6446
sequence_47718,81.0,sequence_47789,10.0,164.9601
sequence_47718,81.0,sequence_47790,9.0,211.7246
sequence_47718,81.0,sequence_47781,12.0,139.0285
sequence_47718,81.0,sequence_47777,11.0,144.9697
sequence_47718,81.0,sequence_47779,11.0,133.0873
sequence_47718,81.0,sequence_47784,21.0,243.82800000000003
sequence_47718,81.0,sequence_47786,18.0,222.9876
sequence_47718,81.0,sequence_47782,17.0,199.6064
sequence_47718,81.0,sequence_47772,12.0,168.8644
sequence_47718,81.0,sequence_47795,7.0,297.0451
sequence_47718,81.0,sequence_47776,9.0,311.8944
sequence_47718,81.0,sequence_47685,24.0,205.394
sequence_47718,81.0,sequence_47679,44.0,137.7456
sequence_47718,81.0,sequence_47695,52.0,198.7511
sequence_47718,81.0,sequence_47710,43.0,235.8619
sequence_47718,81.0,sequence_47686,22.0,157.736
sequence_47718,81.0,sequence_47778,26.0,103.06110000000001
sequence_47718,81.0,sequence_47780,23.0,91.17869999999999
sequence_47718,81.0,sequence_47785,25.0,110.8495
sequence_47718,81.0,sequence_47803,12.0,164.0666
sequence_47718,81.0,sequence_47663,36.0,228.4661
sequence_47718,81.0,sequence_47757,36.0,222.7167
sequence_47718,81.0,sequence_47783,24.5,345.50320000000005
sequence_47718,81.0,sequence_47796,20.0,217.51430000000002
sequence_47718,81.0,sequence_47750,25.0,147.7531
sequence_47718,81.0,sequence_47760,26.0,354.6458
sequence_47718,81.0,sequence_47773,19.0,126.9558
sequence_47718,81.0,sequence_47768,17.0,106.96539999999999
sequence_47718,81.0,sequence_47771,18.0,152.7581
sequence_47718,81.0,sequence_47681,44.0,143.495
sequence_47718,81.0,sequence_47696,47.0,204.5005
sequence_47718,81.0,sequence_47680,73.0,255.527
sequence_47718,81.0,sequence_47673,65.5,99.7413
sequence_47718,81.0,sequence_47700,65.0,385.80129999999997
sequence_47718,81.0,sequence_47689,52.0,235.71040000000002
sequence_47718,81.0,sequence_47683,75.0,232.92579999999998
sequence_47718,81.0,sequence_47697,55.5,156.8425
sequence_47718,81.0,sequence_47678,37.0,119.7317
sequence_47718,81.0,sequence_47682,53.0,95.83700000000002
sequence_47718,81.0,sequence_47724,48.0,129.397
sequence_47718,81.0,sequence_47806,73.0,351.1168
sequence_47718,81.0,sequence_47807,42.0,219.7774
sequence_47718,81.0,sequence_47804,23.0,107.917
sequence_47718,81.0,sequence_47800,20.0,96.2264
sequence_47718,81.0,sequence_47799,24.0,90.28519999999999
sequence_47718,81.0,sequence_47664,32.0,234.2155
sequence_47718,81.0,sequence_47666,69.0,333.4918
sequence_47718,81.0,sequence_47671,36.0,227.57260000000002
sequence_47718,81.0,sequence_47727,45.0,307.49890000000005
sequence_47718,81.0,sequence_47756,37.0,324.3919
sequence_47718,81.0,sequence_47775,23.0,450.5289
sequence_47718,81.0,sequence_47730,35.0,179.51000000000002
sequence_47718,81.0,sequence_47758,22.0,196.40300000000002
sequence_47718,81.0,sequence_47797,27.0,339.75380000000007
sequence_47718,81.0,sequence_47798,23.0,191.2006
sequence_47718,81.0,sequence_47751,34.0,153.5025
sequence_47718,81.0,sequence_47741,102.0,73.9717
sequence_47718,81.0,sequence_47743,63.0,222.94289999999995
sequence_47718,81.0,sequence_47752,67.0,146.4275
sequence_47718,81.0,sequence_47745,83.0,232.59660000000002
sequence_47718,81.0,sequence_47747,72.0,311.32689999999997
sequence_47718,81.0,sequence_47748,79.0,327.74240000000003
sequence_47718,81.0,sequence_47749,81.0,236.6725
sequence_47718,81.0,sequence_47744,69.0,277.7669
sequence_47718,81.0,sequence_47721,40.0,79.5308
sequence_47718,81.0,sequence_47759,36.0,80.4243
sequence_47718,81.0,sequence_47774,21.0,70.8062
sequence_47718,81.0,sequence_47770,25.0,256.9696
sequence_47718,81.0,sequence_47713,51.0,107.19839999999999
sequence_47718,81.0,sequence_47738,55.0,85.85409999999999
sequence_47718,81.0,sequence_47769,25.0,65.05680000000001
sequence_47718,81.0,sequence_47702,69.0,391.5507
sequence_47718,81.0,sequence_47672,76.0,149.43619999999999
sequence_47718,81.0,sequence_47705,71.0,286.52500000000003
sequence_47718,81.0,sequence_47694,51.0,369.6405
sequence_47718,81.0,sequence_47691,40.0,124.96969999999999
sequence_47718,81.0,sequence_47701,63.0,503.58269999999993
sequence_47718,81.0,sequence_47706,77.0,372.2433
sequence_47718,81.0,sequence_47675,57.0,291.2836
sequence_47718,81.0,sequence_47698,56.0,148.3509
sequence_47718,81.0,sequence_47688,90.0,230.741
sequence_47718,81.0,sequence_47704,98.0,480.9815
sequence_47718,81.0,sequence_47708,111.0,349.6421
sequence_47718,81.0,sequence_47709,119.0,218.30270000000002
sequence_47718,81.0,sequence_47677,103.0,194.92149999999998
sequence_47718,81.0,sequence_47692,87.5,77.3117
sequence_47718,81.0,sequence_47703,95.0,343.8927
sequence_47718,81.0,sequence_47707,79.0,212.5533
sequence_47718,81.0,sequence_47762,127.0,379.7004
sequence_47718,81.0,sequence_47765,118.0,522.7304
sequence_47718,81.0,sequence_47767,105.0,415.457
sequence_47718,81.0,sequence_47812,121.0,368.0098
sequence_47718,81.0,sequence_47761,120.0,373.7592
sequence_47718,81.0,sequence_47764,118.0,389.35409999999996
sequence_47718,81.0,sequence_47763,122.0,387.65090000000004
sequence_47718,81.0,sequence_47699,62.0,100.69290000000001
sequence_47718,81.0,sequence_47687,92.0,149.5802
sequence_47718,81.0,sequence_47693,64.0,232.0323
sequence_47718,81.0,sequence_47690,63.0,193.80180000000001
sequence_47718,81.0,sequence_47712,49.0,106.4468
sequence_47718,81.0,sequence_47714,51.0,108.15
sequence_47718,81.0,sequence_47725,57.0,134.25289999999998
sequence_47718,81.0,sequence_47669,32.0,345.0872
sequence_47718,81.0,sequence_47668,48.0,307.9764
sequence_47718,81.0,sequence_47670,97.0,207.9018
sequence_47718,81.0,sequence_47665,50.0,205.86489999999998
sequence_47718,81.0,sequence_47661,52.0,196.2112
sequence_47718,81.0,sequence_47667,86.0,307.1781
sequence_47718,81.0,sequence_47726,120.0,269.49460000000005
sequence_47718,81.0,sequence_47734,110.0,279.14830000000006
sequence_47718,81.0,sequence_47811,24.0,362.3962
sequence_47718,81.0,sequence_47662,28.0,330.1413
sequence_47718,81.0,sequence_47731,32.0,285.33399999999995
sequence_47718,81.0,sequence_47733,25.0,185.2594
sequence_47718,81.0,sequence_47732,30.0,301.7495
sequence_47718,81.0,sequence_47755,100.0,85.66229999999999
sequence_47718,81.0,sequence_47746,94.0,238.346
sequence_47718,81.0,sequence_47754,70.0,185.7369
sequence_47718,81.0,sequence_47753,74.0,107.00659999999999
sequence_47718,81.0,sequence_47740,158.0,145.3422
sequence_47718,81.0,sequence_47742,108.0,32.0631
sequence_47718,81.0,sequence_47715,101.0,5.7494
sequence_47718,81.0,sequence_47717,66.0,154.7206
sequence_47718,81.0,sequence_47720,80.0,259.5201
sequence_47718,81.0,sequence_47716,84.0,72.2685
sequence_47718,81.0,sequence_47719,66.0,243.1046
sequence_47718,81.0,sequence_47723,69.0,97.1421
sequence_47718,81.0,sequence_47722,75.0,23.381200000000003
sequence_47718,81.0,sequence_47674,38.0,105.4907
sequence_47718,81.0,sequence_47676,56.0,57.83270000000001
sequence_47718,81.0,sequence_47711,57.0,63.586600000000004
sequence_47718,81.0,sequence_47739,35.0,43.9455
sequence_47718,81.0,sequence_47735,55.0,107.8082
sequence_47718,81.0,sequence_47793,16.0,224.983
sequence_47718,81.0,sequence_47801,4.0,205.97519999999997
sequence_47718,81.0,sequence_47805,22.0,224.08950000000002
sequence_47718,81.0,sequence_47802,4.0,211.72459999999998
sequence_47718,81.0,sequence_47794,18.0,229.83890000000002
sequence_47718,81.0,sequence_47728,12.0,168.8644
sequence_47718,81.0,sequence_47808,4.0,287.6244
sequence_47718,81.0,sequence_47792,12.0,258.9031
sequence_47718,81.0,sequence_47791,4.0,172.9486
sequence_47718,81.0,sequence_47788,5.0,212.61809999999997
sequence_47718,81.0,sequence_47729,34.0,220.8988
sequence_47718,81.0,sequence_47809,10.0,339.65880000000004
sequence_47718,81.0,sequence_47737,27.0,301.6545
sequence_47718,81.0,sequence_47810,5.57,205.0544
sequence_47718,81.0,sequence_47766,4.19,199.83839999999998
sequence_47718,81.0,sequence_47736,19.0,249.62009999999998
sequence_47717,66.0,sequence_47787,5.0,361.5893
sequence_47717,66.0,sequence_47684,23.0,354.36519999999996
sequence_47717,66.0,sequence_47789,10.0,319.6807
sequence_47717,66.0,sequence_47790,9.0,366.4452
sequence_47717,66.0,sequence_47781,12.0,270.3679
sequence_47717,66.0,sequence_47777,11.0,276.3091
sequence_47717,66.0,sequence_47779,11.0,276.3091
sequence_47717,66.0,sequence_47784,21.0,398.54859999999996
sequence_47717,66.0,sequence_47786,18.0,354.327
sequence_47717,66.0,sequence_47782,17.0,354.327
sequence_47717,66.0,sequence_47772,12.0,323.585
sequence_47717,66.0,sequence_47795,7.0,451.7657
sequence_47717,66.0,sequence_47776,9.0,466.615
sequence_47717,66.0,sequence_47685,24.0,360.1146
sequence_47717,66.0,sequence_47679,44.0,269.085
sequence_47717,66.0,sequence_47695,52.0,353.47169999999994
sequence_47717,66.0,sequence_47710,43.0,390.5825
sequence_47717,66.0,sequence_47686,22.0,312.4566
sequence_47717,66.0,sequence_47778,26.0,234.40050000000002
sequence_47717,66.0,sequence_47780,23.0,234.40050000000002
sequence_47717,66.0,sequence_47785,25.0,265.57009999999997
sequence_47717,66.0,sequence_47803,12.0,318.7872
sequence_47717,66.0,sequence_47663,36.0,383.1867
sequence_47717,66.0,sequence_47757,36.0,377.43729999999994
sequence_47717,66.0,sequence_47783,24.5,500.2238
sequence_47717,66.0,sequence_47796,20.0,372.2348999999999
sequence_47717,66.0,sequence_47750,25.0,302.47369999999995
sequence_47717,66.0,sequence_47760,26.0,509.3664
sequence_47717,66.0,sequence_47773,19.0,281.6764
sequence_47717,66.0,sequence_47768,17.0,238.3048
sequence_47717,66.0,sequence_47771,18.0,307.4787
sequence_47717,66.0,sequence_47681,44.0,274.8344
sequence_47717,66.0,sequence_47696,47.0,359.2211
sequence_47717,66.0,sequence_47680,73.0,386.8664
sequence_47717,66.0,sequence_47673,65.5,231.08069999999998
sequence_47717,66.0,sequence_47700,65.0,517.1406999999999
sequence_47717,66.0,sequence_47689,52.0,390.4309999999999
sequence_47717,66.0,sequence_47683,75.0,364.2652
sequence_47717,66.0,sequence_47697,55.5,311.56309999999996
sequence_47717,66.0,sequence_47678,37.0,274.4523
sequence_47717,66.0,sequence_47682,53.0,227.1764
sequence_47717,66.0,sequence_47724,48.0,260.7364
sequence_47717,66.0,sequence_47806,73.0,482.4562
sequence_47717,66.0,sequence_47807,42.0,351.1168
sequence_47717,66.0,sequence_47804,23.0,239.25639999999999
sequence_47717,66.0,sequence_47800,20.0,227.5658
sequence_47717,66.0,sequence_47799,24.0,233.507
sequence_47717,66.0,sequence_47664,32.0,388.9360999999999
sequence_47717,66.0,sequence_47666,69.0,488.21239999999995
sequence_47717,66.0,sequence_47671,36.0,382.29319999999996
sequence_47717,66.0,sequence_47727,45.0,462.2195
sequence_47717,66.0,sequence_47756,37.0,479.11249999999995
sequence_47717,66.0,sequence_47775,23.0,605.2495
sequence_47717,66.0,sequence_47730,35.0,334.2306
sequence_47717,66.0,sequence_47758,22.0,351.12359999999995
sequence_47717,66.0,sequence_47797,27.0,494.47439999999995
sequence_47717,66.0,sequence_47798,23.0,345.9212
sequence_47717,66.0,sequence_47751,34.0,308.2231
sequence_47717,66.0,sequence_47741,102.0,217.19349999999997
sequence_47717,66.0,sequence_47743,63.0,68.22229999999999
sequence_47717,66.0,sequence_47752,67.0,301.14809999999994
sequence_47717,66.0,sequence_47745,83.0,344.62859999999995
sequence_47717,66.0,sequence_47747,72.0,466.0475
sequence_47717,66.0,sequence_47748,79.0,482.46299999999997
sequence_47717,66.0,sequence_47749,81.0,391.39309999999995
sequence_47717,66.0,sequence_47744,69.0,432.4875
sequence_47717,66.0,sequence_47721,40.0,234.2514
sequence_47717,66.0,sequence_47759,36.0,235.14489999999998
sequence_47717,66.0,sequence_47774,21.0,202.1456
sequence_47717,66.0,sequence_47770,25.0,411.6902
sequence_47717,66.0,sequence_47713,51.0,238.5378
sequence_47717,66.0,sequence_47738,55.0,217.19349999999997
sequence_47717,66.0,sequence_47769,25.0,196.39620000000002
sequence_47717,66.0,sequence_47702,69.0,522.8901
sequence_47717,66.0,sequence_47672,76.0,280.7756
sequence_47717,66.0,sequence_47705,71.0,417.86440000000005
sequence_47717,66.0,sequence_47694,51.0,524.3611
sequence_47717,66.0,sequence_47691,40.0,279.6903
sequence_47717,66.0,sequence_47701,63.0,634.9221
sequence_47717,66.0,sequence_47706,77.0,503.58270000000005
sequence_47717,66.0,sequence_47675,57.0,422.623
sequence_47717,66.0,sequence_47698,56.0,279.6903
sequence_47717,66.0,sequence_47688,90.0,385.4616
sequence_47717,66.0,sequence_47704,98.0,612.3208999999999
sequence_47717,66.0,sequence_47708,111.0,480.9815
sequence_47717,66.0,sequence_47709,119.0,349.6421
sequence_47717,66.0,sequence_47677,103.0,326.2609
sequence_47717,66.0,sequence_47692,87.5,232.0323
sequence_47717,66.0,sequence_47703,95.0,475.2321
sequence_47717,66.0,sequence_47707,79.0,343.8927
sequence_47717,66.0,sequence_47762,127.0,511.0398
sequence_47717,66.0,sequence_47765,118.0,654.0698
sequence_47717,66.0,sequence_47767,105.0,546.7964
sequence_47717,66.0,sequence_47812,121.0,499.3492
sequence_47717,66.0,sequence_47761,120.0,505.09860000000003
sequence_47717,66.0,sequence_47764,118.0,520.6935
sequence_47717,66.0,sequence_47763,122.0,518.9903
sequence_47717,66.0,sequence_47699,62.0,232.0323
sequence_47717,66.0,sequence_47687,92.0,304.3008
sequence_47717,66.0,sequence_47693,64.0,363.37170000000003
sequence_47717,66.0,sequence_47690,63.0,348.52239999999995
sequence_47717,66.0,sequence_47712,49.0,237.78619999999998
sequence_47717,66.0,sequence_47714,51.0,239.4894
sequence_47717,66.0,sequence_47725,57.0,265.59229999999997
sequence_47717,66.0,sequence_47669,32.0,499.80779999999993
sequence_47717,66.0,sequence_47668,48.0,462.6969999999999
sequence_47717,66.0,sequence_47670,97.0,362.6223999999999
sequence_47717,66.0,sequence_47665,50.0,360.5854999999999
sequence_47717,66.0,sequence_47661,52.0,350.93179999999995
sequence_47717,66.0,sequence_47667,86.0,461.89869999999996
sequence_47717,66.0,sequence_47726,120.0,424.2152
sequence_47717,66.0,sequence_47734,110.0,433.86889999999994
sequence_47717,66.0,sequence_47811,24.0,517.1168
sequence_47717,66.0,sequence_47662,28.0,484.8619
sequence_47717,66.0,sequence_47731,32.0,440.05459999999994
sequence_47717,66.0,sequence_47733,25.0,339.9799999999999
sequence_47717,66.0,sequence_47732,30.0,456.4701
sequence_47717,66.0,sequence_47755,100.0,240.3829
sequence_47717,66.0,sequence_47746,94.0,350.378
sequence_47717,66.0,sequence_47754,70.0,340.4575
sequence_47717,66.0,sequence_47753,74.0,219.03859999999997
sequence_47717,66.0,sequence_47740,158.0,288.564
sequence_47717,66.0,sequence_47742,108.0,175.2849
sequence_47717,66.0,sequence_47715,101.0,148.9712
sequence_47717,66.0,sequence_47718,81.0,154.7206
sequence_47717,66.0,sequence_47720,80.0,414.24069999999995
sequence_47717,66.0,sequence_47716,84.0,226.9891
sequence_47717,66.0,sequence_47719,66.0,397.8252
sequence_47717,66.0,sequence_47723,69.0,228.48149999999998
sequence_47717,66.0,sequence_47722,75.0,154.7206
sequence_47717,66.0,sequence_47674,38.0,236.83010000000002
sequence_47717,66.0,sequence_47676,56.0,189.1721
sequence_47717,66.0,sequence_47711,57.0,194.92600000000002
sequence_47717,66.0,sequence_47739,35.0,175.2849
sequence_47717,66.0,sequence_47735,55.0,239.1476
sequence_47717,66.0,sequence_47793,16.0,379.7036
sequence_47717,66.0,sequence_47801,4.0,360.69579999999996
sequence_47717,66.0,sequence_47805,22.0,378.8101
sequence_47717,66.0,sequence_47802,4.0,366.4452
sequence_47717,66.0,sequence_47794,18.0,384.5595
sequence_47717,66.0,sequence_47728,12.0,323.585
sequence_47717,66.0,sequence_47808,4.0,442.34499999999997
sequence_47717,66.0,sequence_47792,12.0,413.6237
sequence_47717,66.0,sequence_47791,4.0,327.6692
sequence_47717,66.0,sequence_47788,5.0,367.3387
sequence_47717,66.0,sequence_47729,34.0,375.6194
sequence_47717,66.0,sequence_47809,10.0,494.3794
sequence_47717,66.0,sequence_47737,27.0,456.3751
sequence_47717,66.0,sequence_47810,5.57,359.775
sequence_47717,66.0,sequence_47766,4.19,354.55899999999997
sequence_47717,66.0,sequence_47736,19.0,404.34069999999997
sequence_47720,80.0,sequence_47787,5.0,398.54859999999996
sequence_47720,80.0,sequence_47684,23.0,391.32449999999994
sequence_47720,80.0,sequence_47789,10.0,356.64
sequence_47720,80.0,sequence_47790,9.0,403.4045
sequence_47720,80.0,sequence_47781,12.0,398.5486
sequence_47720,80.0,sequence_47777,11.0,404.4898
sequence_47720,80.0,sequence_47779,11.0,392.60740000000004
sequence_47720,80.0,sequence_47784,21.0,270.3679
sequence_47720,80.0,sequence_47786,18.0,482.5077
sequence_47720,80.0,sequence_47782,17.0,314.58950000000004
sequence_47720,80.0,sequence_47772,12.0,360.54429999999996
sequence_47720,80.0,sequence_47795,7.0,488.72499999999997
sequence_47720,80.0,sequence_47776,9.0,503.5743
sequence_47720,80.0,sequence_47685,24.0,397.0739
sequence_47720,80.0,sequence_47679,44.0,397.2657
sequence_47720,80.0,sequence_47695,52.0,390.4309999999999
sequence_47720,80.0,sequence_47710,43.0,427.54179999999997
sequence_47720,80.0,sequence_47686,22.0,349.41589999999997
sequence_47720,80.0,sequence_47778,26.0,362.5812
sequence_47720,80.0,sequence_47780,23.0,350.6988
sequence_47720,80.0,sequence_47785,25.0,319.5292
sequence_47720,80.0,sequence_47803,12.0,355.74649999999997
sequence_47720,80.0,sequence_47663,36.0,255.006
sequence_47720,80.0,sequence_47757,36.0,249.2566
sequence_47720,80.0,sequence_47783,24.5,372.04310000000004
sequence_47720,80.0,sequence_47796,20.0,244.0542
sequence_47720,80.0,sequence_47750,25.0,339.43299999999994
sequence_47720,80.0,sequence_47760,26.0,546.3257
sequence_47720,80.0,sequence_47773,19.0,318.6357
sequence_47720,80.0,sequence_47768,17.0,366.4855
sequence_47720,80.0,sequence_47771,18.0,361.43780000000004
sequence_47720,80.0,sequence_47681,44.0,403.01509999999996
sequence_47720,80.0,sequence_47696,47.0,396.18039999999996
sequence_47720,80.0,sequence_47680,73.0,515.0471
sequence_47720,80.0,sequence_47673,65.5,359.2614
sequence_47720,80.0,sequence_47700,65.0,645.3214
sequence_47720,80.0,sequence_47689,52.0,262.25030000000004
sequence_47720,80.0,sequence_47683,75.0,206.3859
sequence_47720,80.0,sequence_47697,55.5,348.52239999999995
sequence_47720,80.0,sequence_47678,37.0,311.41159999999996
sequence_47720,80.0,sequence_47682,53.0,355.3571
sequence_47720,80.0,sequence_47724,48.0,388.9171
sequence_47720,80.0,sequence_47806,73.0,610.6369
sequence_47720,80.0,sequence_47807,42.0,479.2975
sequence_47720,80.0,sequence_47804,23.0,367.4371
sequence_47720,80.0,sequence_47800,20.0,355.74649999999997
sequence_47720,80.0,sequence_47799,24.0,349.8053
sequence_47720,80.0,sequence_47664,32.0,260.7554
sequence_47720,80.0,sequence_47666,69.0,360.0317
sequence_47720,80.0,sequence_47671,36.0,254.1125
sequence_47720,80.0,sequence_47727,45.0,334.03880000000004
sequence_47720,80.0,sequence_47756,37.0,350.9318
sequence_47720,80.0,sequence_47775,23.0,477.0688
sequence_47720,80.0,sequence_47730,35.0,206.0499
sequence_47720,80.0,sequence_47758,22.0,222.9429
sequence_47720,80.0,sequence_47797,27.0,366.29370000000006
sequence_47720,80.0,sequence_47798,23.0,217.7405
sequence_47720,80.0,sequence_47751,34.0,345.1824
sequence_47720,80.0,sequence_47741,102.0,333.4918
sequence_47720,80.0,sequence_47743,63.0,482.46299999999997
sequence_47720,80.0,sequence_47752,67.0,272.91839999999996
sequence_47720,80.0,sequence_47745,83.0,206.05669999999998
sequence_47720,80.0,sequence_47747,72.0,84.6378
sequence_47720,80.0,sequence_47748,79.0,68.22229999999999
sequence_47720,80.0,sequence_47749,81.0,159.29219999999998
sequence_47720,80.0,sequence_47744,69.0,118.1978
sequence_47720,80.0,sequence_47721,40.0,271.2107
sequence_47720,80.0,sequence_47759,36.0,272.1042
sequence_47720,80.0,sequence_47774,21.0,330.3263
sequence_47720,80.0,sequence_47770,25.0,97.4005
sequence_47720,80.0,sequence_47713,51.0,366.7185
sequence_47720,80.0,sequence_47738,55.0,345.3742
sequence_47720,80.0,sequence_47769,25.0,324.5769
sequence_47720,80.0,sequence_47702,69.0,651.0708
sequence_47720,80.0,sequence_47672,76.0,408.95629999999994
sequence_47720,80.0,sequence_47705,71.0,546.0451
sequence_47720,80.0,sequence_47694,51.0,396.18039999999996
sequence_47720,80.0,sequence_47691,40.0,384.48980000000006
sequence_47720,80.0,sequence_47701,63.0,763.1028
sequence_47720,80.0,sequence_47706,77.0,631.7634
sequence_47720,80.0,sequence_47675,57.0,550.8037
sequence_47720,80.0,sequence_47698,56.0,407.871
sequence_47720,80.0,sequence_47688,90.0,257.2809
sequence_47720,80.0,sequence_47704,98.0,454.4416
sequence_47720,80.0,sequence_47708,111.0,323.10220000000004
sequence_47720,80.0,sequence_47709,119.0,191.76280000000003
sequence_47720,80.0,sequence_47677,103.0,168.3816
sequence_47720,80.0,sequence_47692,87.5,336.83180000000004
sequence_47720,80.0,sequence_47703,95.0,603.4128000000001
sequence_47720,80.0,sequence_47707,79.0,472.0734
sequence_47720,80.0,sequence_47762,127.0,639.2205
sequence_47720,80.0,sequence_47765,118.0,782.2505
sequence_47720,80.0,sequence_47767,105.0,674.9771000000001
sequence_47720,80.0,sequence_47812,121.0,627.5299
sequence_47720,80.0,sequence_47761,120.0,633.2793
sequence_47720,80.0,sequence_47764,118.0,648.8742
sequence_47720,80.0,sequence_47763,122.0,647.171
sequence_47720,80.0,sequence_47699,62.0,360.21299999999997
sequence_47720,80.0,sequence_47687,92.0,264.5633
sequence_47720,80.0,sequence_47693,64.0,205.4924
sequence_47720,80.0,sequence_47690,63.0,220.3417
sequence_47720,80.0,sequence_47712,49.0,365.9669
sequence_47720,80.0,sequence_47714,51.0,367.6701
sequence_47720,80.0,sequence_47725,57.0,393.77299999999997
sequence_47720,80.0,sequence_47669,32.0,371.62710000000004
sequence_47720,80.0,sequence_47668,48.0,334.5163
sequence_47720,80.0,sequence_47670,97.0,234.44170000000003
sequence_47720,80.0,sequence_47665,50.0,232.40480000000002
sequence_47720,80.0,sequence_47661,52.0,222.7511
sequence_47720,80.0,sequence_47667,86.0,333.71799999999996
sequence_47720,80.0,sequence_47726,120.0,296.03450000000004
sequence_47720,80.0,sequence_47734,110.0,305.68820000000005
sequence_47720,80.0,sequence_47811,24.0,388.9361
sequence_47720,80.0,sequence_47662,28.0,356.6812
sequence_47720,80.0,sequence_47731,32.0,311.87390000000005
sequence_47720,80.0,sequence_47733,25.0,211.79930000000002
sequence_47720,80.0,sequence_47732,30.0,328.2894
sequence_47720,80.0,sequence_47755,100.0,345.1824
sequence_47720,80.0,sequence_47746,94.0,211.80610000000001
sequence_47720,80.0,sequence_47754,70.0,245.1078
sequence_47720,80.0,sequence_47753,74.0,366.52669999999995
sequence_47720,80.0,sequence_47740,158.0,404.8623
sequence_47720,80.0,sequence_47742,108.0,291.5832
sequence_47720,80.0,sequence_47715,101.0,265.2695
sequence_47720,80.0,sequence_47718,81.0,259.5201
sequence_47720,80.0,sequence_47717,66.0,414.24069999999995
sequence_47720,80.0,sequence_47716,84.0,187.2516
sequence_47720,80.0,sequence_47719,66.0,16.41550000000001
sequence_47720,80.0,sequence_47723,69.0,356.6622
sequence_47720,80.0,sequence_47722,75.0,282.9013
sequence_47720,80.0,sequence_47674,38.0,365.01079999999996
sequence_47720,80.0,sequence_47676,56.0,317.3528
sequence_47720,80.0,sequence_47711,57.0,323.1067
sequence_47720,80.0,sequence_47739,35.0,303.4656
sequence_47720,80.0,sequence_47735,55.0,367.3283
sequence_47720,80.0,sequence_47793,16.0,484.5031
sequence_47720,80.0,sequence_47801,4.0,397.65509999999995
sequence_47720,80.0,sequence_47805,22.0,483.6096
sequence_47720,80.0,sequence_47802,4.0,403.4045
sequence_47720,80.0,sequence_47794,18.0,489.35900000000004
sequence_47720,80.0,sequence_47728,12.0,360.54429999999996
sequence_47720,80.0,sequence_47808,4.0,479.30429999999996
sequence_47720,80.0,sequence_47792,12.0,450.58299999999997
sequence_47720,80.0,sequence_47791,4.0,432.4687
sequence_47720,80.0,sequence_47788,5.0,404.298
sequence_47720,80.0,sequence_47729,34.0,412.57869999999997
sequence_47720,80.0,sequence_47809,10.0,531.3387
sequence_47720,80.0,sequence_47737,27.0,493.33439999999996
sequence_47720,80.0,sequence_47810,5.57,396.73429999999996
sequence_47720,80.0,sequence_47766,4.19,391.51829999999995
sequence_47720,80.0,sequence_47736,19.0,441.29999999999995
sequence_47716,84.0,sequence_47787,5.0,211.29699999999997
sequence_47716,84.0,sequence_47684,23.0,204.0729
sequence_47716,84.0,sequence_47789,10.0,169.3884
sequence_47716,84.0,sequence_47790,9.0,216.1529
sequence_47716,84.0,sequence_47781,12.0,211.297
sequence_47716,84.0,sequence_47777,11.0,217.2382
sequence_47716,84.0,sequence_47779,11.0,205.3558
sequence_47716,84.0,sequence_47784,21.0,171.5595
sequence_47716,84.0,sequence_47786,18.0,295.2561
sequence_47716,84.0,sequence_47782,17.0,127.33789999999999
sequence_47716,84.0,sequence_47772,12.0,173.29269999999997
sequence_47716,84.0,sequence_47795,7.0,301.47339999999997
sequence_47716,84.0,sequence_47776,9.0,316.3227
sequence_47716,84.0,sequence_47685,24.0,209.82229999999998
sequence_47716,84.0,sequence_47679,44.0,210.01409999999998
sequence_47716,84.0,sequence_47695,52.0,203.1794
sequence_47716,84.0,sequence_47710,43.0,240.29019999999997
sequence_47716,84.0,sequence_47686,22.0,162.16430000000003
sequence_47716,84.0,sequence_47778,26.0,175.32960000000003
sequence_47716,84.0,sequence_47780,23.0,163.4472
sequence_47716,84.0,sequence_47785,25.0,132.2776
sequence_47716,84.0,sequence_47803,12.0,168.4949
sequence_47716,84.0,sequence_47663,36.0,156.1976
sequence_47716,84.0,sequence_47757,36.0,150.44819999999999
sequence_47716,84.0,sequence_47783,24.5,273.23470000000003
sequence_47716,84.0,sequence_47796,20.0,145.2458
sequence_47716,84.0,sequence_47750,25.0,152.1814
sequence_47716,84.0,sequence_47760,26.0,359.0741
sequence_47716,84.0,sequence_47773,19.0,131.3841
sequence_47716,84.0,sequence_47768,17.0,179.2339
sequence_47716,84.0,sequence_47771,18.0,174.18619999999999
sequence_47716,84.0,sequence_47681,44.0,215.76350000000002
sequence_47716,84.0,sequence_47696,47.0,208.9288
sequence_47716,84.0,sequence_47680,73.0,327.7955
sequence_47716,84.0,sequence_47673,65.5,172.00979999999998
sequence_47716,84.0,sequence_47700,65.0,458.0698
sequence_47716,84.0,sequence_47689,52.0,163.4419
sequence_47716,84.0,sequence_47683,75.0,305.1943
sequence_47716,84.0,sequence_47697,55.5,161.2708
sequence_47716,84.0,sequence_47678,37.0,124.16000000000001
sequence_47716,84.0,sequence_47682,53.0,168.1055
sequence_47716,84.0,sequence_47724,48.0,201.6655
sequence_47716,84.0,sequence_47806,73.0,423.38530000000003
sequence_47716,84.0,sequence_47807,42.0,292.0459
sequence_47716,84.0,sequence_47804,23.0,180.1855
sequence_47716,84.0,sequence_47800,20.0,168.4949
sequence_47716,84.0,sequence_47799,24.0,162.5537
sequence_47716,84.0,sequence_47664,32.0,161.947
sequence_47716,84.0,sequence_47666,69.0,261.2233
sequence_47716,84.0,sequence_47671,36.0,155.3041
sequence_47716,84.0,sequence_47727,45.0,235.23040000000003
sequence_47716,84.0,sequence_47756,37.0,252.12340000000006
sequence_47716,84.0,sequence_47775,23.0,378.26040000000006
sequence_47716,84.0,sequence_47730,35.0,107.2415
sequence_47716,84.0,sequence_47758,22.0,124.1345
sequence_47716,84.0,sequence_47797,27.0,267.48530000000005
sequence_47716,84.0,sequence_47798,23.0,118.9321
sequence_47716,84.0,sequence_47751,34.0,157.93079999999998
sequence_47716,84.0,sequence_47741,102.0,146.2402
sequence_47716,84.0,sequence_47743,63.0,295.21139999999997
sequence_47716,84.0,sequence_47752,67.0,85.6668
sequence_47716,84.0,sequence_47745,83.0,304.8651
sequence_47716,84.0,sequence_47747,72.0,239.0584
sequence_47716,84.0,sequence_47748,79.0,255.47390000000001
sequence_47716,84.0,sequence_47749,81.0,258.1006
sequence_47716,84.0,sequence_47744,69.0,217.00619999999998
sequence_47716,84.0,sequence_47721,40.0,83.9591
sequence_47716,84.0,sequence_47759,36.0,84.85260000000001
sequence_47716,84.0,sequence_47774,21.0,143.0747
sequence_47716,84.0,sequence_47770,25.0,196.20889999999997
sequence_47716,84.0,sequence_47713,51.0,179.4669
sequence_47716,84.0,sequence_47738,55.0,158.12259999999998
sequence_47716,84.0,sequence_47769,25.0,137.32530000000003
sequence_47716,84.0,sequence_47702,69.0,463.8192
sequence_47716,84.0,sequence_47672,76.0,221.7047
sequence_47716,84.0,sequence_47705,71.0,358.7935
sequence_47716,84.0,sequence_47694,51.0,297.37199999999996
sequence_47716,84.0,sequence_47691,40.0,197.2382
sequence_47716,84.0,sequence_47701,63.0,575.8512
sequence_47716,84.0,sequence_47706,77.0,444.5118
sequence_47716,84.0,sequence_47675,57.0,363.5521
sequence_47716,84.0,sequence_47698,56.0,220.6194
sequence_47716,84.0,sequence_47688,90.0,158.4725
sequence_47716,84.0,sequence_47704,98.0,553.25
sequence_47716,84.0,sequence_47708,111.0,421.91060000000004
sequence_47716,84.0,sequence_47709,119.0,290.57120000000003
sequence_47716,84.0,sequence_47677,103.0,267.19
sequence_47716,84.0,sequence_47692,87.5,149.5802
sequence_47716,84.0,sequence_47703,95.0,416.1612
sequence_47716,84.0,sequence_47707,79.0,284.82180000000005
sequence_47716,84.0,sequence_47762,127.0,451.9689
sequence_47716,84.0,sequence_47765,118.0,594.9989
sequence_47716,84.0,sequence_47767,105.0,487.7255
sequence_47716,84.0,sequence_47812,121.0,440.2783
sequence_47716,84.0,sequence_47761,120.0,446.02770000000004
sequence_47716,84.0,sequence_47764,118.0,461.6226
sequence_47716,84.0,sequence_47763,122.0,459.91940000000005
sequence_47716,84.0,sequence_47699,62.0,172.96140000000003
sequence_47716,84.0,sequence_47687,92.0,77.3117
sequence_47716,84.0,sequence_47693,64.0,304.3008
sequence_47716,84.0,sequence_47690,63.0,121.53330000000001
sequence_47716,84.0,sequence_47712,49.0,178.7153
sequence_47716,84.0,sequence_47714,51.0,180.4185
sequence_47716,84.0,sequence_47725,57.0,206.5214
sequence_47716,84.0,sequence_47669,32.0,272.8187
sequence_47716,84.0,sequence_47668,48.0,235.7079
sequence_47716,84.0,sequence_47670,97.0,135.6333
sequence_47716,84.0,sequence_47665,50.0,133.5964
sequence_47716,84.0,sequence_47661,52.0,123.9427
sequence_47716,84.0,sequence_47667,86.0,234.9096
sequence_47716,84.0,sequence_47726,120.0,197.22610000000006
sequence_47716,84.0,sequence_47734,110.0,206.87980000000005
sequence_47716,84.0,sequence_47811,24.0,290.12770000000006
sequence_47716,84.0,sequence_47662,28.0,257.87280000000004
sequence_47716,84.0,sequence_47731,32.0,213.06550000000001
sequence_47716,84.0,sequence_47733,25.0,112.9909
sequence_47716,84.0,sequence_47732,30.0,229.48100000000002
sequence_47716,84.0,sequence_47755,100.0,157.93079999999998
sequence_47716,84.0,sequence_47746,94.0,310.61449999999996
sequence_47716,84.0,sequence_47754,70.0,113.46839999999999
sequence_47716,84.0,sequence_47753,74.0,179.2751
sequence_47716,84.0,sequence_47740,158.0,217.6107
sequence_47716,84.0,sequence_47742,108.0,104.3316
sequence_47716,84.0,sequence_47715,101.0,78.0179
sequence_47716,84.0,sequence_47718,81.0,72.2685
sequence_47716,84.0,sequence_47717,66.0,226.9891
sequence_47716,84.0,sequence_47720,80.0,187.2516
sequence_47716,84.0,sequence_47719,66.0,170.8361
sequence_47716,84.0,sequence_47723,69.0,169.4106
sequence_47716,84.0,sequence_47722,75.0,95.64970000000001
sequence_47716,84.0,sequence_47674,38.0,177.75920000000002
sequence_47716,84.0,sequence_47676,56.0,130.1012
sequence_47716,84.0,sequence_47711,57.0,135.85510000000002
sequence_47716,84.0,sequence_47739,35.0,116.21400000000001
sequence_47716,84.0,sequence_47735,55.0,180.07670000000002
sequence_47716,84.0,sequence_47793,16.0,297.2515
sequence_47716,84.0,sequence_47801,4.0,210.40349999999998
sequence_47716,84.0,sequence_47805,22.0,296.358
sequence_47716,84.0,sequence_47802,4.0,216.1529
sequence_47716,84.0,sequence_47794,18.0,302.1074
sequence_47716,84.0,sequence_47728,12.0,173.29269999999997
sequence_47716,84.0,sequence_47808,4.0,292.05269999999996
sequence_47716,84.0,sequence_47792,12.0,263.33140000000003
sequence_47716,84.0,sequence_47791,4.0,245.21710000000002
sequence_47716,84.0,sequence_47788,5.0,217.0464
sequence_47716,84.0,sequence_47729,34.0,225.32710000000003
sequence_47716,84.0,sequence_47809,10.0,344.0871
sequence_47716,84.0,sequence_47737,27.0,306.0828
sequence_47716,84.0,sequence_47810,5.57,209.4827
sequence_47716,84.0,sequence_47766,4.19,204.2667
sequence_47716,84.0,sequence_47736,19.0,254.0484
sequence_47719,66.0,sequence_47787,5.0,382.13309999999996
sequence_47719,66.0,sequence_47684,23.0,374.90899999999993
sequence_47719,66.0,sequence_47789,10.0,340.2245
sequence_47719,66.0,sequence_47790,9.0,386.989
sequence_47719,66.0,sequence_47781,12.0,382.1331
sequence_47719,66.0,sequence_47777,11.0,388.0743
sequence_47719,66.0,sequence_47779,11.0,376.19190000000003
sequence_47719,66.0,sequence_47784,21.0,286.78340000000003
sequence_47719,66.0,sequence_47786,18.0,466.0922
sequence_47719,66.0,sequence_47782,17.0,298.17400000000004
sequence_47719,66.0,sequence_47772,12.0,344.12879999999996
sequence_47719,66.0,sequence_47795,7.0,472.30949999999996
sequence_47719,66.0,sequence_47776,9.0,487.1587999999999
sequence_47719,66.0,sequence_47685,24.0,380.6583999999999
sequence_47719,66.0,sequence_47679,44.0,380.8502
sequence_47719,66.0,sequence_47695,52.0,374.0155
sequence_47719,66.0,sequence_47710,43.0,411.12629999999996
sequence_47719,66.0,sequence_47686,22.0,333.00039999999996
sequence_47719,66.0,sequence_47778,26.0,346.1657
sequence_47719,66.0,sequence_47780,23.0,334.2833
sequence_47719,66.0,sequence_47785,25.0,303.1137
sequence_47719,66.0,sequence_47803,12.0,339.33099999999996
sequence_47719,66.0,sequence_47663,36.0,271.42150000000004
sequence_47719,66.0,sequence_47757,36.0,265.6721
sequence_47719,66.0,sequence_47783,24.5,388.45860000000005
sequence_47719,66.0,sequence_47796,20.0,260.4697
sequence_47719,66.0,sequence_47750,25.0,323.0174999999999
sequence_47719,66.0,sequence_47760,26.0,529.9101999999999
sequence_47719,66.0,sequence_47773,19.0,302.2202
sequence_47719,66.0,sequence_47768,17.0,350.07
sequence_47719,66.0,sequence_47771,18.0,345.02230000000003
sequence_47719,66.0,sequence_47681,44.0,386.5996
sequence_47719,66.0,sequence_47696,47.0,379.7648999999999
sequence_47719,66.0,sequence_47680,73.0,498.63159999999993
sequence_47719,66.0,sequence_47673,65.5,342.8459
sequence_47719,66.0,sequence_47700,65.0,628.9059
sequence_47719,66.0,sequence_47689,52.0,278.6658
sequence_47719,66.0,sequence_47683,75.0,189.97039999999998
sequence_47719,66.0,sequence_47697,55.5,332.1069
sequence_47719,66.0,sequence_47678,37.0,294.99609999999996
sequence_47719,66.0,sequence_47682,53.0,338.9416
sequence_47719,66.0,sequence_47724,48.0,372.5016
sequence_47719,66.0,sequence_47806,73.0,594.2214
sequence_47719,66.0,sequence_47807,42.0,462.882
sequence_47719,66.0,sequence_47804,23.0,351.0216
sequence_47719,66.0,sequence_47800,20.0,339.331
sequence_47719,66.0,sequence_47799,24.0,333.3898
sequence_47719,66.0,sequence_47664,32.0,277.1709
sequence_47719,66.0,sequence_47666,69.0,376.4472
sequence_47719,66.0,sequence_47671,36.0,270.528
sequence_47719,66.0,sequence_47727,45.0,350.45430000000005
sequence_47719,66.0,sequence_47756,37.0,367.3473
sequence_47719,66.0,sequence_47775,23.0,493.4843000000001
sequence_47719,66.0,sequence_47730,35.0,222.46540000000002
sequence_47719,66.0,sequence_47758,22.0,239.35840000000002
sequence_47719,66.0,sequence_47797,27.0,382.7092
sequence_47719,66.0,sequence_47798,23.0,234.156
sequence_47719,66.0,sequence_47751,34.0,328.7668999999999
sequence_47719,66.0,sequence_47741,102.0,317.0763
sequence_47719,66.0,sequence_47743,63.0,466.0475
sequence_47719,66.0,sequence_47752,67.0,256.50289999999995
sequence_47719,66.0,sequence_47745,83.0,189.64119999999997
sequence_47719,66.0,sequence_47747,72.0,68.22229999999999
sequence_47719,66.0,sequence_47748,79.0,84.6378
sequence_47719,66.0,sequence_47749,81.0,142.87669999999997
sequence_47719,66.0,sequence_47744,69.0,101.78229999999999
sequence_47719,66.0,sequence_47721,40.0,254.79519999999997
sequence_47719,66.0,sequence_47759,36.0,255.68869999999995
sequence_47719,66.0,sequence_47774,21.0,313.9108
sequence_47719,66.0,sequence_47770,25.0,80.98499999999999
sequence_47719,66.0,sequence_47713,51.0,350.303
sequence_47719,66.0,sequence_47738,55.0,328.95869999999996
sequence_47719,66.0,sequence_47769,25.0,308.1614
sequence_47719,66.0,sequence_47702,69.0,634.6553
sequence_47719,66.0,sequence_47672,76.0,392.5408
sequence_47719,66.0,sequence_47705,71.0,529.6296
sequence_47719,66.0,sequence_47694,51.0,412.5958999999999
sequence_47719,66.0,sequence_47691,40.0,368.0743
sequence_47719,66.0,sequence_47701,63.0,746.6872999999999
sequence_47719,66.0,sequence_47706,77.0,615.3479
sequence_47719,66.0,sequence_47675,57.0,534.3882
sequence_47719,66.0,sequence_47698,56.0,391.4554999999999
sequence_47719,66.0,sequence_47688,90.0,273.69640000000004
sequence_47719,66.0,sequence_47704,98.0,438.0261
sequence_47719,66.0,sequence_47708,111.0,306.6867
sequence_47719,66.0,sequence_47709,119.0,175.34730000000002
sequence_47719,66.0,sequence_47677,103.0,151.96609999999998
sequence_47719,66.0,sequence_47692,87.5,320.4163
sequence_47719,66.0,sequence_47703,95.0,586.9973
sequence_47719,66.0,sequence_47707,79.0,455.65790000000004
sequence_47719,66.0,sequence_47762,127.0,622.8050000000001
sequence_47719,66.0,sequence_47765,118.0,765.835
sequence_47719,66.0,sequence_47767,105.0,658.5616
sequence_47719,66.0,sequence_47812,121.0,611.1143999999999
sequence_47719,66.0,sequence_47761,120.0,616.8638000000001
sequence_47719,66.0,sequence_47764,118.0,632.4586999999999
sequence_47719,66.0,sequence_47763,122.0,630.7555
sequence_47719,66.0,sequence_47699,62.0,343.7975
sequence_47719,66.0,sequence_47687,92.0,248.1478
sequence_47719,66.0,sequence_47693,64.0,189.0769
sequence_47719,66.0,sequence_47690,63.0,236.7572
sequence_47719,66.0,sequence_47712,49.0,349.55139999999994
sequence_47719,66.0,sequence_47714,51.0,351.2546
sequence_47719,66.0,sequence_47725,57.0,377.35749999999996
sequence_47719,66.0,sequence_47669,32.0,388.0426
sequence_47719,66.0,sequence_47668,48.0,350.9318
sequence_47719,66.0,sequence_47670,97.0,250.85720000000003
sequence_47719,66.0,sequence_47665,50.0,248.82030000000003
sequence_47719,66.0,sequence_47661,52.0,239.16660000000002
sequence_47719,66.0,sequence_47667,86.0,350.1335
sequence_47719,66.0,sequence_47726,120.0,312.45000000000005
sequence_47719,66.0,sequence_47734,110.0,322.1037
sequence_47719,66.0,sequence_47811,24.0,405.3516
sequence_47719,66.0,sequence_47662,28.0,373.09670000000006
sequence_47719,66.0,sequence_47731,32.0,328.2894
sequence_47719,66.0,sequence_47733,25.0,228.21480000000003
sequence_47719,66.0,sequence_47732,30.0,344.70490000000007
sequence_47719,66.0,sequence_47755,100.0,328.76689999999996
sequence_47719,66.0,sequence_47746,94.0,195.39059999999995
sequence_47719,66.0,sequence_47754,70.0,228.6923
sequence_47719,66.0,sequence_47753,74.0,350.11119999999994
sequence_47719,66.0,sequence_47740,158.0,388.4468
sequence_47719,66.0,sequence_47742,108.0,275.16769999999997
sequence_47719,66.0,sequence_47715,101.0,248.85399999999998
sequence_47719,66.0,sequence_47718,81.0,243.1046
sequence_47719,66.0,sequence_47717,66.0,397.8252
sequence_47719,66.0,sequence_47720,80.0,16.41550000000001
sequence_47719,66.0,sequence_47716,84.0,170.8361
sequence_47719,66.0,sequence_47723,69.0,340.2467
sequence_47719,66.0,sequence_47722,75.0,266.4858
sequence_47719,66.0,sequence_47674,38.0,348.5953
sequence_47719,66.0,sequence_47676,56.0,300.9373
sequence_47719,66.0,sequence_47711,57.0,306.6912
sequence_47719,66.0,sequence_47739,35.0,287.0501
sequence_47719,66.0,sequence_47735,55.0,350.9128
sequence_47719,66.0,sequence_47793,16.0,468.08759999999995
sequence_47719,66.0,sequence_47801,4.0,381.23959999999994
sequence_47719,66.0,sequence_47805,22.0,467.19409999999993
sequence_47719,66.0,sequence_47802,4.0,386.9889999999999
sequence_47719,66.0,sequence_47794,18.0,472.94350000000003
sequence_47719,66.0,sequence_47728,12.0,344.12879999999996
sequence_47719,66.0,sequence_47808,4.0,462.88879999999995
sequence_47719,66.0,sequence_47792,12.0,434.16749999999996
sequence_47719,66.0,sequence_47791,4.0,416.05319999999995
sequence_47719,66.0,sequence_47788,5.0,387.88249999999994
sequence_47719,66.0,sequence_47729,34.0,396.16319999999996
sequence_47719,66.0,sequence_47809,10.0,514.9232
sequence_47719,66.0,sequence_47737,27.0,476.91889999999995
sequence_47719,66.0,sequence_47810,5.57,380.31879999999995
sequence_47719,66.0,sequence_47766,4.19,375.10279999999995
sequence_47719,66.0,sequence_47736,19.0,424.88449999999995
sequence_47723,69.0,sequence_47787,5.0,280.6296
sequence_47723,69.0,sequence_47684,23.0,193.0037
sequence_47723,69.0,sequence_47789,10.0,238.721
sequence_47723,69.0,sequence_47790,9.0,285.4855
sequence_47723,69.0,sequence_47781,12.0,212.7894
sequence_47723,69.0,sequence_47777,11.0,206.84820000000002
sequence_47723,69.0,sequence_47779,11.0,218.7306
sequence_47723,69.0,sequence_47784,21.0,340.9701
sequence_47723,69.0,sequence_47786,18.0,273.3673
sequence_47723,69.0,sequence_47782,17.0,296.74850000000004
sequence_47723,69.0,sequence_47772,12.0,242.6253
sequence_47723,69.0,sequence_47795,7.0,370.80600000000004
sequence_47723,69.0,sequence_47776,9.0,385.6553
sequence_47723,69.0,sequence_47685,24.0,198.7531
sequence_47723,69.0,sequence_47679,44.0,119.2223
sequence_47723,69.0,sequence_47695,52.0,192.1102
sequence_47723,69.0,sequence_47710,43.0,229.221
sequence_47723,69.0,sequence_47686,22.0,151.0951
sequence_47723,69.0,sequence_47778,26.0,164.9396
sequence_47723,69.0,sequence_47780,23.0,176.822
sequence_47723,69.0,sequence_47785,25.0,207.9916
sequence_47723,69.0,sequence_47803,12.0,237.8275
sequence_47723,69.0,sequence_47663,36.0,325.6082
sequence_47723,69.0,sequence_47757,36.0,319.8588
sequence_47723,69.0,sequence_47783,24.5,442.6453
sequence_47723,69.0,sequence_47796,20.0,314.6564
sequence_47723,69.0,sequence_47750,25.0,221.514
sequence_47723,69.0,sequence_47760,26.0,280.8849
sequence_47723,69.0,sequence_47773,19.0,200.7167
sequence_47723,69.0,sequence_47768,17.0,168.84390000000002
sequence_47723,69.0,sequence_47771,18.0,226.519
sequence_47723,69.0,sequence_47681,44.0,124.9717
sequence_47723,69.0,sequence_47696,47.0,197.85959999999997
sequence_47723,69.0,sequence_47680,73.0,237.00369999999998
sequence_47723,69.0,sequence_47673,65.5,81.21799999999999
sequence_47723,69.0,sequence_47700,65.0,367.278
sequence_47723,69.0,sequence_47689,52.0,252.45069999999998
sequence_47723,69.0,sequence_47683,75.0,226.2849
sequence_47723,69.0,sequence_47697,55.5,150.20159999999998
sequence_47723,69.0,sequence_47678,37.0,113.0908
sequence_47723,69.0,sequence_47682,53.0,77.3137
sequence_47723,69.0,sequence_47724,48.0,43.7537
sequence_47723,69.0,sequence_47806,73.0,412.9953
sequence_47723,69.0,sequence_47807,42.0,281.6559
sequence_47723,69.0,sequence_47804,23.0,158.2967
sequence_47723,69.0,sequence_47800,20.0,169.98729999999998
sequence_47723,69.0,sequence_47799,24.0,175.92849999999999
sequence_47723,69.0,sequence_47664,32.0,331.35760000000005
sequence_47723,69.0,sequence_47666,69.0,430.6339
sequence_47723,69.0,sequence_47671,36.0,324.7147
sequence_47723,69.0,sequence_47727,45.0,404.641
sequence_47723,69.0,sequence_47756,37.0,421.534
sequence_47723,69.0,sequence_47775,23.0,547.671
sequence_47723,69.0,sequence_47730,35.0,276.6521
sequence_47723,69.0,sequence_47758,22.0,293.5451
sequence_47723,69.0,sequence_47797,27.0,436.89590000000004
sequence_47723,69.0,sequence_47798,23.0,288.34270000000004
sequence_47723,69.0,sequence_47751,34.0,227.2634
sequence_47723,69.0,sequence_47741,102.0,159.615
sequence_47723,69.0,sequence_47743,63.0,296.7038
sequence_47723,69.0,sequence_47752,67.0,220.1884
sequence_47723,69.0,sequence_47745,83.0,306.35749999999996
sequence_47723,69.0,sequence_47747,72.0,408.46899999999994
sequence_47723,69.0,sequence_47748,79.0,424.8845
sequence_47723,69.0,sequence_47749,81.0,333.8145999999999
sequence_47723,69.0,sequence_47744,69.0,374.909
sequence_47723,69.0,sequence_47721,40.0,153.2917
sequence_47723,69.0,sequence_47759,36.0,154.1852
sequence_47723,69.0,sequence_47774,21.0,121.1859
sequence_47723,69.0,sequence_47770,25.0,354.1117
sequence_47723,69.0,sequence_47713,51.0,169.0769
sequence_47723,69.0,sequence_47738,55.0,147.7326
sequence_47723,69.0,sequence_47769,25.0,126.9353
sequence_47723,69.0,sequence_47702,69.0,373.0274
sequence_47723,69.0,sequence_47672,76.0,130.91289999999998
sequence_47723,69.0,sequence_47705,71.0,268.0017
sequence_47723,69.0,sequence_47694,51.0,362.9996
sequence_47723,69.0,sequence_47691,40.0,141.70999999999998
sequence_47723,69.0,sequence_47701,63.0,485.0594
sequence_47723,69.0,sequence_47706,77.0,353.71999999999997
sequence_47723,69.0,sequence_47675,57.0,272.7603
sequence_47723,69.0,sequence_47698,56.0,118.32879999999997
sequence_47723,69.0,sequence_47688,90.0,247.48129999999998
sequence_47723,69.0,sequence_47704,98.0,474.3406
sequence_47723,69.0,sequence_47708,111.0,343.0012
sequence_47723,69.0,sequence_47709,119.0,211.6618
sequence_47723,69.0,sequence_47677,103.0,188.2806
sequence_47723,69.0,sequence_47692,87.5,94.05199999999999
sequence_47723,69.0,sequence_47703,95.0,325.3694
sequence_47723,69.0,sequence_47707,79.0,194.03
sequence_47723,69.0,sequence_47762,127.0,441.5789
sequence_47723,69.0,sequence_47765,118.0,584.6089000000001
sequence_47723,69.0,sequence_47767,105.0,329.8137
sequence_47723,69.0,sequence_47812,121.0,429.88829999999996
sequence_47723,69.0,sequence_47761,120.0,435.6377
sequence_47723,69.0,sequence_47764,118.0,451.23259999999993
sequence_47723,69.0,sequence_47763,122.0,357.61979999999994
sequence_47723,69.0,sequence_47699,62.0,70.67079999999999
sequence_47723,69.0,sequence_47687,92.0,166.32049999999998
sequence_47723,69.0,sequence_47693,64.0,225.39139999999998
sequence_47723,69.0,sequence_47690,63.0,210.54209999999998
sequence_47723,69.0,sequence_47712,49.0,64.9169
sequence_47723,69.0,sequence_47714,51.0,158.5297
sequence_47723,69.0,sequence_47725,57.0,37.1108
sequence_47723,69.0,sequence_47669,32.0,442.22929999999997
sequence_47723,69.0,sequence_47668,48.0,405.11850000000004
sequence_47723,69.0,sequence_47670,97.0,305.0439
sequence_47723,69.0,sequence_47665,50.0,303.007
sequence_47723,69.0,sequence_47661,52.0,293.3533
sequence_47723,69.0,sequence_47667,86.0,404.3202
sequence_47723,69.0,sequence_47726,120.0,366.6367
sequence_47723,69.0,sequence_47734,110.0,376.29040000000003
sequence_47723,69.0,sequence_47811,24.0,459.53830000000005
sequence_47723,69.0,sequence_47662,28.0,427.28340000000003
sequence_47723,69.0,sequence_47731,32.0,382.47610000000003
sequence_47723,69.0,sequence_47733,25.0,282.4015
sequence_47723,69.0,sequence_47732,30.0,398.89160000000004
sequence_47723,69.0,sequence_47755,100.0,159.4232
sequence_47723,69.0,sequence_47746,94.0,312.1069
sequence_47723,69.0,sequence_47754,70.0,259.4978
sequence_47723,69.0,sequence_47753,74.0,157.3863
sequence_47723,69.0,sequence_47740,158.0,230.9855
sequence_47723,69.0,sequence_47742,108.0,117.7064
sequence_47723,69.0,sequence_47715,101.0,91.39269999999999
sequence_47723,69.0,sequence_47718,81.0,97.1421
sequence_47723,69.0,sequence_47717,66.0,228.48149999999998
sequence_47723,69.0,sequence_47720,80.0,356.6622
sequence_47723,69.0,sequence_47716,84.0,169.4106
sequence_47723,69.0,sequence_47719,66.0,340.2467
sequence_47723,69.0,sequence_47722,75.0,73.76089999999999
sequence_47723,69.0,sequence_47674,38.0,86.9674
sequence_47723,69.0,sequence_47676,56.0,39.3094
sequence_47723,69.0,sequence_47711,57.0,33.5555
sequence_47723,69.0,sequence_47739,35.0,105.824
sequence_47723,69.0,sequence_47735,55.0,22.16490000000001
sequence_47723,69.0,sequence_47793,16.0,298.7439
sequence_47723,69.0,sequence_47801,4.0,279.73609999999996
sequence_47723,69.0,sequence_47805,22.0,297.8504
sequence_47723,69.0,sequence_47802,4.0,285.4855
sequence_47723,69.0,sequence_47794,18.0,303.5998
sequence_47723,69.0,sequence_47728,12.0,242.6253
sequence_47723,69.0,sequence_47808,4.0,213.86350000000002
sequence_47723,69.0,sequence_47792,12.0,332.664
sequence_47723,69.0,sequence_47791,4.0,246.7095
sequence_47723,69.0,sequence_47788,5.0,286.379
sequence_47723,69.0,sequence_47729,34.0,294.65970000000004
sequence_47723,69.0,sequence_47809,10.0,265.89790000000005
sequence_47723,69.0,sequence_47737,27.0,227.89360000000002
sequence_47723,69.0,sequence_47810,5.57,263.60249999999996
sequence_47723,69.0,sequence_47766,4.19,268.8185
sequence_47723,69.0,sequence_47736,19.0,175.85920000000002
sequence_47722,75.0,sequence_47787,5.0,206.8687
sequence_47722,75.0,sequence_47684,23.0,199.64460000000003
sequence_47722,75.0,sequence_47789,10.0,164.9601
sequence_47722,75.0,sequence_47790,9.0,211.7246
sequence_47722,75.0,sequence_47781,12.0,139.0285
sequence_47722,75.0,sequence_47777,11.0,133.0873
sequence_47722,75.0,sequence_47779,11.0,144.9697
sequence_47722,75.0,sequence_47784,21.0,267.2092
sequence_47722,75.0,sequence_47786,18.0,199.6064
sequence_47722,75.0,sequence_47782,17.0,222.9876
sequence_47722,75.0,sequence_47772,12.0,168.8644
sequence_47722,75.0,sequence_47795,7.0,297.04510000000005
sequence_47722,75.0,sequence_47776,9.0,311.8944
sequence_47722,75.0,sequence_47685,24.0,205.394
sequence_47722,75.0,sequence_47679,44.0,125.8632
sequence_47722,75.0,sequence_47695,52.0,198.7511
sequence_47722,75.0,sequence_47710,43.0,235.8619
sequence_47722,75.0,sequence_47686,22.0,157.736
sequence_47722,75.0,sequence_47778,26.0,91.17869999999999
sequence_47722,75.0,sequence_47780,23.0,103.06110000000001
sequence_47722,75.0,sequence_47785,25.0,134.2307
sequence_47722,75.0,sequence_47803,12.0,164.0666
sequence_47722,75.0,sequence_47663,36.0,251.8473
sequence_47722,75.0,sequence_47757,36.0,246.09789999999998
sequence_47722,75.0,sequence_47783,24.5,368.8844
sequence_47722,75.0,sequence_47796,20.0,240.8955
sequence_47722,75.0,sequence_47750,25.0,147.75310000000002
sequence_47722,75.0,sequence_47760,26.0,354.6458
sequence_47722,75.0,sequence_47773,19.0,126.9558
sequence_47722,75.0,sequence_47768,17.0,95.083
sequence_47722,75.0,sequence_47771,18.0,152.75809999999998
sequence_47722,75.0,sequence_47681,44.0,131.6126
sequence_47722,75.0,sequence_47696,47.0,204.5005
sequence_47722,75.0,sequence_47680,73.0,243.64459999999997
sequence_47722,75.0,sequence_47673,65.5,87.8589
sequence_47722,75.0,sequence_47700,65.0,373.9189
sequence_47722,75.0,sequence_47689,52.0,259.09159999999997
sequence_47722,75.0,sequence_47683,75.0,232.92579999999998
sequence_47722,75.0,sequence_47697,55.5,156.8425
sequence_47722,75.0,sequence_47678,37.0,119.7317
sequence_47722,75.0,sequence_47682,53.0,83.9546
sequence_47722,75.0,sequence_47724,48.0,117.51459999999999
sequence_47722,75.0,sequence_47806,73.0,339.2344
sequence_47722,75.0,sequence_47807,42.0,207.895
sequence_47722,75.0,sequence_47804,23.0,84.5358
sequence_47722,75.0,sequence_47800,20.0,96.2264
sequence_47722,75.0,sequence_47799,24.0,102.1676
sequence_47722,75.0,sequence_47664,32.0,257.5967
sequence_47722,75.0,sequence_47666,69.0,356.873
sequence_47722,75.0,sequence_47671,36.0,250.9538
sequence_47722,75.0,sequence_47727,45.0,330.8801
sequence_47722,75.0,sequence_47756,37.0,347.7731
sequence_47722,75.0,sequence_47775,23.0,473.91010000000006
sequence_47722,75.0,sequence_47730,35.0,202.8912
sequence_47722,75.0,sequence_47758,22.0,219.7842
sequence_47722,75.0,sequence_47797,27.0,363.135
sequence_47722,75.0,sequence_47798,23.0,214.5818
sequence_47722,75.0,sequence_47751,34.0,153.5025
sequence_47722,75.0,sequence_47741,102.0,85.8541
sequence_47722,75.0,sequence_47743,63.0,222.9429
sequence_47722,75.0,sequence_47752,67.0,146.4275
sequence_47722,75.0,sequence_47745,83.0,232.59659999999997
sequence_47722,75.0,sequence_47747,72.0,334.70809999999994
sequence_47722,75.0,sequence_47748,79.0,351.12359999999995
sequence_47722,75.0,sequence_47749,81.0,260.05369999999994
sequence_47722,75.0,sequence_47744,69.0,301.14809999999994
sequence_47722,75.0,sequence_47721,40.0,79.5308
sequence_47722,75.0,sequence_47759,36.0,80.4243
sequence_47722,75.0,sequence_47774,21.0,47.425
sequence_47722,75.0,sequence_47770,25.0,280.3508
sequence_47722,75.0,sequence_47713,51.0,95.316
sequence_47722,75.0,sequence_47738,55.0,73.9717
sequence_47722,75.0,sequence_47769,25.0,53.1744
sequence_47722,75.0,sequence_47702,69.0,379.6683
sequence_47722,75.0,sequence_47672,76.0,137.5538
sequence_47722,75.0,sequence_47705,71.0,274.6426
sequence_47722,75.0,sequence_47694,51.0,369.6405
sequence_47722,75.0,sequence_47691,40.0,148.3509
sequence_47722,75.0,sequence_47701,63.0,491.70029999999997
sequence_47722,75.0,sequence_47706,77.0,360.3609
sequence_47722,75.0,sequence_47675,57.0,279.40119999999996
sequence_47722,75.0,sequence_47698,56.0,124.96969999999999
sequence_47722,75.0,sequence_47688,90.0,254.1222
sequence_47722,75.0,sequence_47704,98.0,480.9815
sequence_47722,75.0,sequence_47708,111.0,349.6421
sequence_47722,75.0,sequence_47709,119.0,218.30270000000002
sequence_47722,75.0,sequence_47677,103.0,194.92149999999998
sequence_47722,75.0,sequence_47692,87.5,100.69290000000001
sequence_47722,75.0,sequence_47703,95.0,332.0103
sequence_47722,75.0,sequence_47707,79.0,200.67090000000002
sequence_47722,75.0,sequence_47762,127.0,367.818
sequence_47722,75.0,sequence_47765,118.0,510.84799999999996
sequence_47722,75.0,sequence_47767,105.0,403.5746
sequence_47722,75.0,sequence_47812,121.0,356.12739999999997
sequence_47722,75.0,sequence_47761,120.0,361.8768
sequence_47722,75.0,sequence_47764,118.0,377.47169999999994
sequence_47722,75.0,sequence_47763,122.0,375.7685
sequence_47722,75.0,sequence_47699,62.0,77.3117
sequence_47722,75.0,sequence_47687,92.0,172.96140000000003
sequence_47722,75.0,sequence_47693,64.0,232.0323
sequence_47722,75.0,sequence_47690,63.0,217.183
sequence_47722,75.0,sequence_47712,49.0,83.06559999999999
sequence_47722,75.0,sequence_47714,51.0,84.7688
sequence_47722,75.0,sequence_47725,57.0,110.87169999999999
sequence_47722,75.0,sequence_47669,32.0,368.4684
sequence_47722,75.0,sequence_47668,48.0,331.3576
sequence_47722,75.0,sequence_47670,97.0,231.28300000000002
sequence_47722,75.0,sequence_47665,50.0,229.2461
sequence_47722,75.0,sequence_47661,52.0,219.5924
sequence_47722,75.0,sequence_47667,86.0,330.5593
sequence_47722,75.0,sequence_47726,120.0,292.8758
sequence_47722,75.0,sequence_47734,110.0,302.5295
sequence_47722,75.0,sequence_47811,24.0,385.7774
sequence_47722,75.0,sequence_47662,28.0,353.52250000000004
sequence_47722,75.0,sequence_47731,32.0,308.7152
sequence_47722,75.0,sequence_47733,25.0,208.6406
sequence_47722,75.0,sequence_47732,30.0,325.13070000000005
sequence_47722,75.0,sequence_47755,100.0,85.66229999999999
sequence_47722,75.0,sequence_47746,94.0,238.34599999999995
sequence_47722,75.0,sequence_47754,70.0,185.7369
sequence_47722,75.0,sequence_47753,74.0,83.62539999999998
sequence_47722,75.0,sequence_47740,158.0,157.2246
sequence_47722,75.0,sequence_47742,108.0,43.9455
sequence_47722,75.0,sequence_47715,101.0,17.631800000000005
sequence_47722,75.0,sequence_47718,81.0,23.381200000000003
sequence_47722,75.0,sequence_47717,66.0,154.7206
sequence_47722,75.0,sequence_47720,80.0,282.9013
sequence_47722,75.0,sequence_47716,84.0,95.64970000000001
sequence_47722,75.0,sequence_47719,66.0,266.4858
sequence_47722,75.0,sequence_47723,69.0,73.76089999999999
sequence_47722,75.0,sequence_47674,38.0,93.6083
sequence_47722,75.0,sequence_47676,56.0,45.950300000000006
sequence_47722,75.0,sequence_47711,57.0,51.7042
sequence_47722,75.0,sequence_47739,35.0,32.0631
sequence_47722,75.0,sequence_47735,55.0,95.9258
sequence_47722,75.0,sequence_47793,16.0,224.983
sequence_47722,75.0,sequence_47801,4.0,205.9752
sequence_47722,75.0,sequence_47805,22.0,224.0895
sequence_47722,75.0,sequence_47802,4.0,211.72459999999998
sequence_47722,75.0,sequence_47794,18.0,229.83890000000002
sequence_47722,75.0,sequence_47728,12.0,168.8644
sequence_47722,75.0,sequence_47808,4.0,287.62440000000004
sequence_47722,75.0,sequence_47792,12.0,258.9031
sequence_47722,75.0,sequence_47791,4.0,172.9486
sequence_47722,75.0,sequence_47788,5.0,212.61809999999997
sequence_47722,75.0,sequence_47729,34.0,220.8988
sequence_47722,75.0,sequence_47809,10.0,339.65880000000004
sequence_47722,75.0,sequence_47737,27.0,301.6545
sequence_47722,75.0,sequence_47810,5.57,205.05440000000002
sequence_47722,75.0,sequence_47766,4.19,199.8384
sequence_47722,75.0,sequence_47736,19.0,249.6201
sequence_47674,38.0,sequence_47787,5.0,216.65980000000002
sequence_47674,38.0,sequence_47684,23.0,129.03390000000002
sequence_47674,38.0,sequence_47789,10.0,258.5684
sequence_47674,38.0,sequence_47790,9.0,262.6443
sequence_47674,38.0,sequence_47781,12.0,137.3208
sequence_47674,38.0,sequence_47777,11.0,131.3796
sequence_47674,38.0,sequence_47779,11.0,143.262
sequence_47674,38.0,sequence_47784,21.0,265.5015
sequence_47674,38.0,sequence_47786,18.0,209.39749999999998
sequence_47674,38.0,sequence_47782,17.0,221.2799
sequence_47674,38.0,sequence_47772,12.0,178.65550000000002
sequence_47674,38.0,sequence_47795,7.0,306.8362
sequence_47674,38.0,sequence_47776,9.0,321.6855
sequence_47674,38.0,sequence_47685,24.0,123.28450000000001
sequence_47674,38.0,sequence_47679,44.0,43.7537
sequence_47674,38.0,sequence_47695,52.0,128.1404
sequence_47674,38.0,sequence_47710,43.0,165.25119999999998
sequence_47674,38.0,sequence_47686,22.0,170.9425
sequence_47674,38.0,sequence_47778,26.0,173.2882
sequence_47674,38.0,sequence_47780,23.0,185.1706
sequence_47674,38.0,sequence_47785,25.0,216.34019999999998
sequence_47674,38.0,sequence_47803,12.0,257.6749
sequence_47674,38.0,sequence_47663,36.0,250.13960000000003
sequence_47674,38.0,sequence_47757,36.0,244.39020000000002
sequence_47674,38.0,sequence_47783,24.5,408.30530000000005
sequence_47674,38.0,sequence_47796,20.0,239.18780000000004
sequence_47674,38.0,sequence_47750,25.0,157.5442
sequence_47674,38.0,sequence_47760,26.0,284.0351
sequence_47674,38.0,sequence_47773,19.0,220.5641
sequence_47674,38.0,sequence_47768,17.0,93.3753
sequence_47674,38.0,sequence_47771,18.0,162.54919999999998
sequence_47674,38.0,sequence_47681,44.0,38.0043
sequence_47674,38.0,sequence_47696,47.0,122.391
sequence_47674,38.0,sequence_47680,73.0,192.7249
sequence_47674,38.0,sequence_47673,65.5,5.7494
sequence_47674,38.0,sequence_47700,65.0,291.8094
sequence_47674,38.0,sequence_47689,52.0,176.9821
sequence_47674,38.0,sequence_47683,75.0,234.6335
sequence_47674,38.0,sequence_47697,55.5,170.04899999999998
sequence_47674,38.0,sequence_47678,37.0,132.9382
sequence_47674,38.0,sequence_47682,53.0,85.66229999999999
sequence_47674,38.0,sequence_47724,48.0,119.22229999999999
sequence_47674,38.0,sequence_47806,73.0,421.3439
sequence_47674,38.0,sequence_47807,42.0,290.0045
sequence_47674,38.0,sequence_47804,23.0,178.14409999999998
sequence_47674,38.0,sequence_47800,20.0,178.33589999999998
sequence_47674,38.0,sequence_47799,24.0,184.2771
sequence_47674,38.0,sequence_47664,32.0,244.39020000000002
sequence_47674,38.0,sequence_47666,69.0,355.1653
sequence_47674,38.0,sequence_47671,36.0,249.2461
sequence_47674,38.0,sequence_47727,45.0,370.30100000000004
sequence_47674,38.0,sequence_47756,37.0,387.1940000000001
sequence_47674,38.0,sequence_47775,23.0,513.331
sequence_47674,38.0,sequence_47730,35.0,201.18350000000004
sequence_47674,38.0,sequence_47758,22.0,218.0765
sequence_47674,38.0,sequence_47797,27.0,349.92850000000004
sequence_47674,38.0,sequence_47798,23.0,265.5015
sequence_47674,38.0,sequence_47751,34.0,151.7948
sequence_47674,38.0,sequence_47741,102.0,84.1464
sequence_47674,38.0,sequence_47743,63.0,221.23520000000002
sequence_47674,38.0,sequence_47752,67.0,156.21859999999998
sequence_47674,38.0,sequence_47745,83.0,230.8889
sequence_47674,38.0,sequence_47747,72.0,333.0004
sequence_47674,38.0,sequence_47748,79.0,349.41589999999997
sequence_47674,38.0,sequence_47749,81.0,258.346
sequence_47674,38.0,sequence_47744,69.0,299.4404
sequence_47674,38.0,sequence_47721,40.0,173.13909999999998
sequence_47674,38.0,sequence_47759,36.0,174.0326
sequence_47674,38.0,sequence_47774,21.0,141.0333
sequence_47674,38.0,sequence_47770,25.0,362.46029999999996
sequence_47674,38.0,sequence_47713,51.0,93.6083
sequence_47674,38.0,sequence_47738,55.0,72.264
sequence_47674,38.0,sequence_47769,25.0,135.2839
sequence_47674,38.0,sequence_47702,69.0,286.06
sequence_47674,38.0,sequence_47672,76.0,43.9455
sequence_47674,38.0,sequence_47705,71.0,181.0343
sequence_47674,38.0,sequence_47694,51.0,287.531
sequence_47674,38.0,sequence_47691,40.0,54.7426
sequence_47674,38.0,sequence_47701,63.0,440.7806
sequence_47674,38.0,sequence_47706,77.0,309.4412
sequence_47674,38.0,sequence_47675,57.0,228.48149999999998
sequence_47674,38.0,sequence_47698,56.0,42.8602
sequence_47674,38.0,sequence_47688,90.0,224.64010000000002
sequence_47674,38.0,sequence_47704,98.0,482.6892
sequence_47674,38.0,sequence_47708,111.0,351.34979999999996
sequence_47674,38.0,sequence_47709,119.0,220.0104
sequence_47674,38.0,sequence_47677,103.0,196.6292
sequence_47674,38.0,sequence_47692,87.5,102.4006
sequence_47674,38.0,sequence_47703,95.0,333.718
sequence_47674,38.0,sequence_47707,79.0,202.37859999999998
sequence_47674,38.0,sequence_47762,127.0,449.92750000000007
sequence_47674,38.0,sequence_47765,118.0,592.9575000000001
sequence_47674,38.0,sequence_47767,105.0,405.2823
sequence_47674,38.0,sequence_47812,121.0,438.23690000000005
sequence_47674,38.0,sequence_47761,120.0,443.9863
sequence_47674,38.0,sequence_47764,118.0,459.5812
sequence_47674,38.0,sequence_47763,122.0,377.4762
sequence_47674,38.0,sequence_47699,62.0,90.5182
sequence_47674,38.0,sequence_47687,92.0,174.66910000000001
sequence_47674,38.0,sequence_47693,64.0,233.74
sequence_47674,38.0,sequence_47690,63.0,218.89069999999998
sequence_47674,38.0,sequence_47712,49.0,96.2721
sequence_47674,38.0,sequence_47714,51.0,178.37709999999998
sequence_47674,38.0,sequence_47725,57.0,124.07819999999998
sequence_47674,38.0,sequence_47669,32.0,355.26189999999997
sequence_47674,38.0,sequence_47668,48.0,318.15110000000004
sequence_47674,38.0,sequence_47670,97.0,218.0765
sequence_47674,38.0,sequence_47665,50.0,216.0396
sequence_47674,38.0,sequence_47661,52.0,206.38590000000002
sequence_47674,38.0,sequence_47667,86.0,381.47900000000004
sequence_47674,38.0,sequence_47726,120.0,332.29670000000004
sequence_47674,38.0,sequence_47734,110.0,341.95040000000006
sequence_47674,38.0,sequence_47811,24.0,425.1983
sequence_47674,38.0,sequence_47662,28.0,392.94340000000005
sequence_47674,38.0,sequence_47731,32.0,295.50870000000003
sequence_47674,38.0,sequence_47733,25.0,195.4341
sequence_47674,38.0,sequence_47732,30.0,311.92420000000004
sequence_47674,38.0,sequence_47755,100.0,83.9546
sequence_47674,38.0,sequence_47746,94.0,225.1395
sequence_47674,38.0,sequence_47754,70.0,184.0292
sequence_47674,38.0,sequence_47753,74.0,81.9177
sequence_47674,38.0,sequence_47740,158.0,144.0181
sequence_47674,38.0,sequence_47742,108.0,126.055
sequence_47674,38.0,sequence_47715,101.0,99.7413
sequence_47674,38.0,sequence_47718,81.0,105.4907
sequence_47674,38.0,sequence_47717,66.0,236.83010000000002
sequence_47674,38.0,sequence_47720,80.0,365.01079999999996
sequence_47674,38.0,sequence_47716,84.0,177.75920000000002
sequence_47674,38.0,sequence_47719,66.0,348.5953
sequence_47674,38.0,sequence_47723,69.0,86.9674
sequence_47674,38.0,sequence_47722,75.0,93.6083
sequence_47674,38.0,sequence_47676,56.0,47.657999999999994
sequence_47674,38.0,sequence_47711,57.0,53.41189999999999
sequence_47674,38.0,sequence_47739,35.0,114.17259999999999
sequence_47674,38.0,sequence_47735,55.0,97.6335
sequence_47674,38.0,sequence_47793,16.0,234.7741
sequence_47674,38.0,sequence_47801,4.0,215.7663
sequence_47674,38.0,sequence_47805,22.0,233.88060000000002
sequence_47674,38.0,sequence_47802,4.0,210.01690000000002
sequence_47674,38.0,sequence_47794,18.0,229.9182
sequence_47674,38.0,sequence_47728,12.0,178.65550000000002
sequence_47674,38.0,sequence_47808,4.0,217.01370000000003
sequence_47674,38.0,sequence_47792,12.0,268.6942
sequence_47674,38.0,sequence_47791,4.0,182.7397
sequence_47674,38.0,sequence_47788,5.0,210.9104
sequence_47674,38.0,sequence_47729,34.0,230.68990000000002
sequence_47674,38.0,sequence_47809,10.0,269.04810000000003
sequence_47674,38.0,sequence_47737,27.0,231.04380000000003
sequence_47674,38.0,sequence_47810,5.57,199.6327
sequence_47674,38.0,sequence_47766,4.19,204.8487
sequence_47674,38.0,sequence_47736,19.0,179.00940000000003
sequence_47676,56.0,sequence_47787,5.0,252.81900000000002
sequence_47676,56.0,sequence_47684,23.0,165.19310000000002
sequence_47676,56.0,sequence_47789,10.0,210.9104
sequence_47676,56.0,sequence_47790,9.0,257.6749
sequence_47676,56.0,sequence_47781,12.0,173.48000000000002
sequence_47676,56.0,sequence_47777,11.0,167.53879999999998
sequence_47676,56.0,sequence_47779,11.0,179.4212
sequence_47676,56.0,sequence_47784,21.0,301.6607
sequence_47676,56.0,sequence_47786,18.0,245.55669999999998
sequence_47676,56.0,sequence_47782,17.0,257.4391
sequence_47676,56.0,sequence_47772,12.0,214.81470000000002
sequence_47676,56.0,sequence_47795,7.0,342.9954
sequence_47676,56.0,sequence_47776,9.0,357.8447
sequence_47676,56.0,sequence_47685,24.0,170.9425
sequence_47676,56.0,sequence_47679,44.0,79.9129
sequence_47676,56.0,sequence_47695,52.0,164.2996
sequence_47676,56.0,sequence_47710,43.0,201.41039999999998
sequence_47676,56.0,sequence_47686,22.0,123.28450000000001
sequence_47676,56.0,sequence_47778,26.0,125.6302
sequence_47676,56.0,sequence_47780,23.0,137.51260000000002
sequence_47676,56.0,sequence_47785,25.0,168.6822
sequence_47676,56.0,sequence_47803,12.0,210.01690000000002
sequence_47676,56.0,sequence_47663,36.0,286.2988
sequence_47676,56.0,sequence_47757,36.0,280.5494
sequence_47676,56.0,sequence_47783,24.5,403.33590000000004
sequence_47676,56.0,sequence_47796,20.0,275.347
sequence_47676,56.0,sequence_47750,25.0,193.7034
sequence_47676,56.0,sequence_47760,26.0,320.1943
sequence_47676,56.0,sequence_47773,19.0,172.9061
sequence_47676,56.0,sequence_47768,17.0,129.53449999999998
sequence_47676,56.0,sequence_47771,18.0,198.70839999999998
sequence_47676,56.0,sequence_47681,44.0,85.66229999999999
sequence_47676,56.0,sequence_47696,47.0,170.04899999999998
sequence_47676,56.0,sequence_47680,73.0,197.6943
sequence_47676,56.0,sequence_47673,65.5,41.90859999999999
sequence_47676,56.0,sequence_47700,65.0,327.9686
sequence_47676,56.0,sequence_47689,52.0,213.1413
sequence_47676,56.0,sequence_47683,75.0,186.9755
sequence_47676,56.0,sequence_47697,55.5,122.391
sequence_47676,56.0,sequence_47678,37.0,85.28020000000001
sequence_47676,56.0,sequence_47682,53.0,38.0043
sequence_47676,56.0,sequence_47724,48.0,71.5643
sequence_47676,56.0,sequence_47806,73.0,373.6859
sequence_47676,56.0,sequence_47807,42.0,242.3465
sequence_47676,56.0,sequence_47804,23.0,130.4861
sequence_47676,56.0,sequence_47800,20.0,130.6779
sequence_47676,56.0,sequence_47799,24.0,136.6191
sequence_47676,56.0,sequence_47664,32.0,292.0482
sequence_47676,56.0,sequence_47666,69.0,391.3245
sequence_47676,56.0,sequence_47671,36.0,285.4053
sequence_47676,56.0,sequence_47727,45.0,365.33160000000004
sequence_47676,56.0,sequence_47756,37.0,382.2246
sequence_47676,56.0,sequence_47775,23.0,508.36160000000007
sequence_47676,56.0,sequence_47730,35.0,237.34269999999998
sequence_47676,56.0,sequence_47758,22.0,254.2357
sequence_47676,56.0,sequence_47797,27.0,397.58650000000006
sequence_47676,56.0,sequence_47798,23.0,249.0333
sequence_47676,56.0,sequence_47751,34.0,199.4528
sequence_47676,56.0,sequence_47741,102.0,120.3056
sequence_47676,56.0,sequence_47743,63.0,257.3944
sequence_47676,56.0,sequence_47752,67.0,192.3778
sequence_47676,56.0,sequence_47745,83.0,267.0481
sequence_47676,56.0,sequence_47747,72.0,369.15959999999995
sequence_47676,56.0,sequence_47748,79.0,385.5751
sequence_47676,56.0,sequence_47749,81.0,294.50519999999995
sequence_47676,56.0,sequence_47744,69.0,335.5996
sequence_47676,56.0,sequence_47721,40.0,125.48110000000001
sequence_47676,56.0,sequence_47759,36.0,126.37460000000002
sequence_47676,56.0,sequence_47774,21.0,93.3753
sequence_47676,56.0,sequence_47770,25.0,314.8023
sequence_47676,56.0,sequence_47713,51.0,129.76749999999998
sequence_47676,56.0,sequence_47738,55.0,108.4232
sequence_47676,56.0,sequence_47769,25.0,87.6259
sequence_47676,56.0,sequence_47702,69.0,333.718
sequence_47676,56.0,sequence_47672,76.0,91.6035
sequence_47676,56.0,sequence_47705,71.0,228.6923
sequence_47676,56.0,sequence_47694,51.0,335.189
sequence_47676,56.0,sequence_47691,40.0,102.4006
sequence_47676,56.0,sequence_47701,63.0,445.75
sequence_47676,56.0,sequence_47706,77.0,314.4106
sequence_47676,56.0,sequence_47675,57.0,233.4509
sequence_47676,56.0,sequence_47698,56.0,90.5182
sequence_47676,56.0,sequence_47688,90.0,208.1719
sequence_47676,56.0,sequence_47704,98.0,435.0312
sequence_47676,56.0,sequence_47708,111.0,303.6918
sequence_47676,56.0,sequence_47709,119.0,172.35240000000002
sequence_47676,56.0,sequence_47677,103.0,148.9712
sequence_47676,56.0,sequence_47692,87.5,54.7426
sequence_47676,56.0,sequence_47703,95.0,286.06
sequence_47676,56.0,sequence_47707,79.0,154.7206
sequence_47676,56.0,sequence_47762,127.0,402.26950000000005
sequence_47676,56.0,sequence_47765,118.0,545.2995000000001
sequence_47676,56.0,sequence_47767,105.0,357.6243
sequence_47676,56.0,sequence_47812,121.0,390.57890000000003
sequence_47676,56.0,sequence_47761,120.0,396.3283
sequence_47676,56.0,sequence_47764,118.0,411.9232
sequence_47676,56.0,sequence_47763,122.0,329.8182
sequence_47676,56.0,sequence_47699,62.0,42.8602
sequence_47676,56.0,sequence_47687,92.0,127.01110000000001
sequence_47676,56.0,sequence_47693,64.0,186.082
sequence_47676,56.0,sequence_47690,63.0,171.23270000000002
sequence_47676,56.0,sequence_47712,49.0,48.61409999999999
sequence_47676,56.0,sequence_47714,51.0,130.7191
sequence_47676,56.0,sequence_47725,57.0,76.42019999999998
sequence_47676,56.0,sequence_47669,32.0,402.9199
sequence_47676,56.0,sequence_47668,48.0,365.8091
sequence_47676,56.0,sequence_47670,97.0,265.7345
sequence_47676,56.0,sequence_47665,50.0,263.6976
sequence_47676,56.0,sequence_47661,52.0,254.0439
sequence_47676,56.0,sequence_47667,86.0,365.0108
sequence_47676,56.0,sequence_47726,120.0,327.32730000000004
sequence_47676,56.0,sequence_47734,110.0,336.98100000000005
sequence_47676,56.0,sequence_47811,24.0,420.22890000000007
sequence_47676,56.0,sequence_47662,28.0,387.97400000000005
sequence_47676,56.0,sequence_47731,32.0,343.16670000000005
sequence_47676,56.0,sequence_47733,25.0,243.09210000000002
sequence_47676,56.0,sequence_47732,30.0,359.58220000000006
sequence_47676,56.0,sequence_47755,100.0,131.6126
sequence_47676,56.0,sequence_47746,94.0,272.7975
sequence_47676,56.0,sequence_47754,70.0,231.6872
sequence_47676,56.0,sequence_47753,74.0,129.57569999999998
sequence_47676,56.0,sequence_47740,158.0,191.67610000000002
sequence_47676,56.0,sequence_47742,108.0,78.397
sequence_47676,56.0,sequence_47715,101.0,52.08330000000001
sequence_47676,56.0,sequence_47718,81.0,57.83270000000001
sequence_47676,56.0,sequence_47717,66.0,189.1721
sequence_47676,56.0,sequence_47720,80.0,317.3528
sequence_47676,56.0,sequence_47716,84.0,130.1012
sequence_47676,56.0,sequence_47719,66.0,300.9373
sequence_47676,56.0,sequence_47723,69.0,39.3094
sequence_47676,56.0,sequence_47722,75.0,45.950300000000006
sequence_47676,56.0,sequence_47674,38.0,47.657999999999994
sequence_47676,56.0,sequence_47711,57.0,5.7538999999999945
sequence_47676,56.0,sequence_47739,35.0,66.5146
sequence_47676,56.0,sequence_47735,55.0,49.975500000000004
sequence_47676,56.0,sequence_47793,16.0,270.93330000000003
sequence_47676,56.0,sequence_47801,4.0,251.9255
sequence_47676,56.0,sequence_47805,22.0,270.0398
sequence_47676,56.0,sequence_47802,4.0,257.6749
sequence_47676,56.0,sequence_47794,18.0,275.7892
sequence_47676,56.0,sequence_47728,12.0,214.81470000000002
sequence_47676,56.0,sequence_47808,4.0,253.17290000000003
sequence_47676,56.0,sequence_47792,12.0,304.8534
sequence_47676,56.0,sequence_47791,4.0,218.8989
sequence_47676,56.0,sequence_47788,5.0,258.5684
sequence_47676,56.0,sequence_47729,34.0,266.8491
sequence_47676,56.0,sequence_47809,10.0,305.20730000000003
sequence_47676,56.0,sequence_47737,27.0,267.20300000000003
sequence_47676,56.0,sequence_47810,5.57,235.7919
sequence_47676,56.0,sequence_47766,4.19,241.0079
sequence_47676,56.0,sequence_47736,19.0,215.16860000000003
sequence_47711,57.0,sequence_47787,5.0,258.5729
sequence_47711,57.0,sequence_47684,23.0,170.947
sequence_47711,57.0,sequence_47789,10.0,216.6643
sequence_47711,57.0,sequence_47790,9.0,263.4288
sequence_47711,57.0,sequence_47781,12.0,179.2339
sequence_47711,57.0,sequence_47777,11.0,173.29269999999997
sequence_47711,57.0,sequence_47779,11.0,185.1751
sequence_47711,57.0,sequence_47784,21.0,307.41459999999995
sequence_47711,57.0,sequence_47786,18.0,251.31059999999997
sequence_47711,57.0,sequence_47782,17.0,263.193
sequence_47711,57.0,sequence_47772,12.0,220.5686
sequence_47711,57.0,sequence_47795,7.0,348.7493
sequence_47711,57.0,sequence_47776,9.0,363.5986
sequence_47711,57.0,sequence_47685,24.0,176.69639999999998
sequence_47711,57.0,sequence_47679,44.0,85.6668
sequence_47711,57.0,sequence_47695,52.0,170.05349999999999
sequence_47711,57.0,sequence_47710,43.0,207.16429999999997
sequence_47711,57.0,sequence_47686,22.0,129.0384
sequence_47711,57.0,sequence_47778,26.0,131.3841
sequence_47711,57.0,sequence_47780,23.0,143.2665
sequence_47711,57.0,sequence_47785,25.0,174.43609999999998
sequence_47711,57.0,sequence_47803,12.0,215.7708
sequence_47711,57.0,sequence_47663,36.0,292.05269999999996
sequence_47711,57.0,sequence_47757,36.0,286.3033
sequence_47711,57.0,sequence_47783,24.5,409.0898
sequence_47711,57.0,sequence_47796,20.0,281.10089999999997
sequence_47711,57.0,sequence_47750,25.0,199.4573
sequence_47711,57.0,sequence_47760,26.0,314.4404
sequence_47711,57.0,sequence_47773,19.0,178.66
sequence_47711,57.0,sequence_47768,17.0,135.28839999999997
sequence_47711,57.0,sequence_47771,18.0,204.46229999999997
sequence_47711,57.0,sequence_47681,44.0,91.41619999999999
sequence_47711,57.0,sequence_47696,47.0,175.8029
sequence_47711,57.0,sequence_47680,73.0,203.44819999999999
sequence_47711,57.0,sequence_47673,65.5,47.66249999999999
sequence_47711,57.0,sequence_47700,65.0,333.72249999999997
sequence_47711,57.0,sequence_47689,52.0,218.8952
sequence_47711,57.0,sequence_47683,75.0,192.7294
sequence_47711,57.0,sequence_47697,55.5,128.1449
sequence_47711,57.0,sequence_47678,37.0,91.0341
sequence_47711,57.0,sequence_47682,53.0,43.758199999999995
sequence_47711,57.0,sequence_47724,48.0,65.8104
sequence_47711,57.0,sequence_47806,73.0,379.4398
sequence_47711,57.0,sequence_47807,42.0,248.10039999999998
sequence_47711,57.0,sequence_47804,23.0,136.24
sequence_47711,57.0,sequence_47800,20.0,136.4318
sequence_47711,57.0,sequence_47799,24.0,142.373
sequence_47711,57.0,sequence_47664,32.0,297.8021
sequence_47711,57.0,sequence_47666,69.0,397.0784
sequence_47711,57.0,sequence_47671,36.0,291.1592
sequence_47711,57.0,sequence_47727,45.0,371.0855
sequence_47711,57.0,sequence_47756,37.0,387.97850000000005
sequence_47711,57.0,sequence_47775,23.0,514.1155
sequence_47711,57.0,sequence_47730,35.0,243.09659999999997
sequence_47711,57.0,sequence_47758,22.0,259.9896
sequence_47711,57.0,sequence_47797,27.0,403.34040000000005
sequence_47711,57.0,sequence_47798,23.0,254.78719999999998
sequence_47711,57.0,sequence_47751,34.0,205.2067
sequence_47711,57.0,sequence_47741,102.0,126.0595
sequence_47711,57.0,sequence_47743,63.0,263.1483
sequence_47711,57.0,sequence_47752,67.0,198.13170000000002
sequence_47711,57.0,sequence_47745,83.0,272.802
sequence_47711,57.0,sequence_47747,72.0,374.9135
sequence_47711,57.0,sequence_47748,79.0,391.329
sequence_47711,57.0,sequence_47749,81.0,300.2591
sequence_47711,57.0,sequence_47744,69.0,341.3535
sequence_47711,57.0,sequence_47721,40.0,131.235
sequence_47711,57.0,sequence_47759,36.0,132.1285
sequence_47711,57.0,sequence_47774,21.0,99.12919999999998
sequence_47711,57.0,sequence_47770,25.0,320.5562
sequence_47711,57.0,sequence_47713,51.0,135.52139999999997
sequence_47711,57.0,sequence_47738,55.0,114.1771
sequence_47711,57.0,sequence_47769,25.0,93.37979999999999
sequence_47711,57.0,sequence_47702,69.0,339.4719
sequence_47711,57.0,sequence_47672,76.0,97.35739999999998
sequence_47711,57.0,sequence_47705,71.0,234.44619999999998
sequence_47711,57.0,sequence_47694,51.0,340.9429
sequence_47711,57.0,sequence_47691,40.0,108.15449999999998
sequence_47711,57.0,sequence_47701,63.0,451.5039
sequence_47711,57.0,sequence_47706,77.0,320.1645
sequence_47711,57.0,sequence_47675,57.0,239.20479999999998
sequence_47711,57.0,sequence_47698,56.0,96.2721
sequence_47711,57.0,sequence_47688,90.0,213.9258
sequence_47711,57.0,sequence_47704,98.0,440.7851
sequence_47711,57.0,sequence_47708,111.0,309.4457
sequence_47711,57.0,sequence_47709,119.0,178.1063
sequence_47711,57.0,sequence_47677,103.0,154.7251
sequence_47711,57.0,sequence_47692,87.5,60.4965
sequence_47711,57.0,sequence_47703,95.0,291.8139
sequence_47711,57.0,sequence_47707,79.0,160.4745
sequence_47711,57.0,sequence_47762,127.0,408.0234
sequence_47711,57.0,sequence_47765,118.0,551.0534
sequence_47711,57.0,sequence_47767,105.0,351.87039999999996
sequence_47711,57.0,sequence_47812,121.0,396.33279999999996
sequence_47711,57.0,sequence_47761,120.0,402.0822
sequence_47711,57.0,sequence_47764,118.0,417.6771
sequence_47711,57.0,sequence_47763,122.0,324.0643
sequence_47711,57.0,sequence_47699,62.0,48.61409999999999
sequence_47711,57.0,sequence_47687,92.0,132.76500000000001
sequence_47711,57.0,sequence_47693,64.0,191.8359
sequence_47711,57.0,sequence_47690,63.0,176.9866
sequence_47711,57.0,sequence_47712,49.0,42.8602
sequence_47711,57.0,sequence_47714,51.0,136.47299999999998
sequence_47711,57.0,sequence_47725,57.0,70.66629999999999
sequence_47711,57.0,sequence_47669,32.0,408.67379999999997
sequence_47711,57.0,sequence_47668,48.0,371.563
sequence_47711,57.0,sequence_47670,97.0,271.4884
sequence_47711,57.0,sequence_47665,50.0,269.4515
sequence_47711,57.0,sequence_47661,52.0,259.7978
sequence_47711,57.0,sequence_47667,86.0,370.7647
sequence_47711,57.0,sequence_47726,120.0,333.0812
sequence_47711,57.0,sequence_47734,110.0,342.73490000000004
sequence_47711,57.0,sequence_47811,24.0,425.98280000000005
sequence_47711,57.0,sequence_47662,28.0,393.72790000000003
sequence_47711,57.0,sequence_47731,32.0,348.92060000000004
sequence_47711,57.0,sequence_47733,25.0,248.846
sequence_47711,57.0,sequence_47732,30.0,365.33610000000004
sequence_47711,57.0,sequence_47755,100.0,137.3665
sequence_47711,57.0,sequence_47746,94.0,278.5514
sequence_47711,57.0,sequence_47754,70.0,237.4411
sequence_47711,57.0,sequence_47753,74.0,135.3296
sequence_47711,57.0,sequence_47740,158.0,197.43
sequence_47711,57.0,sequence_47742,108.0,84.15090000000001
sequence_47711,57.0,sequence_47715,101.0,57.8372
sequence_47711,57.0,sequence_47718,81.0,63.586600000000004
sequence_47711,57.0,sequence_47717,66.0,194.92600000000002
sequence_47711,57.0,sequence_47720,80.0,323.1067
sequence_47711,57.0,sequence_47716,84.0,135.85510000000002
sequence_47711,57.0,sequence_47719,66.0,306.6912
sequence_47711,57.0,sequence_47723,69.0,33.5555
sequence_47711,57.0,sequence_47722,75.0,51.7042
sequence_47711,57.0,sequence_47674,38.0,53.41189999999999
sequence_47711,57.0,sequence_47676,56.0,5.7538999999999945
sequence_47711,57.0,sequence_47739,35.0,72.2685
sequence_47711,57.0,sequence_47735,55.0,44.22160000000001
sequence_47711,57.0,sequence_47793,16.0,276.68719999999996
sequence_47711,57.0,sequence_47801,4.0,257.6794
sequence_47711,57.0,sequence_47805,22.0,275.7937
sequence_47711,57.0,sequence_47802,4.0,263.4288
sequence_47711,57.0,sequence_47794,18.0,281.5431
sequence_47711,57.0,sequence_47728,12.0,220.5686
sequence_47711,57.0,sequence_47808,4.0,247.419
sequence_47711,57.0,sequence_47792,12.0,310.6073
sequence_47711,57.0,sequence_47791,4.0,224.65279999999998
sequence_47711,57.0,sequence_47788,5.0,264.3223
sequence_47711,57.0,sequence_47729,34.0,272.603
sequence_47711,57.0,sequence_47809,10.0,299.45340000000004
sequence_47711,57.0,sequence_47737,27.0,261.44910000000004
sequence_47711,57.0,sequence_47810,5.57,241.54579999999999
sequence_47711,57.0,sequence_47766,4.19,246.7618
sequence_47711,57.0,sequence_47736,19.0,209.4147
sequence_47739,35.0,sequence_47787,5.0,220.0904
sequence_47739,35.0,sequence_47684,23.0,231.7077
sequence_47739,35.0,sequence_47789,10.0,178.1818
sequence_47739,35.0,sequence_47790,9.0,224.9463
sequence_47739,35.0,sequence_47781,12.0,140.7514
sequence_47739,35.0,sequence_47777,11.0,134.8102
sequence_47739,35.0,sequence_47779,11.0,146.6926
sequence_47739,35.0,sequence_47784,21.0,268.9321
sequence_47739,35.0,sequence_47786,18.0,212.8281
sequence_47739,35.0,sequence_47782,17.0,224.7105
sequence_47739,35.0,sequence_47772,12.0,182.0861
sequence_47739,35.0,sequence_47795,7.0,310.2668
sequence_47739,35.0,sequence_47776,9.0,325.1161
sequence_47739,35.0,sequence_47685,24.0,237.4571
sequence_47739,35.0,sequence_47679,44.0,146.4275
sequence_47739,35.0,sequence_47695,52.0,230.8142
sequence_47739,35.0,sequence_47710,43.0,267.925
sequence_47739,35.0,sequence_47686,22.0,189.7991
sequence_47739,35.0,sequence_47778,26.0,92.9016
sequence_47739,35.0,sequence_47780,23.0,104.784
sequence_47739,35.0,sequence_47785,25.0,135.9536
sequence_47739,35.0,sequence_47803,12.0,177.2883
sequence_47739,35.0,sequence_47663,36.0,219.7842
sequence_47739,35.0,sequence_47757,36.0,214.0348
sequence_47739,35.0,sequence_47783,24.5,370.6073
sequence_47739,35.0,sequence_47796,20.0,242.6184
sequence_47739,35.0,sequence_47750,25.0,127.1888
sequence_47739,35.0,sequence_47760,26.0,386.7089
sequence_47739,35.0,sequence_47773,19.0,140.1775
sequence_47739,35.0,sequence_47768,17.0,96.8059
sequence_47739,35.0,sequence_47771,18.0,165.97979999999998
sequence_47739,35.0,sequence_47681,44.0,152.1769
sequence_47739,35.0,sequence_47696,47.0,236.5636
sequence_47739,35.0,sequence_47680,73.0,264.20889999999997
sequence_47739,35.0,sequence_47673,65.5,108.4232
sequence_47739,35.0,sequence_47700,65.0,394.4832
sequence_47739,35.0,sequence_47689,52.0,279.6559
sequence_47739,35.0,sequence_47683,75.0,253.4901
sequence_47739,35.0,sequence_47697,55.5,188.9056
sequence_47739,35.0,sequence_47678,37.0,151.7948
sequence_47739,35.0,sequence_47682,53.0,104.5189
sequence_47739,35.0,sequence_47724,48.0,138.0789
sequence_47739,35.0,sequence_47806,73.0,340.9573
sequence_47739,35.0,sequence_47807,42.0,209.6179
sequence_47739,35.0,sequence_47804,23.0,97.7575
sequence_47739,35.0,sequence_47800,20.0,97.9493
sequence_47739,35.0,sequence_47799,24.0,103.8905
sequence_47739,35.0,sequence_47664,32.0,225.5336
sequence_47739,35.0,sequence_47666,69.0,324.80989999999997
sequence_47739,35.0,sequence_47671,36.0,218.89069999999998
sequence_47739,35.0,sequence_47727,45.0,332.60300000000007
sequence_47739,35.0,sequence_47756,37.0,315.71000000000004
sequence_47739,35.0,sequence_47775,23.0,475.63300000000004
sequence_47739,35.0,sequence_47730,35.0,204.6141
sequence_47739,35.0,sequence_47758,22.0,187.72109999999998
sequence_47739,35.0,sequence_47797,27.0,364.85790000000003
sequence_47739,35.0,sequence_47798,23.0,216.30470000000003
sequence_47739,35.0,sequence_47751,34.0,132.9382
sequence_47739,35.0,sequence_47741,102.0,53.791
sequence_47739,35.0,sequence_47743,63.0,190.8798
sequence_47739,35.0,sequence_47752,67.0,125.8632
sequence_47739,35.0,sequence_47745,83.0,200.5335
sequence_47739,35.0,sequence_47747,72.0,302.645
sequence_47739,35.0,sequence_47748,79.0,319.0605
sequence_47739,35.0,sequence_47749,81.0,227.99059999999997
sequence_47739,35.0,sequence_47744,69.0,269.085
sequence_47739,35.0,sequence_47721,40.0,111.5939
sequence_47739,35.0,sequence_47759,36.0,110.7004
sequence_47739,35.0,sequence_47774,21.0,60.6467
sequence_47739,35.0,sequence_47770,25.0,282.07370000000003
sequence_47739,35.0,sequence_47713,51.0,63.25289999999999
sequence_47739,35.0,sequence_47738,55.0,41.90859999999999
sequence_47739,35.0,sequence_47769,25.0,54.8973
sequence_47739,35.0,sequence_47702,69.0,400.23260000000005
sequence_47739,35.0,sequence_47672,76.0,158.1181
sequence_47739,35.0,sequence_47705,71.0,295.2069
sequence_47739,35.0,sequence_47694,51.0,401.70360000000005
sequence_47739,35.0,sequence_47691,40.0,168.9152
sequence_47739,35.0,sequence_47701,63.0,512.2646
sequence_47739,35.0,sequence_47706,77.0,380.9252
sequence_47739,35.0,sequence_47675,57.0,299.9655
sequence_47739,35.0,sequence_47698,56.0,157.0328
sequence_47739,35.0,sequence_47688,90.0,274.6865
sequence_47739,35.0,sequence_47704,98.0,501.54580000000004
sequence_47739,35.0,sequence_47708,111.0,370.20640000000003
sequence_47739,35.0,sequence_47709,119.0,238.86700000000002
sequence_47739,35.0,sequence_47677,103.0,215.4858
sequence_47739,35.0,sequence_47692,87.5,121.25720000000001
sequence_47739,35.0,sequence_47703,95.0,352.57460000000003
sequence_47739,35.0,sequence_47707,79.0,221.23520000000002
sequence_47739,35.0,sequence_47762,127.0,335.75489999999996
sequence_47739,35.0,sequence_47765,118.0,478.78489999999994
sequence_47739,35.0,sequence_47767,105.0,424.1389
sequence_47739,35.0,sequence_47812,121.0,324.0643
sequence_47739,35.0,sequence_47761,120.0,329.8137
sequence_47739,35.0,sequence_47764,118.0,345.40860000000004
sequence_47739,35.0,sequence_47763,122.0,396.33279999999996
sequence_47739,35.0,sequence_47699,62.0,109.3748
sequence_47739,35.0,sequence_47687,92.0,193.52570000000003
sequence_47739,35.0,sequence_47693,64.0,252.59660000000002
sequence_47739,35.0,sequence_47690,63.0,237.7473
sequence_47739,35.0,sequence_47712,49.0,115.1287
sequence_47739,35.0,sequence_47714,51.0,64.2045
sequence_47739,35.0,sequence_47725,57.0,142.93480000000002
sequence_47739,35.0,sequence_47669,32.0,336.4053
sequence_47739,35.0,sequence_47668,48.0,299.29449999999997
sequence_47739,35.0,sequence_47670,97.0,199.2199
sequence_47739,35.0,sequence_47665,50.0,197.183
sequence_47739,35.0,sequence_47661,52.0,187.5293
sequence_47739,35.0,sequence_47667,86.0,298.49620000000004
sequence_47739,35.0,sequence_47726,120.0,294.5987
sequence_47739,35.0,sequence_47734,110.0,304.2524
sequence_47739,35.0,sequence_47811,24.0,353.71430000000004
sequence_47739,35.0,sequence_47662,28.0,321.4594
sequence_47739,35.0,sequence_47731,32.0,310.4381
sequence_47739,35.0,sequence_47733,25.0,210.3635
sequence_47739,35.0,sequence_47732,30.0,326.85360000000003
sequence_47739,35.0,sequence_47755,100.0,65.098
sequence_47739,35.0,sequence_47746,94.0,206.28289999999998
sequence_47739,35.0,sequence_47754,70.0,165.1726
sequence_47739,35.0,sequence_47753,74.0,63.061099999999996
sequence_47739,35.0,sequence_47740,158.0,125.16150000000002
sequence_47739,35.0,sequence_47742,108.0,11.882400000000004
sequence_47739,35.0,sequence_47715,101.0,38.1961
sequence_47739,35.0,sequence_47718,81.0,43.9455
sequence_47739,35.0,sequence_47717,66.0,175.2849
sequence_47739,35.0,sequence_47720,80.0,303.4656
sequence_47739,35.0,sequence_47716,84.0,116.21400000000001
sequence_47739,35.0,sequence_47719,66.0,287.0501
sequence_47739,35.0,sequence_47723,69.0,105.824
sequence_47739,35.0,sequence_47722,75.0,32.0631
sequence_47739,35.0,sequence_47674,38.0,114.17259999999999
sequence_47739,35.0,sequence_47676,56.0,66.5146
sequence_47739,35.0,sequence_47711,57.0,72.2685
sequence_47739,35.0,sequence_47735,55.0,116.49010000000001
sequence_47739,35.0,sequence_47793,16.0,238.2047
sequence_47739,35.0,sequence_47801,4.0,219.1969
sequence_47739,35.0,sequence_47805,22.0,237.31119999999999
sequence_47739,35.0,sequence_47802,4.0,224.9463
sequence_47739,35.0,sequence_47794,18.0,243.0606
sequence_47739,35.0,sequence_47728,12.0,182.0861
sequence_47739,35.0,sequence_47808,4.0,319.6875
sequence_47739,35.0,sequence_47792,12.0,272.12480000000005
sequence_47739,35.0,sequence_47791,4.0,186.1703
sequence_47739,35.0,sequence_47788,5.0,225.8398
sequence_47739,35.0,sequence_47729,34.0,234.12050000000002
sequence_47739,35.0,sequence_47809,10.0,371.7219
sequence_47739,35.0,sequence_47737,27.0,333.71760000000006
sequence_47739,35.0,sequence_47810,5.57,237.1175
sequence_47739,35.0,sequence_47766,4.19,231.9015
sequence_47739,35.0,sequence_47736,19.0,281.6832
sequence_47735,55.0,sequence_47787,5.0,302.7945
sequence_47735,55.0,sequence_47684,23.0,215.16860000000003
sequence_47735,55.0,sequence_47789,10.0,260.8859
sequence_47735,55.0,sequence_47790,9.0,307.6504
sequence_47735,55.0,sequence_47781,12.0,223.45550000000003
sequence_47735,55.0,sequence_47777,11.0,217.5143
sequence_47735,55.0,sequence_47779,11.0,229.3967
sequence_47735,55.0,sequence_47784,21.0,351.63620000000003
sequence_47735,55.0,sequence_47786,18.0,295.5322
sequence_47735,55.0,sequence_47782,17.0,307.4146
sequence_47735,55.0,sequence_47772,12.0,264.7902
sequence_47735,55.0,sequence_47795,7.0,392.97090000000003
sequence_47735,55.0,sequence_47776,9.0,407.8202
sequence_47735,55.0,sequence_47685,24.0,220.918
sequence_47735,55.0,sequence_47679,44.0,129.8884
sequence_47735,55.0,sequence_47695,52.0,214.2751
sequence_47735,55.0,sequence_47710,43.0,251.3859
sequence_47735,55.0,sequence_47686,22.0,173.26000000000002
sequence_47735,55.0,sequence_47778,26.0,175.6057
sequence_47735,55.0,sequence_47780,23.0,187.48810000000003
sequence_47735,55.0,sequence_47785,25.0,218.6577
sequence_47735,55.0,sequence_47803,12.0,259.9924
sequence_47735,55.0,sequence_47663,36.0,336.27430000000004
sequence_47735,55.0,sequence_47757,36.0,330.5249
sequence_47735,55.0,sequence_47783,24.5,453.31140000000005
sequence_47735,55.0,sequence_47796,20.0,325.3225
sequence_47735,55.0,sequence_47750,25.0,243.6789
sequence_47735,55.0,sequence_47760,26.0,270.2188
sequence_47735,55.0,sequence_47773,19.0,222.88160000000002
sequence_47735,55.0,sequence_47768,17.0,179.51
sequence_47735,55.0,sequence_47771,18.0,248.6839
sequence_47735,55.0,sequence_47681,44.0,135.6378
sequence_47735,55.0,sequence_47696,47.0,220.0245
sequence_47735,55.0,sequence_47680,73.0,247.6698
sequence_47735,55.0,sequence_47673,65.5,91.88409999999999
sequence_47735,55.0,sequence_47700,65.0,377.9441
sequence_47735,55.0,sequence_47689,52.0,263.1168
sequence_47735,55.0,sequence_47683,75.0,236.95100000000002
sequence_47735,55.0,sequence_47697,55.5,172.3665
sequence_47735,55.0,sequence_47678,37.0,135.25570000000002
sequence_47735,55.0,sequence_47682,53.0,87.97980000000001
sequence_47735,55.0,sequence_47724,48.0,54.41980000000001
sequence_47735,55.0,sequence_47806,73.0,423.6614
sequence_47735,55.0,sequence_47807,42.0,292.322
sequence_47735,55.0,sequence_47804,23.0,180.4616
sequence_47735,55.0,sequence_47800,20.0,180.6534
sequence_47735,55.0,sequence_47799,24.0,186.5946
sequence_47735,55.0,sequence_47664,32.0,342.0237
sequence_47735,55.0,sequence_47666,69.0,441.29999999999995
sequence_47735,55.0,sequence_47671,36.0,335.3808
sequence_47735,55.0,sequence_47727,45.0,415.30710000000005
sequence_47735,55.0,sequence_47756,37.0,432.2001
sequence_47735,55.0,sequence_47775,23.0,558.3371
sequence_47735,55.0,sequence_47730,35.0,287.3182
sequence_47735,55.0,sequence_47758,22.0,304.21119999999996
sequence_47735,55.0,sequence_47797,27.0,447.56200000000007
sequence_47735,55.0,sequence_47798,23.0,299.00880000000006
sequence_47735,55.0,sequence_47751,34.0,249.4283
sequence_47735,55.0,sequence_47741,102.0,170.2811
sequence_47735,55.0,sequence_47743,63.0,307.36990000000003
sequence_47735,55.0,sequence_47752,67.0,242.35330000000002
sequence_47735,55.0,sequence_47745,83.0,317.0236
sequence_47735,55.0,sequence_47747,72.0,419.13509999999997
sequence_47735,55.0,sequence_47748,79.0,435.55060000000003
sequence_47735,55.0,sequence_47749,81.0,344.48069999999996
sequence_47735,55.0,sequence_47744,69.0,385.5751
sequence_47735,55.0,sequence_47721,40.0,175.4566
sequence_47735,55.0,sequence_47759,36.0,176.3501
sequence_47735,55.0,sequence_47774,21.0,143.35080000000002
sequence_47735,55.0,sequence_47770,25.0,364.7778
sequence_47735,55.0,sequence_47713,51.0,179.743
sequence_47735,55.0,sequence_47738,55.0,158.39870000000002
sequence_47735,55.0,sequence_47769,25.0,137.6014
sequence_47735,55.0,sequence_47702,69.0,383.69350000000003
sequence_47735,55.0,sequence_47672,76.0,141.579
sequence_47735,55.0,sequence_47705,71.0,278.6678
sequence_47735,55.0,sequence_47694,51.0,385.16450000000003
sequence_47735,55.0,sequence_47691,40.0,152.3761
sequence_47735,55.0,sequence_47701,63.0,495.7255
sequence_47735,55.0,sequence_47706,77.0,364.3861
sequence_47735,55.0,sequence_47675,57.0,283.4264
sequence_47735,55.0,sequence_47698,56.0,140.4937
sequence_47735,55.0,sequence_47688,90.0,258.1474
sequence_47735,55.0,sequence_47704,98.0,485.0067
sequence_47735,55.0,sequence_47708,111.0,353.6673
sequence_47735,55.0,sequence_47709,119.0,222.3279
sequence_47735,55.0,sequence_47677,103.0,198.94670000000002
sequence_47735,55.0,sequence_47692,87.5,104.71809999999999
sequence_47735,55.0,sequence_47703,95.0,336.0355
sequence_47735,55.0,sequence_47707,79.0,204.6961
sequence_47735,55.0,sequence_47762,127.0,452.24499999999995
sequence_47735,55.0,sequence_47765,118.0,595.2749999999999
sequence_47735,55.0,sequence_47767,105.0,340.4798
sequence_47735,55.0,sequence_47812,121.0,440.55440000000004
sequence_47735,55.0,sequence_47761,120.0,446.30379999999997
sequence_47735,55.0,sequence_47764,118.0,461.8987
sequence_47735,55.0,sequence_47763,122.0,368.2859
sequence_47735,55.0,sequence_47699,62.0,92.83569999999999
sequence_47735,55.0,sequence_47687,92.0,176.9866
sequence_47735,55.0,sequence_47693,64.0,236.0575
sequence_47735,55.0,sequence_47690,63.0,221.2082
sequence_47735,55.0,sequence_47712,49.0,87.0818
sequence_47735,55.0,sequence_47714,51.0,180.6946
sequence_47735,55.0,sequence_47725,57.0,59.27570000000001
sequence_47735,55.0,sequence_47669,32.0,452.8954
sequence_47735,55.0,sequence_47668,48.0,415.7846
sequence_47735,55.0,sequence_47670,97.0,315.71000000000004
sequence_47735,55.0,sequence_47665,50.0,313.6731
sequence_47735,55.0,sequence_47661,52.0,304.0194
sequence_47735,55.0,sequence_47667,86.0,414.9863
sequence_47735,55.0,sequence_47726,120.0,377.30280000000005
sequence_47735,55.0,sequence_47734,110.0,386.95650000000006
sequence_47735,55.0,sequence_47811,24.0,470.2044000000001
sequence_47735,55.0,sequence_47662,28.0,437.94950000000006
sequence_47735,55.0,sequence_47731,32.0,393.14220000000006
sequence_47735,55.0,sequence_47733,25.0,293.0676
sequence_47735,55.0,sequence_47732,30.0,409.55770000000007
sequence_47735,55.0,sequence_47755,100.0,181.5881
sequence_47735,55.0,sequence_47746,94.0,322.773
sequence_47735,55.0,sequence_47754,70.0,281.6627
sequence_47735,55.0,sequence_47753,74.0,179.5512
sequence_47735,55.0,sequence_47740,158.0,241.65160000000003
sequence_47735,55.0,sequence_47742,108.0,128.3725
sequence_47735,55.0,sequence_47715,101.0,102.0588
sequence_47735,55.0,sequence_47718,81.0,107.8082
sequence_47735,55.0,sequence_47717,66.0,239.1476
sequence_47735,55.0,sequence_47720,80.0,367.3283
sequence_47735,55.0,sequence_47716,84.0,180.07670000000002
sequence_47735,55.0,sequence_47719,66.0,350.9128
sequence_47735,55.0,sequence_47723,69.0,22.16490000000001
sequence_47735,55.0,sequence_47722,75.0,95.9258
sequence_47735,55.0,sequence_47674,38.0,97.6335
sequence_47735,55.0,sequence_47676,56.0,49.975500000000004
sequence_47735,55.0,sequence_47711,57.0,44.22160000000001
sequence_47735,55.0,sequence_47739,35.0,116.49010000000001
sequence_47735,55.0,sequence_47793,16.0,320.90880000000004
sequence_47735,55.0,sequence_47801,4.0,301.901
sequence_47735,55.0,sequence_47805,22.0,320.0153
sequence_47735,55.0,sequence_47802,4.0,307.6504
sequence_47735,55.0,sequence_47794,18.0,325.7647
sequence_47735,55.0,sequence_47728,12.0,264.7902
sequence_47735,55.0,sequence_47808,4.0,203.19740000000002
sequence_47735,55.0,sequence_47792,12.0,354.82890000000003
sequence_47735,55.0,sequence_47791,4.0,268.87440000000004
sequence_47735,55.0,sequence_47788,5.0,308.5439
sequence_47735,55.0,sequence_47729,34.0,316.82460000000003
sequence_47735,55.0,sequence_47809,10.0,255.23180000000002
sequence_47735,55.0,sequence_47737,27.0,217.22750000000002
sequence_47735,55.0,sequence_47810,5.57,285.7674
sequence_47735,55.0,sequence_47766,4.19,290.9834
sequence_47735,55.0,sequence_47736,19.0,165.19310000000002
sequence_47793,16.0,sequence_47787,5.0,85.9545
sequence_47793,16.0,sequence_47684,23.0,173.5804
sequence_47793,16.0,sequence_47789,10.0,127.8631
sequence_47793,16.0,sequence_47790,9.0,143.43779999999998
sequence_47793,16.0,sequence_47781,12.0,109.33570000000002
sequence_47793,16.0,sequence_47777,11.0,103.39450000000001
sequence_47793,16.0,sequence_47779,11.0,103.39450000000001
sequence_47793,16.0,sequence_47784,21.0,214.13520000000003
sequence_47793,16.0,sequence_47786,18.0,25.37660000000001
sequence_47793,16.0,sequence_47782,17.0,169.91360000000003
sequence_47793,16.0,sequence_47772,12.0,123.9588
sequence_47793,16.0,sequence_47795,7.0,176.1309
sequence_47793,16.0,sequence_47776,9.0,266.98879999999997
sequence_47793,16.0,sequence_47685,24.0,179.3298
sequence_47793,16.0,sequence_47679,44.0,191.0204
sequence_47793,16.0,sequence_47695,52.0,174.47390000000001
sequence_47793,16.0,sequence_47710,43.0,211.5847
sequence_47793,16.0,sequence_47686,22.0,215.489
sequence_47793,16.0,sequence_47778,26.0,145.3031
sequence_47793,16.0,sequence_47780,23.0,145.3031
sequence_47793,16.0,sequence_47785,25.0,164.97390000000001
sequence_47793,16.0,sequence_47803,12.0,128.7566
sequence_47793,16.0,sequence_47663,36.0,274.7819
sequence_47793,16.0,sequence_47757,36.0,269.0325
sequence_47793,16.0,sequence_47783,24.5,368.43780000000004
sequence_47793,16.0,sequence_47796,20.0,240.44890000000004
sequence_47793,16.0,sequence_47750,25.0,178.8561
sequence_47793,16.0,sequence_47760,26.0,404.59020000000004
sequence_47793,16.0,sequence_47773,19.0,165.8674
sequence_47793,16.0,sequence_47768,17.0,141.3988
sequence_47793,16.0,sequence_47771,18.0,123.06530000000001
sequence_47793,16.0,sequence_47681,44.0,196.7698
sequence_47793,16.0,sequence_47696,47.0,180.2233
sequence_47793,16.0,sequence_47680,73.0,339.9916
sequence_47793,16.0,sequence_47673,65.5,229.0247
sequence_47793,16.0,sequence_47700,65.0,515.0847
sequence_47793,16.0,sequence_47689,52.0,302.6546
sequence_47793,16.0,sequence_47683,75.0,381.9002
sequence_47793,16.0,sequence_47697,55.5,216.3825
sequence_47793,16.0,sequence_47678,37.0,253.4933
sequence_47793,16.0,sequence_47682,53.0,232.929
sequence_47793,16.0,sequence_47724,48.0,266.48900000000003
sequence_47793,16.0,sequence_47806,73.0,469.3674
sequence_47793,16.0,sequence_47807,42.0,314.6468
sequence_47793,16.0,sequence_47804,23.0,140.44719999999998
sequence_47793,16.0,sequence_47800,20.0,152.1378
sequence_47793,16.0,sequence_47799,24.0,146.1966
sequence_47793,16.0,sequence_47664,32.0,280.53130000000004
sequence_47793,16.0,sequence_47666,69.0,455.81620000000004
sequence_47793,16.0,sequence_47671,36.0,349.89700000000005
sequence_47793,16.0,sequence_47727,45.0,406.44210000000004
sequence_47793,16.0,sequence_47756,37.0,423.3351
sequence_47793,16.0,sequence_47775,23.0,549.4721000000001
sequence_47793,16.0,sequence_47730,35.0,278.45320000000004
sequence_47793,16.0,sequence_47758,22.0,295.3462
sequence_47793,16.0,sequence_47797,27.0,362.6884
sequence_47793,16.0,sequence_47798,23.0,266.7626
sequence_47793,16.0,sequence_47751,34.0,184.6055
sequence_47793,16.0,sequence_47741,102.0,196.29610000000002
sequence_47793,16.0,sequence_47743,63.0,345.2673
sequence_47793,16.0,sequence_47752,67.0,245.37070000000003
sequence_47793,16.0,sequence_47745,83.0,354.92099999999994
sequence_47793,16.0,sequence_47747,72.0,433.6513
sequence_47793,16.0,sequence_47748,79.0,450.06680000000006
sequence_47793,16.0,sequence_47749,81.0,358.9969
sequence_47793,16.0,sequence_47744,69.0,400.09130000000005
sequence_47793,16.0,sequence_47721,40.0,213.2924
sequence_47793,16.0,sequence_47759,36.0,212.3989
sequence_47793,16.0,sequence_47774,21.0,177.558
sequence_47793,16.0,sequence_47770,25.0,387.1026
sequence_47793,16.0,sequence_47713,51.0,217.6404
sequence_47793,16.0,sequence_47738,55.0,196.29610000000002
sequence_47793,16.0,sequence_47769,25.0,183.3074
sequence_47793,16.0,sequence_47702,69.0,520.8341
sequence_47793,16.0,sequence_47672,76.0,202.711
sequence_47793,16.0,sequence_47705,71.0,339.7998
sequence_47793,16.0,sequence_47694,51.0,241.29450000000003
sequence_47793,16.0,sequence_47691,40.0,191.9139
sequence_47793,16.0,sequence_47701,63.0,664.0559000000001
sequence_47793,16.0,sequence_47706,77.0,532.7165
sequence_47793,16.0,sequence_47675,57.0,451.7568
sequence_47793,16.0,sequence_47698,56.0,191.9139
sequence_47793,16.0,sequence_47688,90.0,350.3126000000001
sequence_47793,16.0,sequence_47704,98.0,705.9645
sequence_47793,16.0,sequence_47708,111.0,574.6251
sequence_47793,16.0,sequence_47709,119.0,419.9045
sequence_47793,16.0,sequence_47677,103.0,419.9045
sequence_47793,16.0,sequence_47692,87.5,228.0731
sequence_47793,16.0,sequence_47703,95.0,556.9933
sequence_47793,16.0,sequence_47707,79.0,425.6539
sequence_47793,16.0,sequence_47762,127.0,497.951
sequence_47793,16.0,sequence_47765,118.0,640.981
sequence_47793,16.0,sequence_47767,105.0,552.549
sequence_47793,16.0,sequence_47812,121.0,486.2604
sequence_47793,16.0,sequence_47761,120.0,492.00980000000004
sequence_47793,16.0,sequence_47764,118.0,507.6047
sequence_47793,16.0,sequence_47763,122.0,524.7429
sequence_47793,16.0,sequence_47699,62.0,228.0731
sequence_47793,16.0,sequence_47687,92.0,300.3416
sequence_47793,16.0,sequence_47693,64.0,382.7937
sequence_47793,16.0,sequence_47690,63.0,344.56320000000005
sequence_47793,16.0,sequence_47712,49.0,233.827
sequence_47793,16.0,sequence_47714,51.0,216.6888
sequence_47793,16.0,sequence_47725,57.0,261.6331
sequence_47793,16.0,sequence_47669,32.0,393.19000000000005
sequence_47793,16.0,sequence_47668,48.0,430.30080000000004
sequence_47793,16.0,sequence_47670,97.0,330.22620000000006
sequence_47793,16.0,sequence_47665,50.0,328.1893
sequence_47793,16.0,sequence_47661,52.0,318.53560000000004
sequence_47793,16.0,sequence_47667,86.0,482.1299
sequence_47793,16.0,sequence_47726,120.0,444.44640000000004
sequence_47793,16.0,sequence_47734,110.0,454.10010000000005
sequence_47793,16.0,sequence_47811,24.0,385.33080000000007
sequence_47793,16.0,sequence_47662,28.0,429.08450000000005
sequence_47793,16.0,sequence_47731,32.0,384.2772
sequence_47793,16.0,sequence_47733,25.0,284.2026
sequence_47793,16.0,sequence_47732,30.0,400.6927
sequence_47793,16.0,sequence_47755,100.0,184.6055
sequence_47793,16.0,sequence_47746,94.0,360.6704
sequence_47793,16.0,sequence_47754,70.0,284.68010000000004
sequence_47793,16.0,sequence_47753,74.0,205.9498
sequence_47793,16.0,sequence_47740,158.0,267.6666
sequence_47793,16.0,sequence_47742,108.0,238.2047
sequence_47793,16.0,sequence_47715,101.0,230.73239999999998
sequence_47793,16.0,sequence_47718,81.0,224.983
sequence_47793,16.0,sequence_47717,66.0,379.7036
sequence_47793,16.0,sequence_47720,80.0,484.5031
sequence_47793,16.0,sequence_47716,84.0,297.2515
sequence_47793,16.0,sequence_47719,66.0,468.08759999999995
sequence_47793,16.0,sequence_47723,69.0,298.7439
sequence_47793,16.0,sequence_47722,75.0,224.983
sequence_47793,16.0,sequence_47674,38.0,234.7741
sequence_47793,16.0,sequence_47676,56.0,270.93330000000003
sequence_47793,16.0,sequence_47711,57.0,276.68719999999996
sequence_47793,16.0,sequence_47739,35.0,238.2047
sequence_47793,16.0,sequence_47735,55.0,320.90880000000004
sequence_47793,16.0,sequence_47801,4.0,86.848
sequence_47793,16.0,sequence_47805,22.0,0.8934999999999995
sequence_47793,16.0,sequence_47802,4.0,92.59740000000001
sequence_47793,16.0,sequence_47794,18.0,6.642899999999999
sequence_47793,16.0,sequence_47728,12.0,123.9588
sequence_47793,16.0,sequence_47808,4.0,185.5516
sequence_47793,16.0,sequence_47792,12.0,33.9201
sequence_47793,16.0,sequence_47791,4.0,52.034400000000005
sequence_47793,16.0,sequence_47788,5.0,91.7039
sequence_47793,16.0,sequence_47729,34.0,71.92439999999999
sequence_47793,16.0,sequence_47809,10.0,133.5172
sequence_47793,16.0,sequence_47737,27.0,171.5215
sequence_47793,16.0,sequence_47810,5.57,102.9816
sequence_47793,16.0,sequence_47766,4.19,97.76559999999999
sequence_47793,16.0,sequence_47736,19.0,223.5559
sequence_47801,4.0,sequence_47787,5.0,0.8934999999999995
sequence_47801,4.0,sequence_47684,23.0,88.5194
sequence_47801,4.0,sequence_47789,10.0,42.802099999999996
sequence_47801,4.0,sequence_47790,9.0,58.3768
sequence_47801,4.0,sequence_47781,12.0,92.1149
sequence_47801,4.0,sequence_47777,11.0,86.17370000000001
sequence_47801,4.0,sequence_47779,11.0,86.17370000000001
sequence_47801,4.0,sequence_47784,21.0,129.0742
sequence_47801,4.0,sequence_47786,18.0,84.85260000000001
sequence_47801,4.0,sequence_47782,17.0,84.85260000000001
sequence_47801,4.0,sequence_47772,12.0,37.1108
sequence_47801,4.0,sequence_47795,7.0,91.0699
sequence_47801,4.0,sequence_47776,9.0,180.14079999999998
sequence_47801,4.0,sequence_47685,24.0,94.2688
sequence_47801,4.0,sequence_47679,44.0,173.7996
sequence_47801,4.0,sequence_47695,52.0,87.6259
sequence_47801,4.0,sequence_47710,43.0,124.7367
sequence_47801,4.0,sequence_47686,22.0,130.428
sequence_47801,4.0,sequence_47778,26.0,128.0823
sequence_47801,4.0,sequence_47780,23.0,128.08229999999998
sequence_47801,4.0,sequence_47785,25.0,96.91269999999999
sequence_47801,4.0,sequence_47803,12.0,41.90859999999999
sequence_47801,4.0,sequence_47663,36.0,189.7209
sequence_47801,4.0,sequence_47757,36.0,183.9715
sequence_47801,4.0,sequence_47783,24.5,283.3768
sequence_47801,4.0,sequence_47796,20.0,153.6009
sequence_47801,4.0,sequence_47750,25.0,92.0081
sequence_47801,4.0,sequence_47760,26.0,317.7422
sequence_47801,4.0,sequence_47773,19.0,79.01939999999999
sequence_47801,4.0,sequence_47768,17.0,122.391
sequence_47801,4.0,sequence_47771,18.0,53.2171
sequence_47801,4.0,sequence_47681,44.0,179.549
sequence_47801,4.0,sequence_47696,47.0,93.3753
sequence_47801,4.0,sequence_47680,73.0,322.7708
sequence_47801,4.0,sequence_47673,65.5,210.01690000000002
sequence_47801,4.0,sequence_47700,65.0,496.0769
sequence_47801,4.0,sequence_47689,52.0,215.8066
sequence_47801,4.0,sequence_47683,75.0,364.6794
sequence_47801,4.0,sequence_47697,55.5,129.53449999999998
sequence_47801,4.0,sequence_47678,37.0,166.6453
sequence_47801,4.0,sequence_47682,53.0,215.7082
sequence_47801,4.0,sequence_47724,48.0,249.2682
sequence_47801,4.0,sequence_47806,73.0,450.3596
sequence_47801,4.0,sequence_47807,42.0,295.639
sequence_47801,4.0,sequence_47804,23.0,121.4394
sequence_47801,4.0,sequence_47800,20.0,133.13
sequence_47801,4.0,sequence_47799,24.0,127.18879999999999
sequence_47801,4.0,sequence_47664,32.0,195.4703
sequence_47801,4.0,sequence_47666,69.0,368.9682
sequence_47801,4.0,sequence_47671,36.0,263.049
sequence_47801,4.0,sequence_47727,45.0,321.3811
sequence_47801,4.0,sequence_47756,37.0,338.2741
sequence_47801,4.0,sequence_47775,23.0,462.6241
sequence_47801,4.0,sequence_47730,35.0,191.6052
sequence_47801,4.0,sequence_47758,22.0,208.4982
sequence_47801,4.0,sequence_47797,27.0,275.84040000000005
sequence_47801,4.0,sequence_47798,23.0,179.91459999999998
sequence_47801,4.0,sequence_47751,34.0,97.7575
sequence_47801,4.0,sequence_47741,102.0,177.2883
sequence_47801,4.0,sequence_47743,63.0,326.2595
sequence_47801,4.0,sequence_47752,67.0,158.5227
sequence_47801,4.0,sequence_47745,83.0,335.91319999999996
sequence_47801,4.0,sequence_47747,72.0,346.8033
sequence_47801,4.0,sequence_47748,79.0,363.2188
sequence_47801,4.0,sequence_47749,81.0,289.14869999999996
sequence_47801,4.0,sequence_47744,69.0,313.2433
sequence_47801,4.0,sequence_47721,40.0,126.44439999999999
sequence_47801,4.0,sequence_47759,36.0,125.5509
sequence_47801,4.0,sequence_47774,21.0,158.55020000000002
sequence_47801,4.0,sequence_47770,25.0,300.2545999999999
sequence_47801,4.0,sequence_47713,51.0,198.6326
sequence_47801,4.0,sequence_47738,55.0,177.2883
sequence_47801,4.0,sequence_47769,25.0,164.2996
sequence_47801,4.0,sequence_47702,69.0,501.8263
sequence_47801,4.0,sequence_47672,76.0,185.49020000000002
sequence_47801,4.0,sequence_47705,71.0,322.579
sequence_47801,4.0,sequence_47694,51.0,258.5153
sequence_47801,4.0,sequence_47691,40.0,172.9061
sequence_47801,4.0,sequence_47701,63.0,645.0481
sequence_47801,4.0,sequence_47706,77.0,513.7087
sequence_47801,4.0,sequence_47675,57.0,432.74899999999997
sequence_47801,4.0,sequence_47698,56.0,172.9061
sequence_47801,4.0,sequence_47688,90.0,263.4646
sequence_47801,4.0,sequence_47704,98.0,686.9567
sequence_47801,4.0,sequence_47708,111.0,555.6172999999999
sequence_47801,4.0,sequence_47709,119.0,400.8967
sequence_47801,4.0,sequence_47677,103.0,400.89669999999995
sequence_47801,4.0,sequence_47692,87.5,209.06529999999998
sequence_47801,4.0,sequence_47703,95.0,537.9855
sequence_47801,4.0,sequence_47707,79.0,406.6461
sequence_47801,4.0,sequence_47762,127.0,478.9432
sequence_47801,4.0,sequence_47765,118.0,621.9732
sequence_47801,4.0,sequence_47767,105.0,533.5412
sequence_47801,4.0,sequence_47812,121.0,467.25260000000003
sequence_47801,4.0,sequence_47761,120.0,473.002
sequence_47801,4.0,sequence_47764,118.0,488.5969
sequence_47801,4.0,sequence_47763,122.0,505.7351
sequence_47801,4.0,sequence_47699,62.0,209.0653
sequence_47801,4.0,sequence_47687,92.0,213.4936
sequence_47801,4.0,sequence_47693,64.0,363.78589999999997
sequence_47801,4.0,sequence_47690,63.0,257.7152
sequence_47801,4.0,sequence_47712,49.0,214.8192
sequence_47801,4.0,sequence_47714,51.0,197.681
sequence_47801,4.0,sequence_47725,57.0,242.6253
sequence_47801,4.0,sequence_47669,32.0,306.342
sequence_47801,4.0,sequence_47668,48.0,343.4528
sequence_47801,4.0,sequence_47670,97.0,243.3782
sequence_47801,4.0,sequence_47665,50.0,241.3413
sequence_47801,4.0,sequence_47661,52.0,231.6876
sequence_47801,4.0,sequence_47667,86.0,395.2819
sequence_47801,4.0,sequence_47726,120.0,357.59839999999997
sequence_47801,4.0,sequence_47734,110.0,367.2521
sequence_47801,4.0,sequence_47811,24.0,300.2698
sequence_47801,4.0,sequence_47662,28.0,344.0235
sequence_47801,4.0,sequence_47731,32.0,297.42920000000004
sequence_47801,4.0,sequence_47733,25.0,197.3546
sequence_47801,4.0,sequence_47732,30.0,313.84470000000005
sequence_47801,4.0,sequence_47755,100.0,165.59769999999997
sequence_47801,4.0,sequence_47746,94.0,341.6626
sequence_47801,4.0,sequence_47754,70.0,197.83209999999997
sequence_47801,4.0,sequence_47753,74.0,186.942
sequence_47801,4.0,sequence_47740,158.0,248.65879999999999
sequence_47801,4.0,sequence_47742,108.0,219.19689999999997
sequence_47801,4.0,sequence_47715,101.0,211.72459999999998
sequence_47801,4.0,sequence_47718,81.0,205.97519999999997
sequence_47801,4.0,sequence_47717,66.0,360.69579999999996
sequence_47801,4.0,sequence_47720,80.0,397.65509999999995
sequence_47801,4.0,sequence_47716,84.0,210.40349999999998
sequence_47801,4.0,sequence_47719,66.0,381.23959999999994
sequence_47801,4.0,sequence_47723,69.0,279.73609999999996
sequence_47801,4.0,sequence_47722,75.0,205.9752
sequence_47801,4.0,sequence_47674,38.0,215.7663
sequence_47801,4.0,sequence_47676,56.0,251.9255
sequence_47801,4.0,sequence_47711,57.0,257.6794
sequence_47801,4.0,sequence_47739,35.0,219.1969
sequence_47801,4.0,sequence_47735,55.0,301.901
sequence_47801,4.0,sequence_47793,16.0,86.848
sequence_47801,4.0,sequence_47805,22.0,85.9545
sequence_47801,4.0,sequence_47802,4.0,5.7494
sequence_47801,4.0,sequence_47794,18.0,93.49090000000001
sequence_47801,4.0,sequence_47728,12.0,38.897800000000004
sequence_47801,4.0,sequence_47808,4.0,100.49060000000001
sequence_47801,4.0,sequence_47792,12.0,52.92790000000001
sequence_47801,4.0,sequence_47791,4.0,34.813599999999994
sequence_47801,4.0,sequence_47788,5.0,6.642899999999999
sequence_47801,4.0,sequence_47729,34.0,90.93220000000001
sequence_47801,4.0,sequence_47809,10.0,152.52500000000003
sequence_47801,4.0,sequence_47737,27.0,190.52930000000003
sequence_47801,4.0,sequence_47810,5.57,17.9206
sequence_47801,4.0,sequence_47766,4.19,12.7046
sequence_47801,4.0,sequence_47736,19.0,138.49490000000003
sequence_47805,22.0,sequence_47787,5.0,86.848
sequence_47805,22.0,sequence_47684,23.0,174.47390000000001
sequence_47805,22.0,sequence_47789,10.0,128.7566
sequence_47805,22.0,sequence_47790,9.0,144.33129999999997
sequence_47805,22.0,sequence_47781,12.0,110.22920000000002
sequence_47805,22.0,sequence_47777,11.0,104.28800000000001
sequence_47805,22.0,sequence_47779,11.0,104.28800000000001
sequence_47805,22.0,sequence_47784,21.0,215.02870000000001
sequence_47805,22.0,sequence_47786,18.0,26.27010000000001
sequence_47805,22.0,sequence_47782,17.0,170.80710000000002
sequence_47805,22.0,sequence_47772,12.0,123.0653
sequence_47805,22.0,sequence_47795,7.0,177.0244
sequence_47805,22.0,sequence_47776,9.0,266.09529999999995
sequence_47805,22.0,sequence_47685,24.0,180.2233
sequence_47805,22.0,sequence_47679,44.0,191.9139
sequence_47805,22.0,sequence_47695,52.0,173.5804
sequence_47805,22.0,sequence_47710,43.0,210.69119999999998
sequence_47805,22.0,sequence_47686,22.0,216.3825
sequence_47805,22.0,sequence_47778,26.0,146.1966
sequence_47805,22.0,sequence_47780,23.0,146.1966
sequence_47805,22.0,sequence_47785,25.0,165.8674
sequence_47805,22.0,sequence_47803,12.0,127.8631
sequence_47805,22.0,sequence_47663,36.0,275.6754
sequence_47805,22.0,sequence_47757,36.0,269.92600000000004
sequence_47805,22.0,sequence_47783,24.5,369.33130000000006
sequence_47805,22.0,sequence_47796,20.0,239.55540000000002
sequence_47805,22.0,sequence_47750,25.0,177.9626
sequence_47805,22.0,sequence_47760,26.0,403.6967
sequence_47805,22.0,sequence_47773,19.0,164.97390000000001
sequence_47805,22.0,sequence_47768,17.0,140.5053
sequence_47805,22.0,sequence_47771,18.0,122.1718
sequence_47805,22.0,sequence_47681,44.0,197.6633
sequence_47805,22.0,sequence_47696,47.0,179.3298
sequence_47805,22.0,sequence_47680,73.0,340.8851
sequence_47805,22.0,sequence_47673,65.5,228.1312
sequence_47805,22.0,sequence_47700,65.0,514.1912
sequence_47805,22.0,sequence_47689,52.0,301.76110000000006
sequence_47805,22.0,sequence_47683,75.0,382.7937
sequence_47805,22.0,sequence_47697,55.5,215.489
sequence_47805,22.0,sequence_47678,37.0,252.59980000000002
sequence_47805,22.0,sequence_47682,53.0,233.8225
sequence_47805,22.0,sequence_47724,48.0,267.3825
sequence_47805,22.0,sequence_47806,73.0,468.47389999999996
sequence_47805,22.0,sequence_47807,42.0,313.75329999999997
sequence_47805,22.0,sequence_47804,23.0,139.5537
sequence_47805,22.0,sequence_47800,20.0,151.2443
sequence_47805,22.0,sequence_47799,24.0,145.3031
sequence_47805,22.0,sequence_47664,32.0,281.4248
sequence_47805,22.0,sequence_47666,69.0,454.9227000000001
sequence_47805,22.0,sequence_47671,36.0,349.00350000000003
sequence_47805,22.0,sequence_47727,45.0,407.33560000000006
sequence_47805,22.0,sequence_47756,37.0,424.22860000000003
sequence_47805,22.0,sequence_47775,23.0,548.5786
sequence_47805,22.0,sequence_47730,35.0,277.5597
sequence_47805,22.0,sequence_47758,22.0,294.45270000000005
sequence_47805,22.0,sequence_47797,27.0,361.79490000000004
sequence_47805,22.0,sequence_47798,23.0,265.86910000000006
sequence_47805,22.0,sequence_47751,34.0,183.712
sequence_47805,22.0,sequence_47741,102.0,195.4026
sequence_47805,22.0,sequence_47743,63.0,344.3738
sequence_47805,22.0,sequence_47752,67.0,244.47720000000004
sequence_47805,22.0,sequence_47745,83.0,354.0275
sequence_47805,22.0,sequence_47747,72.0,432.7578
sequence_47805,22.0,sequence_47748,79.0,449.17330000000004
sequence_47805,22.0,sequence_47749,81.0,358.1034
sequence_47805,22.0,sequence_47744,69.0,399.19780000000003
sequence_47805,22.0,sequence_47721,40.0,212.3989
sequence_47805,22.0,sequence_47759,36.0,211.5054
sequence_47805,22.0,sequence_47774,21.0,176.66449999999998
sequence_47805,22.0,sequence_47770,25.0,386.2091
sequence_47805,22.0,sequence_47713,51.0,216.74689999999998
sequence_47805,22.0,sequence_47738,55.0,195.4026
sequence_47805,22.0,sequence_47769,25.0,182.4139
sequence_47805,22.0,sequence_47702,69.0,519.9406
sequence_47805,22.0,sequence_47672,76.0,203.6045
sequence_47805,22.0,sequence_47705,71.0,340.6933
sequence_47805,22.0,sequence_47694,51.0,240.401
sequence_47805,22.0,sequence_47691,40.0,191.0204
sequence_47805,22.0,sequence_47701,63.0,663.1623999999999
sequence_47805,22.0,sequence_47706,77.0,531.823
sequence_47805,22.0,sequence_47675,57.0,450.8633
sequence_47805,22.0,sequence_47698,56.0,191.0204
sequence_47805,22.0,sequence_47688,90.0,349.41910000000007
sequence_47805,22.0,sequence_47704,98.0,705.0709999999999
sequence_47805,22.0,sequence_47708,111.0,573.7316
sequence_47805,22.0,sequence_47709,119.0,419.01099999999997
sequence_47805,22.0,sequence_47677,103.0,419.01099999999997
sequence_47805,22.0,sequence_47692,87.5,227.17960000000002
sequence_47805,22.0,sequence_47703,95.0,556.0998
sequence_47805,22.0,sequence_47707,79.0,424.7604
sequence_47805,22.0,sequence_47762,127.0,497.0575
sequence_47805,22.0,sequence_47765,118.0,640.0875
sequence_47805,22.0,sequence_47767,105.0,551.6555
sequence_47805,22.0,sequence_47812,121.0,485.3669
sequence_47805,22.0,sequence_47761,120.0,491.1163
sequence_47805,22.0,sequence_47764,118.0,506.71119999999996
sequence_47805,22.0,sequence_47763,122.0,523.8494
sequence_47805,22.0,sequence_47699,62.0,227.1796
sequence_47805,22.0,sequence_47687,92.0,299.4481
sequence_47805,22.0,sequence_47693,64.0,381.9002
sequence_47805,22.0,sequence_47690,63.0,343.66970000000003
sequence_47805,22.0,sequence_47712,49.0,232.93349999999998
sequence_47805,22.0,sequence_47714,51.0,215.7953
sequence_47805,22.0,sequence_47725,57.0,260.7396
sequence_47805,22.0,sequence_47669,32.0,392.29650000000004
sequence_47805,22.0,sequence_47668,48.0,429.4073
sequence_47805,22.0,sequence_47670,97.0,329.33270000000005
sequence_47805,22.0,sequence_47665,50.0,327.29580000000004
sequence_47805,22.0,sequence_47661,52.0,317.6421
sequence_47805,22.0,sequence_47667,86.0,481.23640000000006
sequence_47805,22.0,sequence_47726,120.0,443.5529
sequence_47805,22.0,sequence_47734,110.0,453.20660000000004
sequence_47805,22.0,sequence_47811,24.0,386.2243
sequence_47805,22.0,sequence_47662,28.0,429.97800000000007
sequence_47805,22.0,sequence_47731,32.0,383.38370000000003
sequence_47805,22.0,sequence_47733,25.0,283.30910000000006
sequence_47805,22.0,sequence_47732,30.0,399.79920000000004
sequence_47805,22.0,sequence_47755,100.0,183.712
sequence_47805,22.0,sequence_47746,94.0,359.7769
sequence_47805,22.0,sequence_47754,70.0,283.7866
sequence_47805,22.0,sequence_47753,74.0,205.05630000000002
sequence_47805,22.0,sequence_47740,158.0,266.7731
sequence_47805,22.0,sequence_47742,108.0,237.31119999999999
sequence_47805,22.0,sequence_47715,101.0,229.8389
sequence_47805,22.0,sequence_47718,81.0,224.08950000000002
sequence_47805,22.0,sequence_47717,66.0,378.8101
sequence_47805,22.0,sequence_47720,80.0,483.6096
sequence_47805,22.0,sequence_47716,84.0,296.358
sequence_47805,22.0,sequence_47719,66.0,467.19409999999993
sequence_47805,22.0,sequence_47723,69.0,297.8504
sequence_47805,22.0,sequence_47722,75.0,224.0895
sequence_47805,22.0,sequence_47674,38.0,233.88060000000002
sequence_47805,22.0,sequence_47676,56.0,270.0398
sequence_47805,22.0,sequence_47711,57.0,275.7937
sequence_47805,22.0,sequence_47739,35.0,237.31119999999999
sequence_47805,22.0,sequence_47735,55.0,320.0153
sequence_47805,22.0,sequence_47793,16.0,0.8934999999999995
sequence_47805,22.0,sequence_47801,4.0,85.9545
sequence_47805,22.0,sequence_47802,4.0,91.7039
sequence_47805,22.0,sequence_47794,18.0,7.536399999999999
sequence_47805,22.0,sequence_47728,12.0,124.8523
sequence_47805,22.0,sequence_47808,4.0,186.44510000000002
sequence_47805,22.0,sequence_47792,12.0,34.813599999999994
sequence_47805,22.0,sequence_47791,4.0,52.92790000000001
sequence_47805,22.0,sequence_47788,5.0,92.59740000000001
sequence_47805,22.0,sequence_47729,34.0,72.81790000000001
sequence_47805,22.0,sequence_47809,10.0,134.41070000000002
sequence_47805,22.0,sequence_47737,27.0,172.41500000000002
sequence_47805,22.0,sequence_47810,5.57,103.8751
sequence_47805,22.0,sequence_47766,4.19,98.6591
sequence_47805,22.0,sequence_47736,19.0,224.44940000000003
sequence_47802,4.0,sequence_47787,5.0,6.642899999999999
sequence_47802,4.0,sequence_47684,23.0,94.2688
sequence_47802,4.0,sequence_47789,10.0,48.55149999999999
sequence_47802,4.0,sequence_47790,9.0,52.627399999999994
sequence_47802,4.0,sequence_47781,12.0,97.8643
sequence_47802,4.0,sequence_47777,11.0,91.9231
sequence_47802,4.0,sequence_47779,11.0,91.9231
sequence_47802,4.0,sequence_47784,21.0,134.8236
sequence_47802,4.0,sequence_47786,18.0,90.602
sequence_47802,4.0,sequence_47782,17.0,90.602
sequence_47802,4.0,sequence_47772,12.0,42.8602
sequence_47802,4.0,sequence_47795,7.0,96.8193
sequence_47802,4.0,sequence_47776,9.0,185.8902
sequence_47802,4.0,sequence_47685,24.0,88.5194
sequence_47802,4.0,sequence_47679,44.0,179.549
sequence_47802,4.0,sequence_47695,52.0,93.3753
sequence_47802,4.0,sequence_47710,43.0,130.4861
sequence_47802,4.0,sequence_47686,22.0,136.1774
sequence_47802,4.0,sequence_47778,26.0,133.83169999999998
sequence_47802,4.0,sequence_47780,23.0,133.83169999999998
sequence_47802,4.0,sequence_47785,25.0,102.6621
sequence_47802,4.0,sequence_47803,12.0,47.657999999999994
sequence_47802,4.0,sequence_47663,36.0,195.4703
sequence_47802,4.0,sequence_47757,36.0,189.72090000000003
sequence_47802,4.0,sequence_47783,24.5,277.6274000000001
sequence_47802,4.0,sequence_47796,20.0,159.3503
sequence_47802,4.0,sequence_47750,25.0,97.7575
sequence_47802,4.0,sequence_47760,26.0,323.4916
sequence_47802,4.0,sequence_47773,19.0,84.7688
sequence_47802,4.0,sequence_47768,17.0,128.1404
sequence_47802,4.0,sequence_47771,18.0,58.966499999999996
sequence_47802,4.0,sequence_47681,44.0,173.7996
sequence_47802,4.0,sequence_47696,47.0,87.6259
sequence_47802,4.0,sequence_47680,73.0,328.5202
sequence_47802,4.0,sequence_47673,65.5,215.7663
sequence_47802,4.0,sequence_47700,65.0,501.8263
sequence_47802,4.0,sequence_47689,52.0,221.556
sequence_47802,4.0,sequence_47683,75.0,370.42879999999997
sequence_47802,4.0,sequence_47697,55.5,135.2839
sequence_47802,4.0,sequence_47678,37.0,172.3947
sequence_47802,4.0,sequence_47682,53.0,221.4576
sequence_47802,4.0,sequence_47724,48.0,255.01760000000002
sequence_47802,4.0,sequence_47806,73.0,456.109
sequence_47802,4.0,sequence_47807,42.0,301.3884
sequence_47802,4.0,sequence_47804,23.0,127.18879999999999
sequence_47802,4.0,sequence_47800,20.0,138.87939999999998
sequence_47802,4.0,sequence_47799,24.0,132.9382
sequence_47802,4.0,sequence_47664,32.0,189.7209
sequence_47802,4.0,sequence_47666,69.0,374.71760000000006
sequence_47802,4.0,sequence_47671,36.0,268.7984
sequence_47802,4.0,sequence_47727,45.0,315.6317000000001
sequence_47802,4.0,sequence_47756,37.0,332.52470000000005
sequence_47802,4.0,sequence_47775,23.0,456.8747000000001
sequence_47802,4.0,sequence_47730,35.0,197.3546
sequence_47802,4.0,sequence_47758,22.0,214.2476
sequence_47802,4.0,sequence_47797,27.0,270.09100000000007
sequence_47802,4.0,sequence_47798,23.0,185.664
sequence_47802,4.0,sequence_47751,34.0,92.0081
sequence_47802,4.0,sequence_47741,102.0,183.0377
sequence_47802,4.0,sequence_47743,63.0,332.0089
sequence_47802,4.0,sequence_47752,67.0,164.27210000000002
sequence_47802,4.0,sequence_47745,83.0,341.6626
sequence_47802,4.0,sequence_47747,72.0,352.55269999999996
sequence_47802,4.0,sequence_47748,79.0,368.9682
sequence_47802,4.0,sequence_47749,81.0,294.8981
sequence_47802,4.0,sequence_47744,69.0,318.9927
sequence_47802,4.0,sequence_47721,40.0,132.19379999999998
sequence_47802,4.0,sequence_47759,36.0,131.3003
sequence_47802,4.0,sequence_47774,21.0,164.2996
sequence_47802,4.0,sequence_47770,25.0,306.00399999999996
sequence_47802,4.0,sequence_47713,51.0,204.382
sequence_47802,4.0,sequence_47738,55.0,183.0377
sequence_47802,4.0,sequence_47769,25.0,170.04899999999998
sequence_47802,4.0,sequence_47702,69.0,496.0769
sequence_47802,4.0,sequence_47672,76.0,179.7408
sequence_47802,4.0,sequence_47705,71.0,316.8296
sequence_47802,4.0,sequence_47694,51.0,252.76590000000002
sequence_47802,4.0,sequence_47691,40.0,167.1567
sequence_47802,4.0,sequence_47701,63.0,650.7975
sequence_47802,4.0,sequence_47706,77.0,519.4581
sequence_47802,4.0,sequence_47675,57.0,438.4984
sequence_47802,4.0,sequence_47698,56.0,167.1567
sequence_47802,4.0,sequence_47688,90.0,269.214
sequence_47802,4.0,sequence_47704,98.0,692.7060999999999
sequence_47802,4.0,sequence_47708,111.0,561.3666999999999
sequence_47802,4.0,sequence_47709,119.0,406.64609999999993
sequence_47802,4.0,sequence_47677,103.0,406.64609999999993
sequence_47802,4.0,sequence_47692,87.5,214.8147
sequence_47802,4.0,sequence_47703,95.0,543.7348999999999
sequence_47802,4.0,sequence_47707,79.0,412.39549999999997
sequence_47802,4.0,sequence_47762,127.0,484.69259999999997
sequence_47802,4.0,sequence_47765,118.0,627.7226
sequence_47802,4.0,sequence_47767,105.0,539.2906
sequence_47802,4.0,sequence_47812,121.0,473.002
sequence_47802,4.0,sequence_47761,120.0,478.7514
sequence_47802,4.0,sequence_47764,118.0,494.3463
sequence_47802,4.0,sequence_47763,122.0,511.48449999999997
sequence_47802,4.0,sequence_47699,62.0,214.8147
sequence_47802,4.0,sequence_47687,92.0,219.243
sequence_47802,4.0,sequence_47693,64.0,369.53529999999995
sequence_47802,4.0,sequence_47690,63.0,263.4646
sequence_47802,4.0,sequence_47712,49.0,220.56859999999998
sequence_47802,4.0,sequence_47714,51.0,203.4304
sequence_47802,4.0,sequence_47725,57.0,248.3747
sequence_47802,4.0,sequence_47669,32.0,300.5926
sequence_47802,4.0,sequence_47668,48.0,337.7034
sequence_47802,4.0,sequence_47670,97.0,237.6288
sequence_47802,4.0,sequence_47665,50.0,235.5919
sequence_47802,4.0,sequence_47661,52.0,225.9382
sequence_47802,4.0,sequence_47667,86.0,401.0313
sequence_47802,4.0,sequence_47726,120.0,351.84900000000005
sequence_47802,4.0,sequence_47734,110.0,361.50270000000006
sequence_47802,4.0,sequence_47811,24.0,294.52040000000005
sequence_47802,4.0,sequence_47662,28.0,338.2741000000001
sequence_47802,4.0,sequence_47731,32.0,291.67980000000006
sequence_47802,4.0,sequence_47733,25.0,191.6052
sequence_47802,4.0,sequence_47732,30.0,308.09530000000007
sequence_47802,4.0,sequence_47755,100.0,159.8483
sequence_47802,4.0,sequence_47746,94.0,335.91319999999996
sequence_47802,4.0,sequence_47754,70.0,192.0827
sequence_47802,4.0,sequence_47753,74.0,181.19259999999997
sequence_47802,4.0,sequence_47740,158.0,242.9094
sequence_47802,4.0,sequence_47742,108.0,224.9463
sequence_47802,4.0,sequence_47715,101.0,217.474
sequence_47802,4.0,sequence_47718,81.0,211.72459999999998
sequence_47802,4.0,sequence_47717,66.0,366.4452
sequence_47802,4.0,sequence_47720,80.0,403.4045
sequence_47802,4.0,sequence_47716,84.0,216.1529
sequence_47802,4.0,sequence_47719,66.0,386.9889999999999
sequence_47802,4.0,sequence_47723,69.0,285.4855
sequence_47802,4.0,sequence_47722,75.0,211.72459999999998
sequence_47802,4.0,sequence_47674,38.0,210.01690000000002
sequence_47802,4.0,sequence_47676,56.0,257.6749
sequence_47802,4.0,sequence_47711,57.0,263.4288
sequence_47802,4.0,sequence_47739,35.0,224.9463
sequence_47802,4.0,sequence_47735,55.0,307.6504
sequence_47802,4.0,sequence_47793,16.0,92.59740000000001
sequence_47802,4.0,sequence_47801,4.0,5.7494
sequence_47802,4.0,sequence_47805,22.0,91.7039
sequence_47802,4.0,sequence_47794,18.0,87.74150000000002
sequence_47802,4.0,sequence_47728,12.0,44.647200000000005
sequence_47802,4.0,sequence_47808,4.0,106.24000000000001
sequence_47802,4.0,sequence_47792,12.0,58.6773
sequence_47802,4.0,sequence_47791,4.0,40.563
sequence_47802,4.0,sequence_47788,5.0,0.8934999999999995
sequence_47802,4.0,sequence_47729,34.0,96.6816
sequence_47802,4.0,sequence_47809,10.0,158.2744
sequence_47802,4.0,sequence_47737,27.0,196.27870000000004
sequence_47802,4.0,sequence_47810,5.57,23.67
sequence_47802,4.0,sequence_47766,4.19,18.454
sequence_47802,4.0,sequence_47736,19.0,144.24430000000004
sequence_47794,18.0,sequence_47787,5.0,92.59740000000001
sequence_47794,18.0,sequence_47684,23.0,180.2233
sequence_47794,18.0,sequence_47789,10.0,132.719
sequence_47794,18.0,sequence_47790,9.0,136.79489999999998
sequence_47794,18.0,sequence_47781,12.0,115.97860000000001
sequence_47794,18.0,sequence_47777,11.0,110.0374
sequence_47794,18.0,sequence_47779,11.0,110.03740000000002
sequence_47794,18.0,sequence_47784,21.0,220.77810000000002
sequence_47794,18.0,sequence_47786,18.0,32.01950000000001
sequence_47794,18.0,sequence_47782,17.0,176.55650000000003
sequence_47794,18.0,sequence_47772,12.0,130.6017
sequence_47794,18.0,sequence_47795,7.0,182.7738
sequence_47794,18.0,sequence_47776,9.0,273.6317
sequence_47794,18.0,sequence_47685,24.0,174.47390000000001
sequence_47794,18.0,sequence_47679,44.0,197.6633
sequence_47794,18.0,sequence_47695,52.0,181.1168
sequence_47794,18.0,sequence_47710,43.0,218.2276
sequence_47794,18.0,sequence_47686,22.0,220.3449
sequence_47794,18.0,sequence_47778,26.0,150.159
sequence_47794,18.0,sequence_47780,23.0,150.159
sequence_47794,18.0,sequence_47785,25.0,169.8298
sequence_47794,18.0,sequence_47803,12.0,133.61249999999998
sequence_47794,18.0,sequence_47663,36.0,281.4248
sequence_47794,18.0,sequence_47757,36.0,275.6754
sequence_47794,18.0,sequence_47783,24.5,361.79490000000004
sequence_47794,18.0,sequence_47796,20.0,247.09180000000003
sequence_47794,18.0,sequence_47750,25.0,185.49900000000002
sequence_47794,18.0,sequence_47760,26.0,411.23310000000004
sequence_47794,18.0,sequence_47773,19.0,170.7233
sequence_47794,18.0,sequence_47768,17.0,148.0417
sequence_47794,18.0,sequence_47771,18.0,129.7082
sequence_47794,18.0,sequence_47681,44.0,191.9139
sequence_47794,18.0,sequence_47696,47.0,175.36740000000003
sequence_47794,18.0,sequence_47680,73.0,346.6345
sequence_47794,18.0,sequence_47673,65.5,235.6676
sequence_47794,18.0,sequence_47700,65.0,521.7276
sequence_47794,18.0,sequence_47689,52.0,309.2975
sequence_47794,18.0,sequence_47683,75.0,386.7561
sequence_47794,18.0,sequence_47697,55.5,221.2384
sequence_47794,18.0,sequence_47678,37.0,258.3492
sequence_47794,18.0,sequence_47682,53.0,237.7849
sequence_47794,18.0,sequence_47724,48.0,271.3449
sequence_47794,18.0,sequence_47806,73.0,474.2233
sequence_47794,18.0,sequence_47807,42.0,319.5027
sequence_47794,18.0,sequence_47804,23.0,145.3031
sequence_47794,18.0,sequence_47800,20.0,156.9937
sequence_47794,18.0,sequence_47799,24.0,151.05249999999998
sequence_47794,18.0,sequence_47664,32.0,275.6754
sequence_47794,18.0,sequence_47666,69.0,462.45910000000003
sequence_47794,18.0,sequence_47671,36.0,356.5399
sequence_47794,18.0,sequence_47727,45.0,399.79920000000004
sequence_47794,18.0,sequence_47756,37.0,416.69220000000007
sequence_47794,18.0,sequence_47775,23.0,542.8292
sequence_47794,18.0,sequence_47730,35.0,285.09610000000004
sequence_47794,18.0,sequence_47758,22.0,301.9891
sequence_47794,18.0,sequence_47797,27.0,357.83250000000004
sequence_47794,18.0,sequence_47798,23.0,271.6185
sequence_47794,18.0,sequence_47751,34.0,179.74960000000002
sequence_47794,18.0,sequence_47741,102.0,202.93900000000002
sequence_47794,18.0,sequence_47743,63.0,351.91020000000003
sequence_47794,18.0,sequence_47752,67.0,252.01360000000003
sequence_47794,18.0,sequence_47745,83.0,361.5639
sequence_47794,18.0,sequence_47747,72.0,440.29419999999993
sequence_47794,18.0,sequence_47748,79.0,456.7097
sequence_47794,18.0,sequence_47749,81.0,365.63980000000004
sequence_47794,18.0,sequence_47744,69.0,406.7342
sequence_47794,18.0,sequence_47721,40.0,218.1483
sequence_47794,18.0,sequence_47759,36.0,217.2548
sequence_47794,18.0,sequence_47774,21.0,182.4139
sequence_47794,18.0,sequence_47770,25.0,391.9585
sequence_47794,18.0,sequence_47713,51.0,224.2833
sequence_47794,18.0,sequence_47738,55.0,202.93900000000002
sequence_47794,18.0,sequence_47769,25.0,188.1633
sequence_47794,18.0,sequence_47702,69.0,515.9782
sequence_47794,18.0,sequence_47672,76.0,197.85510000000002
sequence_47794,18.0,sequence_47705,71.0,334.9439
sequence_47794,18.0,sequence_47694,51.0,236.4386
sequence_47794,18.0,sequence_47691,40.0,187.05800000000002
sequence_47794,18.0,sequence_47701,63.0,670.6988
sequence_47794,18.0,sequence_47706,77.0,539.3594
sequence_47794,18.0,sequence_47675,57.0,458.3997
sequence_47794,18.0,sequence_47698,56.0,187.05800000000002
sequence_47794,18.0,sequence_47688,90.0,355.16850000000005
sequence_47794,18.0,sequence_47704,98.0,710.8204000000001
sequence_47794,18.0,sequence_47708,111.0,579.481
sequence_47794,18.0,sequence_47709,119.0,424.7604
sequence_47794,18.0,sequence_47677,103.0,424.7604
sequence_47794,18.0,sequence_47692,87.5,232.92900000000003
sequence_47794,18.0,sequence_47703,95.0,561.8492
sequence_47794,18.0,sequence_47707,79.0,430.5098
sequence_47794,18.0,sequence_47762,127.0,502.8069
sequence_47794,18.0,sequence_47765,118.0,645.8369
sequence_47794,18.0,sequence_47767,105.0,557.4049
sequence_47794,18.0,sequence_47812,121.0,491.1163
sequence_47794,18.0,sequence_47761,120.0,496.8657
sequence_47794,18.0,sequence_47764,118.0,512.4606
sequence_47794,18.0,sequence_47763,122.0,529.5988
sequence_47794,18.0,sequence_47699,62.0,232.92900000000003
sequence_47794,18.0,sequence_47687,92.0,305.1975
sequence_47794,18.0,sequence_47693,64.0,387.6496
sequence_47794,18.0,sequence_47690,63.0,349.41910000000007
sequence_47794,18.0,sequence_47712,49.0,238.68290000000002
sequence_47794,18.0,sequence_47714,51.0,221.5447
sequence_47794,18.0,sequence_47725,57.0,266.48900000000003
sequence_47794,18.0,sequence_47669,32.0,388.33410000000003
sequence_47794,18.0,sequence_47668,48.0,425.4449
sequence_47794,18.0,sequence_47670,97.0,325.37030000000004
sequence_47794,18.0,sequence_47665,50.0,323.3334
sequence_47794,18.0,sequence_47661,52.0,313.6797
sequence_47794,18.0,sequence_47667,86.0,486.98580000000004
sequence_47794,18.0,sequence_47726,120.0,437.80350000000004
sequence_47794,18.0,sequence_47734,110.0,447.45720000000006
sequence_47794,18.0,sequence_47811,24.0,378.6879
sequence_47794,18.0,sequence_47662,28.0,422.44160000000005
sequence_47794,18.0,sequence_47731,32.0,379.42130000000003
sequence_47794,18.0,sequence_47733,25.0,279.3467
sequence_47794,18.0,sequence_47732,30.0,395.83680000000004
sequence_47794,18.0,sequence_47755,100.0,179.74960000000002
sequence_47794,18.0,sequence_47746,94.0,355.81449999999995
sequence_47794,18.0,sequence_47754,70.0,279.8242
sequence_47794,18.0,sequence_47753,74.0,201.09390000000002
sequence_47794,18.0,sequence_47740,158.0,262.8107
sequence_47794,18.0,sequence_47742,108.0,243.0606
sequence_47794,18.0,sequence_47715,101.0,235.5883
sequence_47794,18.0,sequence_47718,81.0,229.83890000000002
sequence_47794,18.0,sequence_47717,66.0,384.5595
sequence_47794,18.0,sequence_47720,80.0,489.35900000000004
sequence_47794,18.0,sequence_47716,84.0,302.1074
sequence_47794,18.0,sequence_47719,66.0,472.94350000000003
sequence_47794,18.0,sequence_47723,69.0,303.5998
sequence_47794,18.0,sequence_47722,75.0,229.83890000000002
sequence_47794,18.0,sequence_47674,38.0,229.9182
sequence_47794,18.0,sequence_47676,56.0,275.7892
sequence_47794,18.0,sequence_47711,57.0,281.5431
sequence_47794,18.0,sequence_47739,35.0,243.0606
sequence_47794,18.0,sequence_47735,55.0,325.7647
sequence_47794,18.0,sequence_47793,16.0,6.642899999999999
sequence_47794,18.0,sequence_47801,4.0,93.49090000000001
sequence_47794,18.0,sequence_47805,22.0,7.536399999999999
sequence_47794,18.0,sequence_47802,4.0,87.74150000000002
sequence_47794,18.0,sequence_47728,12.0,130.6017
sequence_47794,18.0,sequence_47808,4.0,192.1945
sequence_47794,18.0,sequence_47792,12.0,40.563
sequence_47794,18.0,sequence_47791,4.0,58.67730000000001
sequence_47794,18.0,sequence_47788,5.0,86.84800000000001
sequence_47794,18.0,sequence_47729,34.0,78.5673
sequence_47794,18.0,sequence_47809,10.0,140.1601
sequence_47794,18.0,sequence_47737,27.0,178.1644
sequence_47794,18.0,sequence_47810,5.57,109.62450000000001
sequence_47794,18.0,sequence_47766,4.19,104.4085
sequence_47794,18.0,sequence_47736,19.0,230.1988
sequence_47728,12.0,sequence_47787,5.0,38.0043
sequence_47728,12.0,sequence_47684,23.0,49.6216
sequence_47728,12.0,sequence_47789,10.0,79.9129
sequence_47728,12.0,sequence_47790,9.0,95.4876
sequence_47728,12.0,sequence_47781,12.0,129.22570000000002
sequence_47728,12.0,sequence_47777,11.0,123.28450000000001
sequence_47728,12.0,sequence_47779,11.0,123.28450000000001
sequence_47728,12.0,sequence_47784,21.0,166.185
sequence_47728,12.0,sequence_47786,18.0,121.96340000000001
sequence_47728,12.0,sequence_47782,17.0,121.96340000000001
sequence_47728,12.0,sequence_47772,12.0,76.0086
sequence_47728,12.0,sequence_47795,7.0,128.1807
sequence_47728,12.0,sequence_47776,9.0,219.0386
sequence_47728,12.0,sequence_47685,24.0,55.371
sequence_47728,12.0,sequence_47679,44.0,134.9018
sequence_47728,12.0,sequence_47695,52.0,50.515100000000004
sequence_47728,12.0,sequence_47710,43.0,87.6259
sequence_47728,12.0,sequence_47686,22.0,91.5302
sequence_47728,12.0,sequence_47778,26.0,165.19310000000002
sequence_47728,12.0,sequence_47780,23.0,165.1931
sequence_47728,12.0,sequence_47785,25.0,134.02349999999998
sequence_47728,12.0,sequence_47803,12.0,80.8064
sequence_47728,12.0,sequence_47663,36.0,150.8231
sequence_47728,12.0,sequence_47757,36.0,145.0737
sequence_47728,12.0,sequence_47783,24.5,320.4876
sequence_47728,12.0,sequence_47796,20.0,192.49869999999999
sequence_47728,12.0,sequence_47750,25.0,54.8973
sequence_47728,12.0,sequence_47760,26.0,280.6314
sequence_47728,12.0,sequence_47773,19.0,117.9172
sequence_47728,12.0,sequence_47768,17.0,161.2888
sequence_47728,12.0,sequence_47771,18.0,92.1149
sequence_47728,12.0,sequence_47681,44.0,140.65120000000002
sequence_47728,12.0,sequence_47696,47.0,56.264500000000005
sequence_47728,12.0,sequence_47680,73.0,283.87300000000005
sequence_47728,12.0,sequence_47673,65.5,172.9061
sequence_47728,12.0,sequence_47700,65.0,458.9661
sequence_47728,12.0,sequence_47689,52.0,178.69580000000002
sequence_47728,12.0,sequence_47683,75.0,325.78159999999997
sequence_47728,12.0,sequence_47697,55.5,92.4237
sequence_47728,12.0,sequence_47678,37.0,129.53449999999998
sequence_47728,12.0,sequence_47682,53.0,176.81040000000002
sequence_47728,12.0,sequence_47724,48.0,210.37040000000002
sequence_47728,12.0,sequence_47806,73.0,489.2574
sequence_47728,12.0,sequence_47807,42.0,334.5368
sequence_47728,12.0,sequence_47804,23.0,160.3372
sequence_47728,12.0,sequence_47800,20.0,172.0278
sequence_47728,12.0,sequence_47799,24.0,166.08659999999998
sequence_47728,12.0,sequence_47664,32.0,156.57250000000002
sequence_47728,12.0,sequence_47666,69.0,331.8574
sequence_47728,12.0,sequence_47671,36.0,225.9382
sequence_47728,12.0,sequence_47727,45.0,282.4833
sequence_47728,12.0,sequence_47756,37.0,299.3763
sequence_47728,12.0,sequence_47775,23.0,501.52189999999996
sequence_47728,12.0,sequence_47730,35.0,154.49439999999998
sequence_47728,12.0,sequence_47758,22.0,171.3874
sequence_47728,12.0,sequence_47797,27.0,314.7382
sequence_47728,12.0,sequence_47798,23.0,218.81239999999997
sequence_47728,12.0,sequence_47751,34.0,60.6467
sequence_47728,12.0,sequence_47741,102.0,140.1775
sequence_47728,12.0,sequence_47743,63.0,289.14869999999996
sequence_47728,12.0,sequence_47752,67.0,121.4119
sequence_47728,12.0,sequence_47745,83.0,298.8024
sequence_47728,12.0,sequence_47747,72.0,309.6925
sequence_47728,12.0,sequence_47748,79.0,326.10799999999995
sequence_47728,12.0,sequence_47749,81.0,252.03789999999998
sequence_47728,12.0,sequence_47744,69.0,276.1325
sequence_47728,12.0,sequence_47721,40.0,89.33359999999999
sequence_47728,12.0,sequence_47759,36.0,88.4401
sequence_47728,12.0,sequence_47774,21.0,197.448
sequence_47728,12.0,sequence_47770,25.0,339.15239999999994
sequence_47728,12.0,sequence_47713,51.0,161.5218
sequence_47728,12.0,sequence_47738,55.0,140.1775
sequence_47728,12.0,sequence_47769,25.0,203.19740000000002
sequence_47728,12.0,sequence_47702,69.0,464.7155
sequence_47728,12.0,sequence_47672,76.0,146.5924
sequence_47728,12.0,sequence_47705,71.0,283.6812
sequence_47728,12.0,sequence_47694,51.0,221.40450000000004
sequence_47728,12.0,sequence_47691,40.0,135.7953
sequence_47728,12.0,sequence_47701,63.0,607.9373
sequence_47728,12.0,sequence_47706,77.0,476.5979
sequence_47728,12.0,sequence_47675,57.0,395.6382
sequence_47728,12.0,sequence_47698,56.0,135.7953
sequence_47728,12.0,sequence_47688,90.0,226.35380000000004
sequence_47728,12.0,sequence_47704,98.0,649.8459
sequence_47728,12.0,sequence_47708,111.0,518.5065
sequence_47728,12.0,sequence_47709,119.0,363.78589999999997
sequence_47728,12.0,sequence_47677,103.0,363.78589999999997
sequence_47728,12.0,sequence_47692,87.5,171.9545
sequence_47728,12.0,sequence_47703,95.0,500.8747
sequence_47728,12.0,sequence_47707,79.0,369.5353
sequence_47728,12.0,sequence_47762,127.0,517.841
sequence_47728,12.0,sequence_47765,118.0,660.871
sequence_47728,12.0,sequence_47767,105.0,572.439
sequence_47728,12.0,sequence_47812,121.0,506.15040000000005
sequence_47728,12.0,sequence_47761,120.0,511.8998
sequence_47728,12.0,sequence_47764,118.0,527.4947
sequence_47728,12.0,sequence_47763,122.0,544.6329
sequence_47728,12.0,sequence_47699,62.0,171.9545
sequence_47728,12.0,sequence_47687,92.0,176.38279999999997
sequence_47728,12.0,sequence_47693,64.0,326.6751
sequence_47728,12.0,sequence_47690,63.0,220.6044
sequence_47728,12.0,sequence_47712,49.0,177.70839999999998
sequence_47728,12.0,sequence_47714,51.0,160.5702
sequence_47728,12.0,sequence_47725,57.0,205.5145
sequence_47728,12.0,sequence_47669,32.0,269.2312
sequence_47728,12.0,sequence_47668,48.0,306.342
sequence_47728,12.0,sequence_47670,97.0,206.2674
sequence_47728,12.0,sequence_47665,50.0,204.2305
sequence_47728,12.0,sequence_47661,52.0,194.5768
sequence_47728,12.0,sequence_47667,86.0,358.1711
sequence_47728,12.0,sequence_47726,120.0,320.4876
sequence_47728,12.0,sequence_47734,110.0,330.1413
sequence_47728,12.0,sequence_47811,24.0,337.38059999999996
sequence_47728,12.0,sequence_47662,28.0,305.1257
sequence_47728,12.0,sequence_47731,32.0,260.3184
sequence_47728,12.0,sequence_47733,25.0,160.24380000000002
sequence_47728,12.0,sequence_47732,30.0,276.7339
sequence_47728,12.0,sequence_47755,100.0,128.4869
sequence_47728,12.0,sequence_47746,94.0,304.55179999999996
sequence_47728,12.0,sequence_47754,70.0,160.72129999999999
sequence_47728,12.0,sequence_47753,74.0,149.8312
sequence_47728,12.0,sequence_47740,158.0,211.548
sequence_47728,12.0,sequence_47742,108.0,182.0861
sequence_47728,12.0,sequence_47715,101.0,174.61379999999997
sequence_47728,12.0,sequence_47718,81.0,168.8644
sequence_47728,12.0,sequence_47717,66.0,323.585
sequence_47728,12.0,sequence_47720,80.0,360.54429999999996
sequence_47728,12.0,sequence_47716,84.0,173.29269999999997
sequence_47728,12.0,sequence_47719,66.0,344.12879999999996
sequence_47728,12.0,sequence_47723,69.0,242.6253
sequence_47728,12.0,sequence_47722,75.0,168.8644
sequence_47728,12.0,sequence_47674,38.0,178.65550000000002
sequence_47728,12.0,sequence_47676,56.0,214.81470000000002
sequence_47728,12.0,sequence_47711,57.0,220.5686
sequence_47728,12.0,sequence_47739,35.0,182.0861
sequence_47728,12.0,sequence_47735,55.0,264.7902
sequence_47728,12.0,sequence_47793,16.0,123.9588
sequence_47728,12.0,sequence_47801,4.0,38.897800000000004
sequence_47728,12.0,sequence_47805,22.0,124.8523
sequence_47728,12.0,sequence_47802,4.0,44.647200000000005
sequence_47728,12.0,sequence_47794,18.0,130.6017
sequence_47728,12.0,sequence_47808,4.0,137.6014
sequence_47728,12.0,sequence_47792,12.0,90.0387
sequence_47728,12.0,sequence_47791,4.0,71.92439999999999
sequence_47728,12.0,sequence_47788,5.0,43.7537
sequence_47728,12.0,sequence_47729,34.0,52.034400000000005
sequence_47728,12.0,sequence_47809,10.0,189.63580000000002
sequence_47728,12.0,sequence_47737,27.0,151.63150000000002
sequence_47728,12.0,sequence_47810,5.57,55.031400000000005
sequence_47728,12.0,sequence_47766,4.19,49.8154
sequence_47728,12.0,sequence_47736,19.0,99.59710000000001
sequence_47808,4.0,sequence_47787,5.0,99.59710000000001
sequence_47808,4.0,sequence_47684,23.0,87.97980000000001
sequence_47808,4.0,sequence_47789,10.0,141.5057
sequence_47808,4.0,sequence_47790,9.0,157.0804
sequence_47808,4.0,sequence_47781,12.0,190.81850000000003
sequence_47808,4.0,sequence_47777,11.0,184.87730000000002
sequence_47808,4.0,sequence_47779,11.0,184.87730000000002
sequence_47808,4.0,sequence_47784,21.0,227.7778
sequence_47808,4.0,sequence_47786,18.0,183.55620000000002
sequence_47808,4.0,sequence_47782,17.0,183.55620000000002
sequence_47808,4.0,sequence_47772,12.0,137.6014
sequence_47808,4.0,sequence_47795,7.0,189.7735
sequence_47808,4.0,sequence_47776,9.0,280.6314
sequence_47808,4.0,sequence_47685,24.0,93.7292
sequence_47808,4.0,sequence_47679,44.0,173.26000000000002
sequence_47808,4.0,sequence_47695,52.0,88.8733
sequence_47808,4.0,sequence_47710,43.0,125.9841
sequence_47808,4.0,sequence_47686,22.0,129.8884
sequence_47808,4.0,sequence_47778,26.0,226.78590000000003
sequence_47808,4.0,sequence_47780,23.0,226.7859
sequence_47808,4.0,sequence_47785,25.0,195.6163
sequence_47808,4.0,sequence_47803,12.0,142.3992
sequence_47808,4.0,sequence_47663,36.0,288.4245
sequence_47808,4.0,sequence_47757,36.0,282.67510000000004
sequence_47808,4.0,sequence_47783,24.5,382.0804
sequence_47808,4.0,sequence_47796,20.0,254.0915
sequence_47808,4.0,sequence_47750,25.0,192.4987
sequence_47808,4.0,sequence_47760,26.0,219.0386
sequence_47808,4.0,sequence_47773,19.0,179.51
sequence_47808,4.0,sequence_47768,17.0,222.88160000000002
sequence_47808,4.0,sequence_47771,18.0,153.70770000000002
sequence_47808,4.0,sequence_47681,44.0,179.00940000000003
sequence_47808,4.0,sequence_47696,47.0,94.6227
sequence_47808,4.0,sequence_47680,73.0,322.23120000000006
sequence_47808,4.0,sequence_47673,65.5,211.26430000000002
sequence_47808,4.0,sequence_47700,65.0,497.3243
sequence_47808,4.0,sequence_47689,52.0,217.054
sequence_47808,4.0,sequence_47683,75.0,364.1398
sequence_47808,4.0,sequence_47697,55.5,130.7819
sequence_47808,4.0,sequence_47678,37.0,167.8927
sequence_47808,4.0,sequence_47682,53.0,215.16860000000003
sequence_47808,4.0,sequence_47724,48.0,181.60860000000002
sequence_47808,4.0,sequence_47806,73.0,550.8502
sequence_47808,4.0,sequence_47807,42.0,396.12960000000004
sequence_47808,4.0,sequence_47804,23.0,221.93
sequence_47808,4.0,sequence_47800,20.0,233.62060000000002
sequence_47808,4.0,sequence_47799,24.0,227.6794
sequence_47808,4.0,sequence_47664,32.0,294.1739
sequence_47808,4.0,sequence_47666,69.0,469.4588
sequence_47808,4.0,sequence_47671,36.0,363.5396
sequence_47808,4.0,sequence_47727,45.0,420.0847
sequence_47808,4.0,sequence_47756,37.0,436.9777
sequence_47808,4.0,sequence_47775,23.0,563.1147
sequence_47808,4.0,sequence_47730,35.0,292.0958
sequence_47808,4.0,sequence_47758,22.0,308.9888
sequence_47808,4.0,sequence_47797,27.0,376.331
sequence_47808,4.0,sequence_47798,23.0,280.4052
sequence_47808,4.0,sequence_47751,34.0,198.24810000000002
sequence_47808,4.0,sequence_47741,102.0,277.7789
sequence_47808,4.0,sequence_47743,63.0,426.7501
sequence_47808,4.0,sequence_47752,67.0,259.0133
sequence_47808,4.0,sequence_47745,83.0,436.4038
sequence_47808,4.0,sequence_47747,72.0,447.2939
sequence_47808,4.0,sequence_47748,79.0,463.70939999999996
sequence_47808,4.0,sequence_47749,81.0,389.6393
sequence_47808,4.0,sequence_47744,69.0,413.7339
sequence_47808,4.0,sequence_47721,40.0,208.09359999999998
sequence_47808,4.0,sequence_47759,36.0,208.9871
sequence_47808,4.0,sequence_47774,21.0,259.0408
sequence_47808,4.0,sequence_47770,25.0,400.74519999999995
sequence_47808,4.0,sequence_47713,51.0,299.1232
sequence_47808,4.0,sequence_47738,55.0,277.7789
sequence_47808,4.0,sequence_47769,25.0,264.7902
sequence_47808,4.0,sequence_47702,69.0,503.07370000000003
sequence_47808,4.0,sequence_47672,76.0,184.9506
sequence_47808,4.0,sequence_47705,71.0,322.0394
sequence_47808,4.0,sequence_47694,51.0,259.7627
sequence_47808,4.0,sequence_47691,40.0,174.1535
sequence_47808,4.0,sequence_47701,63.0,646.2955000000001
sequence_47808,4.0,sequence_47706,77.0,514.9561
sequence_47808,4.0,sequence_47675,57.0,433.9964
sequence_47808,4.0,sequence_47698,56.0,174.1535
sequence_47808,4.0,sequence_47688,90.0,264.712
sequence_47808,4.0,sequence_47704,98.0,688.2040999999999
sequence_47808,4.0,sequence_47708,111.0,556.8647
sequence_47808,4.0,sequence_47709,119.0,402.1441
sequence_47808,4.0,sequence_47677,103.0,402.1441
sequence_47808,4.0,sequence_47692,87.5,210.3127
sequence_47808,4.0,sequence_47703,95.0,539.2329
sequence_47808,4.0,sequence_47707,79.0,407.8935
sequence_47808,4.0,sequence_47762,127.0,579.4338
sequence_47808,4.0,sequence_47765,118.0,722.4638
sequence_47808,4.0,sequence_47767,105.0,467.6686
sequence_47808,4.0,sequence_47812,121.0,567.7432
sequence_47808,4.0,sequence_47761,120.0,573.4926
sequence_47808,4.0,sequence_47764,118.0,589.0875000000001
sequence_47808,4.0,sequence_47763,122.0,495.4747
sequence_47808,4.0,sequence_47699,62.0,210.3127
sequence_47808,4.0,sequence_47687,92.0,214.74099999999999
sequence_47808,4.0,sequence_47693,64.0,365.03329999999994
sequence_47808,4.0,sequence_47690,63.0,258.96259999999995
sequence_47808,4.0,sequence_47712,49.0,204.55880000000002
sequence_47808,4.0,sequence_47714,51.0,298.1716
sequence_47808,4.0,sequence_47725,57.0,176.7527
sequence_47808,4.0,sequence_47669,32.0,406.83260000000007
sequence_47808,4.0,sequence_47668,48.0,443.9434
sequence_47808,4.0,sequence_47670,97.0,343.8688
sequence_47808,4.0,sequence_47665,50.0,341.8319
sequence_47808,4.0,sequence_47661,52.0,332.17820000000006
sequence_47808,4.0,sequence_47667,86.0,495.7725
sequence_47808,4.0,sequence_47726,120.0,458.089
sequence_47808,4.0,sequence_47734,110.0,467.7427
sequence_47808,4.0,sequence_47811,24.0,398.97339999999997
sequence_47808,4.0,sequence_47662,28.0,442.7271
sequence_47808,4.0,sequence_47731,32.0,397.9198
sequence_47808,4.0,sequence_47733,25.0,297.8452
sequence_47808,4.0,sequence_47732,30.0,414.3353
sequence_47808,4.0,sequence_47755,100.0,266.0883
sequence_47808,4.0,sequence_47746,94.0,442.15319999999997
sequence_47808,4.0,sequence_47754,70.0,298.3227
sequence_47808,4.0,sequence_47753,74.0,287.4326
sequence_47808,4.0,sequence_47740,158.0,349.1494
sequence_47808,4.0,sequence_47742,108.0,319.6875
sequence_47808,4.0,sequence_47715,101.0,293.37379999999996
sequence_47808,4.0,sequence_47718,81.0,287.6244
sequence_47808,4.0,sequence_47717,66.0,442.34499999999997
sequence_47808,4.0,sequence_47720,80.0,479.30429999999996
sequence_47808,4.0,sequence_47716,84.0,292.05269999999996
sequence_47808,4.0,sequence_47719,66.0,462.88879999999995
sequence_47808,4.0,sequence_47723,69.0,213.86350000000002
sequence_47808,4.0,sequence_47722,75.0,287.62440000000004
sequence_47808,4.0,sequence_47674,38.0,217.01370000000003
sequence_47808,4.0,sequence_47676,56.0,253.17290000000003
sequence_47808,4.0,sequence_47711,57.0,247.419
sequence_47808,4.0,sequence_47739,35.0,319.6875
sequence_47808,4.0,sequence_47735,55.0,203.19740000000002
sequence_47808,4.0,sequence_47793,16.0,185.5516
sequence_47808,4.0,sequence_47801,4.0,100.49060000000001
sequence_47808,4.0,sequence_47805,22.0,186.44510000000002
sequence_47808,4.0,sequence_47802,4.0,106.24000000000001
sequence_47808,4.0,sequence_47794,18.0,192.1945
sequence_47808,4.0,sequence_47728,12.0,137.6014
sequence_47808,4.0,sequence_47792,12.0,151.63150000000002
sequence_47808,4.0,sequence_47791,4.0,133.5172
sequence_47808,4.0,sequence_47788,5.0,105.3465
sequence_47808,4.0,sequence_47729,34.0,189.63580000000002
sequence_47808,4.0,sequence_47809,10.0,52.034400000000005
sequence_47808,4.0,sequence_47737,27.0,90.0387
sequence_47808,4.0,sequence_47810,5.57,82.57000000000001
sequence_47808,4.0,sequence_47766,4.19,87.786
sequence_47808,4.0,sequence_47736,19.0,38.0043
sequence_47792,12.0,sequence_47787,5.0,52.034400000000005
sequence_47792,12.0,sequence_47684,23.0,139.6603
sequence_47792,12.0,sequence_47789,10.0,93.943
sequence_47792,12.0,sequence_47790,9.0,109.5177
sequence_47792,12.0,sequence_47781,12.0,143.25580000000002
sequence_47792,12.0,sequence_47777,11.0,137.3146
sequence_47792,12.0,sequence_47779,11.0,137.3146
sequence_47792,12.0,sequence_47784,21.0,180.2151
sequence_47792,12.0,sequence_47786,18.0,59.29670000000001
sequence_47792,12.0,sequence_47782,17.0,135.9935
sequence_47792,12.0,sequence_47772,12.0,90.0387
sequence_47792,12.0,sequence_47795,7.0,142.2108
sequence_47792,12.0,sequence_47776,9.0,233.0687
sequence_47792,12.0,sequence_47685,24.0,145.40970000000002
sequence_47792,12.0,sequence_47679,44.0,224.94050000000001
sequence_47792,12.0,sequence_47695,52.0,140.55380000000002
sequence_47792,12.0,sequence_47710,43.0,177.6646
sequence_47792,12.0,sequence_47686,22.0,181.56889999999999
sequence_47792,12.0,sequence_47778,26.0,179.22320000000002
sequence_47792,12.0,sequence_47780,23.0,179.22320000000002
sequence_47792,12.0,sequence_47785,25.0,148.05360000000002
sequence_47792,12.0,sequence_47803,12.0,94.8365
sequence_47792,12.0,sequence_47663,36.0,240.86180000000002
sequence_47792,12.0,sequence_47757,36.0,235.1124
sequence_47792,12.0,sequence_47783,24.5,334.5177
sequence_47792,12.0,sequence_47796,20.0,206.5288
sequence_47792,12.0,sequence_47750,25.0,144.936
sequence_47792,12.0,sequence_47760,26.0,370.67010000000005
sequence_47792,12.0,sequence_47773,19.0,131.94729999999998
sequence_47792,12.0,sequence_47768,17.0,175.3189
sequence_47792,12.0,sequence_47771,18.0,106.14500000000001
sequence_47792,12.0,sequence_47681,44.0,230.68990000000002
sequence_47792,12.0,sequence_47696,47.0,146.3032
sequence_47792,12.0,sequence_47680,73.0,373.9117
sequence_47792,12.0,sequence_47673,65.5,262.9448
sequence_47792,12.0,sequence_47700,65.0,549.0048
sequence_47792,12.0,sequence_47689,52.0,268.7345
sequence_47792,12.0,sequence_47683,75.0,415.8203
sequence_47792,12.0,sequence_47697,55.5,182.4624
sequence_47792,12.0,sequence_47678,37.0,219.57319999999999
sequence_47792,12.0,sequence_47682,53.0,266.8491
sequence_47792,12.0,sequence_47724,48.0,300.4091
sequence_47792,12.0,sequence_47806,73.0,503.2875
sequence_47792,12.0,sequence_47807,42.0,348.56690000000003
sequence_47792,12.0,sequence_47804,23.0,174.3673
sequence_47792,12.0,sequence_47800,20.0,186.0579
sequence_47792,12.0,sequence_47799,24.0,180.1167
sequence_47792,12.0,sequence_47664,32.0,246.6112
sequence_47792,12.0,sequence_47666,69.0,421.89610000000005
sequence_47792,12.0,sequence_47671,36.0,315.9769
sequence_47792,12.0,sequence_47727,45.0,372.522
sequence_47792,12.0,sequence_47756,37.0,389.41499999999996
sequence_47792,12.0,sequence_47775,23.0,515.552
sequence_47792,12.0,sequence_47730,35.0,244.5331
sequence_47792,12.0,sequence_47758,22.0,261.4261
sequence_47792,12.0,sequence_47797,27.0,328.7683
sequence_47792,12.0,sequence_47798,23.0,232.84250000000003
sequence_47792,12.0,sequence_47751,34.0,150.68540000000002
sequence_47792,12.0,sequence_47741,102.0,230.21620000000001
sequence_47792,12.0,sequence_47743,63.0,379.1874
sequence_47792,12.0,sequence_47752,67.0,211.4506
sequence_47792,12.0,sequence_47745,83.0,388.8411
sequence_47792,12.0,sequence_47747,72.0,399.73119999999994
sequence_47792,12.0,sequence_47748,79.0,416.1467
sequence_47792,12.0,sequence_47749,81.0,342.0766
sequence_47792,12.0,sequence_47744,69.0,366.1712
sequence_47792,12.0,sequence_47721,40.0,179.3723
sequence_47792,12.0,sequence_47759,36.0,178.47879999999998
sequence_47792,12.0,sequence_47774,21.0,211.4781
sequence_47792,12.0,sequence_47770,25.0,353.18249999999995
sequence_47792,12.0,sequence_47713,51.0,251.56050000000002
sequence_47792,12.0,sequence_47738,55.0,230.21620000000001
sequence_47792,12.0,sequence_47769,25.0,217.22750000000002
sequence_47792,12.0,sequence_47702,69.0,554.7542000000001
sequence_47792,12.0,sequence_47672,76.0,236.63110000000003
sequence_47792,12.0,sequence_47705,71.0,373.71990000000005
sequence_47792,12.0,sequence_47694,51.0,207.3744
sequence_47792,12.0,sequence_47691,40.0,225.834
sequence_47792,12.0,sequence_47701,63.0,697.976
sequence_47792,12.0,sequence_47706,77.0,566.6366
sequence_47792,12.0,sequence_47675,57.0,485.6769
sequence_47792,12.0,sequence_47698,56.0,225.834
sequence_47792,12.0,sequence_47688,90.0,316.39250000000004
sequence_47792,12.0,sequence_47704,98.0,739.8846
sequence_47792,12.0,sequence_47708,111.0,608.5452
sequence_47792,12.0,sequence_47709,119.0,453.8246
sequence_47792,12.0,sequence_47677,103.0,453.8246
sequence_47792,12.0,sequence_47692,87.5,261.9932
sequence_47792,12.0,sequence_47703,95.0,590.9134
sequence_47792,12.0,sequence_47707,79.0,459.574
sequence_47792,12.0,sequence_47762,127.0,531.8711000000001
sequence_47792,12.0,sequence_47765,118.0,674.9011
sequence_47792,12.0,sequence_47767,105.0,586.4691
sequence_47792,12.0,sequence_47812,121.0,520.1805
sequence_47792,12.0,sequence_47761,120.0,525.9299000000001
sequence_47792,12.0,sequence_47764,118.0,541.5248
sequence_47792,12.0,sequence_47763,122.0,558.663
sequence_47792,12.0,sequence_47699,62.0,261.9932
sequence_47792,12.0,sequence_47687,92.0,266.42150000000004
sequence_47792,12.0,sequence_47693,64.0,416.7138
sequence_47792,12.0,sequence_47690,63.0,310.6431
sequence_47792,12.0,sequence_47712,49.0,267.7471
sequence_47792,12.0,sequence_47714,51.0,250.6089
sequence_47792,12.0,sequence_47725,57.0,295.5532
sequence_47792,12.0,sequence_47669,32.0,359.2699
sequence_47792,12.0,sequence_47668,48.0,396.38070000000005
sequence_47792,12.0,sequence_47670,97.0,296.3061
sequence_47792,12.0,sequence_47665,50.0,294.2692
sequence_47792,12.0,sequence_47661,52.0,284.6155
sequence_47792,12.0,sequence_47667,86.0,448.20980000000003
sequence_47792,12.0,sequence_47726,120.0,410.5263
sequence_47792,12.0,sequence_47734,110.0,420.18
sequence_47792,12.0,sequence_47811,24.0,351.4107
sequence_47792,12.0,sequence_47662,28.0,395.1644
sequence_47792,12.0,sequence_47731,32.0,350.3571
sequence_47792,12.0,sequence_47733,25.0,250.28250000000003
sequence_47792,12.0,sequence_47732,30.0,366.7726
sequence_47792,12.0,sequence_47755,100.0,218.5256
sequence_47792,12.0,sequence_47746,94.0,394.5905
sequence_47792,12.0,sequence_47754,70.0,250.76000000000002
sequence_47792,12.0,sequence_47753,74.0,239.8699
sequence_47792,12.0,sequence_47740,158.0,301.5867
sequence_47792,12.0,sequence_47742,108.0,272.12480000000005
sequence_47792,12.0,sequence_47715,101.0,264.65250000000003
sequence_47792,12.0,sequence_47718,81.0,258.9031
sequence_47792,12.0,sequence_47717,66.0,413.6237
sequence_47792,12.0,sequence_47720,80.0,450.58299999999997
sequence_47792,12.0,sequence_47716,84.0,263.33140000000003
sequence_47792,12.0,sequence_47719,66.0,434.16749999999996
sequence_47792,12.0,sequence_47723,69.0,332.664
sequence_47792,12.0,sequence_47722,75.0,258.9031
sequence_47792,12.0,sequence_47674,38.0,268.6942
sequence_47792,12.0,sequence_47676,56.0,304.8534
sequence_47792,12.0,sequence_47711,57.0,310.6073
sequence_47792,12.0,sequence_47739,35.0,272.12480000000005
sequence_47792,12.0,sequence_47735,55.0,354.82890000000003
sequence_47792,12.0,sequence_47793,16.0,33.9201
sequence_47792,12.0,sequence_47801,4.0,52.92790000000001
sequence_47792,12.0,sequence_47805,22.0,34.813599999999994
sequence_47792,12.0,sequence_47802,4.0,58.6773
sequence_47792,12.0,sequence_47794,18.0,40.563
sequence_47792,12.0,sequence_47728,12.0,90.0387
sequence_47792,12.0,sequence_47808,4.0,151.63150000000002
sequence_47792,12.0,sequence_47791,4.0,85.9545
sequence_47792,12.0,sequence_47788,5.0,57.78380000000001
sequence_47792,12.0,sequence_47729,34.0,38.0043
sequence_47792,12.0,sequence_47809,10.0,99.59710000000001
sequence_47792,12.0,sequence_47737,27.0,137.6014
sequence_47792,12.0,sequence_47810,5.57,69.06150000000001
sequence_47792,12.0,sequence_47766,4.19,63.8455
sequence_47792,12.0,sequence_47736,19.0,189.63580000000002
sequence_47791,4.0,sequence_47787,5.0,33.9201
sequence_47791,4.0,sequence_47684,23.0,121.54599999999999
sequence_47791,4.0,sequence_47789,10.0,75.8287
sequence_47791,4.0,sequence_47790,9.0,91.40339999999999
sequence_47791,4.0,sequence_47781,12.0,57.301300000000005
sequence_47791,4.0,sequence_47777,11.0,51.3601
sequence_47791,4.0,sequence_47779,11.0,51.3601
sequence_47791,4.0,sequence_47784,21.0,162.10080000000002
sequence_47791,4.0,sequence_47786,18.0,50.039
sequence_47791,4.0,sequence_47782,17.0,117.8792
sequence_47791,4.0,sequence_47772,12.0,71.92439999999999
sequence_47791,4.0,sequence_47795,7.0,124.09649999999999
sequence_47791,4.0,sequence_47776,9.0,214.9544
sequence_47791,4.0,sequence_47685,24.0,127.2954
sequence_47791,4.0,sequence_47679,44.0,138.986
sequence_47791,4.0,sequence_47695,52.0,122.43950000000001
sequence_47791,4.0,sequence_47710,43.0,159.5503
sequence_47791,4.0,sequence_47686,22.0,163.4546
sequence_47791,4.0,sequence_47778,26.0,93.2687
sequence_47791,4.0,sequence_47780,23.0,93.2687
sequence_47791,4.0,sequence_47785,25.0,112.9395
sequence_47791,4.0,sequence_47803,12.0,76.7222
sequence_47791,4.0,sequence_47663,36.0,222.7475
sequence_47791,4.0,sequence_47757,36.0,216.99810000000002
sequence_47791,4.0,sequence_47783,24.5,316.40340000000003
sequence_47791,4.0,sequence_47796,20.0,188.41450000000003
sequence_47791,4.0,sequence_47750,25.0,126.82169999999999
sequence_47791,4.0,sequence_47760,26.0,352.55580000000003
sequence_47791,4.0,sequence_47773,19.0,113.833
sequence_47791,4.0,sequence_47768,17.0,89.3644
sequence_47791,4.0,sequence_47771,18.0,71.0309
sequence_47791,4.0,sequence_47681,44.0,144.7354
sequence_47791,4.0,sequence_47696,47.0,128.1889
sequence_47791,4.0,sequence_47680,73.0,287.9572
sequence_47791,4.0,sequence_47673,65.5,176.9903
sequence_47791,4.0,sequence_47700,65.0,463.0503
sequence_47791,4.0,sequence_47689,52.0,250.6202
sequence_47791,4.0,sequence_47683,75.0,329.8658
sequence_47791,4.0,sequence_47697,55.5,164.3481
sequence_47791,4.0,sequence_47678,37.0,201.4589
sequence_47791,4.0,sequence_47682,53.0,180.8946
sequence_47791,4.0,sequence_47724,48.0,214.4546
sequence_47791,4.0,sequence_47806,73.0,417.33299999999997
sequence_47791,4.0,sequence_47807,42.0,262.6124
sequence_47791,4.0,sequence_47804,23.0,88.41279999999999
sequence_47791,4.0,sequence_47800,20.0,100.1034
sequence_47791,4.0,sequence_47799,24.0,94.1622
sequence_47791,4.0,sequence_47664,32.0,228.49689999999998
sequence_47791,4.0,sequence_47666,69.0,403.78180000000003
sequence_47791,4.0,sequence_47671,36.0,297.86260000000004
sequence_47791,4.0,sequence_47727,45.0,354.40770000000003
sequence_47791,4.0,sequence_47756,37.0,371.3007
sequence_47791,4.0,sequence_47775,23.0,497.43770000000006
sequence_47791,4.0,sequence_47730,35.0,226.41880000000003
sequence_47791,4.0,sequence_47758,22.0,243.3118
sequence_47791,4.0,sequence_47797,27.0,310.654
sequence_47791,4.0,sequence_47798,23.0,214.72820000000002
sequence_47791,4.0,sequence_47751,34.0,132.5711
sequence_47791,4.0,sequence_47741,102.0,144.26170000000002
sequence_47791,4.0,sequence_47743,63.0,293.2329
sequence_47791,4.0,sequence_47752,67.0,193.3363
sequence_47791,4.0,sequence_47745,83.0,302.8866
sequence_47791,4.0,sequence_47747,72.0,381.6169
sequence_47791,4.0,sequence_47748,79.0,398.03240000000005
sequence_47791,4.0,sequence_47749,81.0,306.9625
sequence_47791,4.0,sequence_47744,69.0,348.0569
sequence_47791,4.0,sequence_47721,40.0,161.25799999999998
sequence_47791,4.0,sequence_47759,36.0,160.3645
sequence_47791,4.0,sequence_47774,21.0,125.52359999999999
sequence_47791,4.0,sequence_47770,25.0,335.0682
sequence_47791,4.0,sequence_47713,51.0,165.606
sequence_47791,4.0,sequence_47738,55.0,144.26170000000002
sequence_47791,4.0,sequence_47769,25.0,131.273
sequence_47791,4.0,sequence_47702,69.0,468.79970000000003
sequence_47791,4.0,sequence_47672,76.0,150.6766
sequence_47791,4.0,sequence_47705,71.0,287.7654
sequence_47791,4.0,sequence_47694,51.0,293.32890000000003
sequence_47791,4.0,sequence_47691,40.0,139.8795
sequence_47791,4.0,sequence_47701,63.0,612.0215000000001
sequence_47791,4.0,sequence_47706,77.0,480.6821
sequence_47791,4.0,sequence_47675,57.0,399.7224
sequence_47791,4.0,sequence_47698,56.0,139.8795
sequence_47791,4.0,sequence_47688,90.0,298.2782
sequence_47791,4.0,sequence_47704,98.0,653.9301
sequence_47791,4.0,sequence_47708,111.0,522.5907
sequence_47791,4.0,sequence_47709,119.0,367.8701
sequence_47791,4.0,sequence_47677,103.0,367.8701
sequence_47791,4.0,sequence_47692,87.5,176.0387
sequence_47791,4.0,sequence_47703,95.0,504.95889999999997
sequence_47791,4.0,sequence_47707,79.0,373.6195
sequence_47791,4.0,sequence_47762,127.0,445.9166
sequence_47791,4.0,sequence_47765,118.0,588.9466
sequence_47791,4.0,sequence_47767,105.0,500.5146
sequence_47791,4.0,sequence_47812,121.0,434.226
sequence_47791,4.0,sequence_47761,120.0,439.97540000000004
sequence_47791,4.0,sequence_47764,118.0,455.5703
sequence_47791,4.0,sequence_47763,122.0,472.70849999999996
sequence_47791,4.0,sequence_47699,62.0,176.0387
sequence_47791,4.0,sequence_47687,92.0,248.30720000000002
sequence_47791,4.0,sequence_47693,64.0,330.7593
sequence_47791,4.0,sequence_47690,63.0,292.5288
sequence_47791,4.0,sequence_47712,49.0,181.7926
sequence_47791,4.0,sequence_47714,51.0,164.65439999999998
sequence_47791,4.0,sequence_47725,57.0,209.5987
sequence_47791,4.0,sequence_47669,32.0,341.1556
sequence_47791,4.0,sequence_47668,48.0,378.2664
sequence_47791,4.0,sequence_47670,97.0,278.1918
sequence_47791,4.0,sequence_47665,50.0,276.1549
sequence_47791,4.0,sequence_47661,52.0,266.5012
sequence_47791,4.0,sequence_47667,86.0,430.0955
sequence_47791,4.0,sequence_47726,120.0,392.41200000000003
sequence_47791,4.0,sequence_47734,110.0,402.06570000000005
sequence_47791,4.0,sequence_47811,24.0,333.29640000000006
sequence_47791,4.0,sequence_47662,28.0,377.05010000000004
sequence_47791,4.0,sequence_47731,32.0,332.2428
sequence_47791,4.0,sequence_47733,25.0,232.1682
sequence_47791,4.0,sequence_47732,30.0,348.6583
sequence_47791,4.0,sequence_47755,100.0,132.5711
sequence_47791,4.0,sequence_47746,94.0,308.63599999999997
sequence_47791,4.0,sequence_47754,70.0,232.6457
sequence_47791,4.0,sequence_47753,74.0,153.9154
sequence_47791,4.0,sequence_47740,158.0,215.6322
sequence_47791,4.0,sequence_47742,108.0,186.1703
sequence_47791,4.0,sequence_47715,101.0,178.69799999999998
sequence_47791,4.0,sequence_47718,81.0,172.9486
sequence_47791,4.0,sequence_47717,66.0,327.6692
sequence_47791,4.0,sequence_47720,80.0,432.4687
sequence_47791,4.0,sequence_47716,84.0,245.21710000000002
sequence_47791,4.0,sequence_47719,66.0,416.05319999999995
sequence_47791,4.0,sequence_47723,69.0,246.7095
sequence_47791,4.0,sequence_47722,75.0,172.9486
sequence_47791,4.0,sequence_47674,38.0,182.7397
sequence_47791,4.0,sequence_47676,56.0,218.8989
sequence_47791,4.0,sequence_47711,57.0,224.65279999999998
sequence_47791,4.0,sequence_47739,35.0,186.1703
sequence_47791,4.0,sequence_47735,55.0,268.87440000000004
sequence_47791,4.0,sequence_47793,16.0,52.034400000000005
sequence_47791,4.0,sequence_47801,4.0,34.813599999999994
sequence_47791,4.0,sequence_47805,22.0,52.92790000000001
sequence_47791,4.0,sequence_47802,4.0,40.563
sequence_47791,4.0,sequence_47794,18.0,58.67730000000001
sequence_47791,4.0,sequence_47728,12.0,71.92439999999999
sequence_47791,4.0,sequence_47808,4.0,133.5172
sequence_47791,4.0,sequence_47792,12.0,85.9545
sequence_47791,4.0,sequence_47788,5.0,39.6695
sequence_47791,4.0,sequence_47729,34.0,123.9588
sequence_47791,4.0,sequence_47809,10.0,185.5516
sequence_47791,4.0,sequence_47737,27.0,223.5559
sequence_47791,4.0,sequence_47810,5.57,50.947199999999995
sequence_47791,4.0,sequence_47766,4.19,45.7312
sequence_47791,4.0,sequence_47736,19.0,171.5215
sequence_47788,5.0,sequence_47787,5.0,5.7494
sequence_47788,5.0,sequence_47684,23.0,93.3753
sequence_47788,5.0,sequence_47789,10.0,47.657999999999994
sequence_47788,5.0,sequence_47790,9.0,51.7339
sequence_47788,5.0,sequence_47781,12.0,96.9708
sequence_47788,5.0,sequence_47777,11.0,91.0296
sequence_47788,5.0,sequence_47779,11.0,91.0296
sequence_47788,5.0,sequence_47784,21.0,133.9301
sequence_47788,5.0,sequence_47786,18.0,89.7085
sequence_47788,5.0,sequence_47782,17.0,89.7085
sequence_47788,5.0,sequence_47772,12.0,43.7537
sequence_47788,5.0,sequence_47795,7.0,95.9258
sequence_47788,5.0,sequence_47776,9.0,186.7837
sequence_47788,5.0,sequence_47685,24.0,87.6259
sequence_47788,5.0,sequence_47679,44.0,178.65550000000002
sequence_47788,5.0,sequence_47695,52.0,94.2688
sequence_47788,5.0,sequence_47710,43.0,131.3796
sequence_47788,5.0,sequence_47686,22.0,135.2839
sequence_47788,5.0,sequence_47778,26.0,132.9382
sequence_47788,5.0,sequence_47780,23.0,132.9382
sequence_47788,5.0,sequence_47785,25.0,101.76859999999999
sequence_47788,5.0,sequence_47803,12.0,48.55149999999999
sequence_47788,5.0,sequence_47663,36.0,194.5768
sequence_47788,5.0,sequence_47757,36.0,188.8274
sequence_47788,5.0,sequence_47783,24.5,276.73390000000006
sequence_47788,5.0,sequence_47796,20.0,160.24380000000002
sequence_47788,5.0,sequence_47750,25.0,98.651
sequence_47788,5.0,sequence_47760,26.0,324.3851
sequence_47788,5.0,sequence_47773,19.0,85.66229999999999
sequence_47788,5.0,sequence_47768,17.0,129.03390000000002
sequence_47788,5.0,sequence_47771,18.0,59.86
sequence_47788,5.0,sequence_47681,44.0,172.9061
sequence_47788,5.0,sequence_47696,47.0,88.5194
sequence_47788,5.0,sequence_47680,73.0,327.6267
sequence_47788,5.0,sequence_47673,65.5,216.65980000000002
sequence_47788,5.0,sequence_47700,65.0,502.7198
sequence_47788,5.0,sequence_47689,52.0,222.4495
sequence_47788,5.0,sequence_47683,75.0,369.53529999999995
sequence_47788,5.0,sequence_47697,55.5,136.1774
sequence_47788,5.0,sequence_47678,37.0,173.2882
sequence_47788,5.0,sequence_47682,53.0,220.5641
sequence_47788,5.0,sequence_47724,48.0,254.1241
sequence_47788,5.0,sequence_47806,73.0,457.0025
sequence_47788,5.0,sequence_47807,42.0,302.2819
sequence_47788,5.0,sequence_47804,23.0,128.08229999999998
sequence_47788,5.0,sequence_47800,20.0,139.77289999999996
sequence_47788,5.0,sequence_47799,24.0,133.83169999999998
sequence_47788,5.0,sequence_47664,32.0,188.8274
sequence_47788,5.0,sequence_47666,69.0,375.6111
sequence_47788,5.0,sequence_47671,36.0,269.69190000000003
sequence_47788,5.0,sequence_47727,45.0,314.73820000000006
sequence_47788,5.0,sequence_47756,37.0,331.63120000000004
sequence_47788,5.0,sequence_47775,23.0,457.7682000000001
sequence_47788,5.0,sequence_47730,35.0,198.24810000000002
sequence_47788,5.0,sequence_47758,22.0,215.1411
sequence_47788,5.0,sequence_47797,27.0,270.9845
sequence_47788,5.0,sequence_47798,23.0,186.5575
sequence_47788,5.0,sequence_47751,34.0,92.9016
sequence_47788,5.0,sequence_47741,102.0,183.9312
sequence_47788,5.0,sequence_47743,63.0,332.9024
sequence_47788,5.0,sequence_47752,67.0,165.1656
sequence_47788,5.0,sequence_47745,83.0,342.5561
sequence_47788,5.0,sequence_47747,72.0,353.4462
sequence_47788,5.0,sequence_47748,79.0,369.86170000000004
sequence_47788,5.0,sequence_47749,81.0,295.7916
sequence_47788,5.0,sequence_47744,69.0,319.88620000000003
sequence_47788,5.0,sequence_47721,40.0,133.0873
sequence_47788,5.0,sequence_47759,36.0,132.19379999999998
sequence_47788,5.0,sequence_47774,21.0,165.1931
sequence_47788,5.0,sequence_47770,25.0,306.8975
sequence_47788,5.0,sequence_47713,51.0,205.27550000000002
sequence_47788,5.0,sequence_47738,55.0,183.9312
sequence_47788,5.0,sequence_47769,25.0,170.9425
sequence_47788,5.0,sequence_47702,69.0,496.97040000000004
sequence_47788,5.0,sequence_47672,76.0,178.84730000000002
sequence_47788,5.0,sequence_47705,71.0,315.9361
sequence_47788,5.0,sequence_47694,51.0,253.6594
sequence_47788,5.0,sequence_47691,40.0,168.05020000000002
sequence_47788,5.0,sequence_47701,63.0,651.691
sequence_47788,5.0,sequence_47706,77.0,520.3516
sequence_47788,5.0,sequence_47675,57.0,439.3919
sequence_47788,5.0,sequence_47698,56.0,168.05020000000002
sequence_47788,5.0,sequence_47688,90.0,270.1075
sequence_47788,5.0,sequence_47704,98.0,693.5996
sequence_47788,5.0,sequence_47708,111.0,562.2601999999999
sequence_47788,5.0,sequence_47709,119.0,407.53959999999995
sequence_47788,5.0,sequence_47677,103.0,407.53959999999995
sequence_47788,5.0,sequence_47692,87.5,215.70819999999998
sequence_47788,5.0,sequence_47703,95.0,544.6284
sequence_47788,5.0,sequence_47707,79.0,413.289
sequence_47788,5.0,sequence_47762,127.0,485.5861
sequence_47788,5.0,sequence_47765,118.0,628.6161
sequence_47788,5.0,sequence_47767,105.0,540.1841
sequence_47788,5.0,sequence_47812,121.0,473.8955
sequence_47788,5.0,sequence_47761,120.0,479.6449
sequence_47788,5.0,sequence_47764,118.0,495.2398
sequence_47788,5.0,sequence_47763,122.0,512.3779999999999
sequence_47788,5.0,sequence_47699,62.0,215.70819999999998
sequence_47788,5.0,sequence_47687,92.0,220.1365
sequence_47788,5.0,sequence_47693,64.0,370.42879999999997
sequence_47788,5.0,sequence_47690,63.0,264.3581
sequence_47788,5.0,sequence_47712,49.0,221.46209999999996
sequence_47788,5.0,sequence_47714,51.0,204.32389999999998
sequence_47788,5.0,sequence_47725,57.0,249.26819999999998
sequence_47788,5.0,sequence_47669,32.0,301.48609999999996
sequence_47788,5.0,sequence_47668,48.0,338.5969
sequence_47788,5.0,sequence_47670,97.0,238.5223
sequence_47788,5.0,sequence_47665,50.0,236.4854
sequence_47788,5.0,sequence_47661,52.0,226.8317
sequence_47788,5.0,sequence_47667,86.0,401.9248
sequence_47788,5.0,sequence_47726,120.0,352.74250000000006
sequence_47788,5.0,sequence_47734,110.0,362.3962000000001
sequence_47788,5.0,sequence_47811,24.0,293.6269000000001
sequence_47788,5.0,sequence_47662,28.0,337.3806000000001
sequence_47788,5.0,sequence_47731,32.0,292.5733
sequence_47788,5.0,sequence_47733,25.0,192.49869999999999
sequence_47788,5.0,sequence_47732,30.0,308.9888
sequence_47788,5.0,sequence_47755,100.0,160.7418
sequence_47788,5.0,sequence_47746,94.0,336.8067
sequence_47788,5.0,sequence_47754,70.0,192.9762
sequence_47788,5.0,sequence_47753,74.0,182.0861
sequence_47788,5.0,sequence_47740,158.0,243.8029
sequence_47788,5.0,sequence_47742,108.0,225.8398
sequence_47788,5.0,sequence_47715,101.0,218.3675
sequence_47788,5.0,sequence_47718,81.0,212.61809999999997
sequence_47788,5.0,sequence_47717,66.0,367.3387
sequence_47788,5.0,sequence_47720,80.0,404.298
sequence_47788,5.0,sequence_47716,84.0,217.0464
sequence_47788,5.0,sequence_47719,66.0,387.88249999999994
sequence_47788,5.0,sequence_47723,69.0,286.379
sequence_47788,5.0,sequence_47722,75.0,212.61809999999997
sequence_47788,5.0,sequence_47674,38.0,210.9104
sequence_47788,5.0,sequence_47676,56.0,258.5684
sequence_47788,5.0,sequence_47711,57.0,264.3223
sequence_47788,5.0,sequence_47739,35.0,225.8398
sequence_47788,5.0,sequence_47735,55.0,308.5439
sequence_47788,5.0,sequence_47793,16.0,91.7039
sequence_47788,5.0,sequence_47801,4.0,6.642899999999999
sequence_47788,5.0,sequence_47805,22.0,92.59740000000001
sequence_47788,5.0,sequence_47802,4.0,0.8934999999999995
sequence_47788,5.0,sequence_47794,18.0,86.84800000000001
sequence_47788,5.0,sequence_47728,12.0,43.7537
sequence_47788,5.0,sequence_47808,4.0,105.3465
sequence_47788,5.0,sequence_47792,12.0,57.78380000000001
sequence_47788,5.0,sequence_47791,4.0,39.6695
sequence_47788,5.0,sequence_47729,34.0,95.78810000000001
sequence_47788,5.0,sequence_47809,10.0,157.38090000000003
sequence_47788,5.0,sequence_47737,27.0,195.38520000000003
sequence_47788,5.0,sequence_47810,5.57,22.7765
sequence_47788,5.0,sequence_47766,4.19,17.560499999999998
sequence_47788,5.0,sequence_47736,19.0,143.35080000000002
sequence_47729,34.0,sequence_47787,5.0,90.0387
sequence_47729,34.0,sequence_47684,23.0,101.656
sequence_47729,34.0,sequence_47789,10.0,131.94729999999998
sequence_47729,34.0,sequence_47790,9.0,147.522
sequence_47729,34.0,sequence_47781,12.0,181.26010000000002
sequence_47729,34.0,sequence_47777,11.0,175.3189
sequence_47729,34.0,sequence_47779,11.0,175.3189
sequence_47729,34.0,sequence_47784,21.0,218.2194
sequence_47729,34.0,sequence_47786,18.0,97.30100000000002
sequence_47729,34.0,sequence_47782,17.0,173.9978
sequence_47729,34.0,sequence_47772,12.0,128.043
sequence_47729,34.0,sequence_47795,7.0,180.2151
sequence_47729,34.0,sequence_47776,9.0,271.073
sequence_47729,34.0,sequence_47685,24.0,107.40540000000001
sequence_47729,34.0,sequence_47679,44.0,186.9362
sequence_47729,34.0,sequence_47695,52.0,102.54950000000001
sequence_47729,34.0,sequence_47710,43.0,139.6603
sequence_47729,34.0,sequence_47686,22.0,143.56459999999998
sequence_47729,34.0,sequence_47778,26.0,217.22750000000002
sequence_47729,34.0,sequence_47780,23.0,217.22750000000002
sequence_47729,34.0,sequence_47785,25.0,186.05790000000002
sequence_47729,34.0,sequence_47803,12.0,132.8408
sequence_47729,34.0,sequence_47663,36.0,202.85750000000002
sequence_47729,34.0,sequence_47757,36.0,197.1081
sequence_47729,34.0,sequence_47783,24.5,372.522
sequence_47729,34.0,sequence_47796,20.0,244.5331
sequence_47729,34.0,sequence_47750,25.0,106.9317
sequence_47729,34.0,sequence_47760,26.0,332.6658
sequence_47729,34.0,sequence_47773,19.0,169.95159999999998
sequence_47729,34.0,sequence_47768,17.0,213.3232
sequence_47729,34.0,sequence_47771,18.0,144.1493
sequence_47729,34.0,sequence_47681,44.0,192.68560000000002
sequence_47729,34.0,sequence_47696,47.0,108.2989
sequence_47729,34.0,sequence_47680,73.0,335.9074
sequence_47729,34.0,sequence_47673,65.5,224.94050000000001
sequence_47729,34.0,sequence_47700,65.0,511.0005
sequence_47729,34.0,sequence_47689,52.0,230.73020000000002
sequence_47729,34.0,sequence_47683,75.0,377.816
sequence_47729,34.0,sequence_47697,55.5,144.4581
sequence_47729,34.0,sequence_47678,37.0,181.56889999999999
sequence_47729,34.0,sequence_47682,53.0,228.84480000000002
sequence_47729,34.0,sequence_47724,48.0,262.4048
sequence_47729,34.0,sequence_47806,73.0,541.2918
sequence_47729,34.0,sequence_47807,42.0,386.57120000000003
sequence_47729,34.0,sequence_47804,23.0,212.3716
sequence_47729,34.0,sequence_47800,20.0,224.06220000000002
sequence_47729,34.0,sequence_47799,24.0,218.12100000000004
sequence_47729,34.0,sequence_47664,32.0,208.60690000000002
sequence_47729,34.0,sequence_47666,69.0,383.8918
sequence_47729,34.0,sequence_47671,36.0,277.9726
sequence_47729,34.0,sequence_47727,45.0,334.5177
sequence_47729,34.0,sequence_47756,37.0,351.4107
sequence_47729,34.0,sequence_47775,23.0,553.5563
sequence_47729,34.0,sequence_47730,35.0,206.5288
sequence_47729,34.0,sequence_47758,22.0,223.42180000000002
sequence_47729,34.0,sequence_47797,27.0,366.7726
sequence_47729,34.0,sequence_47798,23.0,270.84680000000003
sequence_47729,34.0,sequence_47751,34.0,112.68110000000001
sequence_47729,34.0,sequence_47741,102.0,192.2119
sequence_47729,34.0,sequence_47743,63.0,341.18309999999997
sequence_47729,34.0,sequence_47752,67.0,173.4463
sequence_47729,34.0,sequence_47745,83.0,350.8367999999999
sequence_47729,34.0,sequence_47747,72.0,361.7269
sequence_47729,34.0,sequence_47748,79.0,378.14239999999995
sequence_47729,34.0,sequence_47749,81.0,304.0723
sequence_47729,34.0,sequence_47744,69.0,328.16689999999994
sequence_47729,34.0,sequence_47721,40.0,141.368
sequence_47729,34.0,sequence_47759,36.0,140.4745
sequence_47729,34.0,sequence_47774,21.0,249.4824
sequence_47729,34.0,sequence_47770,25.0,391.18679999999995
sequence_47729,34.0,sequence_47713,51.0,213.55620000000002
sequence_47729,34.0,sequence_47738,55.0,192.2119
sequence_47729,34.0,sequence_47769,25.0,255.23180000000002
sequence_47729,34.0,sequence_47702,69.0,516.7499
sequence_47729,34.0,sequence_47672,76.0,198.62680000000003
sequence_47729,34.0,sequence_47705,71.0,335.7156
sequence_47729,34.0,sequence_47694,51.0,169.3701
sequence_47729,34.0,sequence_47691,40.0,187.8297
sequence_47729,34.0,sequence_47701,63.0,659.9717
sequence_47729,34.0,sequence_47706,77.0,528.6323
sequence_47729,34.0,sequence_47675,57.0,447.6726
sequence_47729,34.0,sequence_47698,56.0,187.8297
sequence_47729,34.0,sequence_47688,90.0,278.38820000000004
sequence_47729,34.0,sequence_47704,98.0,701.8803
sequence_47729,34.0,sequence_47708,111.0,570.5409
sequence_47729,34.0,sequence_47709,119.0,415.8203
sequence_47729,34.0,sequence_47677,103.0,415.8203
sequence_47729,34.0,sequence_47692,87.5,223.9889
sequence_47729,34.0,sequence_47703,95.0,552.9091000000001
sequence_47729,34.0,sequence_47707,79.0,421.5697
sequence_47729,34.0,sequence_47762,127.0,569.8754
sequence_47729,34.0,sequence_47765,118.0,712.9054
sequence_47729,34.0,sequence_47767,105.0,624.4734000000001
sequence_47729,34.0,sequence_47812,121.0,558.1848
sequence_47729,34.0,sequence_47761,120.0,563.9342
sequence_47729,34.0,sequence_47764,118.0,579.5291
sequence_47729,34.0,sequence_47763,122.0,596.6673000000001
sequence_47729,34.0,sequence_47699,62.0,223.9889
sequence_47729,34.0,sequence_47687,92.0,228.41720000000004
sequence_47729,34.0,sequence_47693,64.0,378.7095
sequence_47729,34.0,sequence_47690,63.0,272.6388
sequence_47729,34.0,sequence_47712,49.0,229.7428
sequence_47729,34.0,sequence_47714,51.0,212.6046
sequence_47729,34.0,sequence_47725,57.0,257.5489
sequence_47729,34.0,sequence_47669,32.0,321.2656
sequence_47729,34.0,sequence_47668,48.0,358.3764
sequence_47729,34.0,sequence_47670,97.0,258.3018
sequence_47729,34.0,sequence_47665,50.0,256.2649
sequence_47729,34.0,sequence_47661,52.0,246.6112
sequence_47729,34.0,sequence_47667,86.0,410.20550000000003
sequence_47729,34.0,sequence_47726,120.0,372.522
sequence_47729,34.0,sequence_47734,110.0,382.1757
sequence_47729,34.0,sequence_47811,24.0,389.41499999999996
sequence_47729,34.0,sequence_47662,28.0,357.1601
sequence_47729,34.0,sequence_47731,32.0,312.3528
sequence_47729,34.0,sequence_47733,25.0,212.27820000000003
sequence_47729,34.0,sequence_47732,30.0,328.7683
sequence_47729,34.0,sequence_47755,100.0,180.5213
sequence_47729,34.0,sequence_47746,94.0,356.58619999999996
sequence_47729,34.0,sequence_47754,70.0,212.75570000000002
sequence_47729,34.0,sequence_47753,74.0,201.8656
sequence_47729,34.0,sequence_47740,158.0,263.5824
sequence_47729,34.0,sequence_47742,108.0,234.12050000000002
sequence_47729,34.0,sequence_47715,101.0,226.64820000000003
sequence_47729,34.0,sequence_47718,81.0,220.8988
sequence_47729,34.0,sequence_47717,66.0,375.6194
sequence_47729,34.0,sequence_47720,80.0,412.57869999999997
sequence_47729,34.0,sequence_47716,84.0,225.32710000000003
sequence_47729,34.0,sequence_47719,66.0,396.16319999999996
sequence_47729,34.0,sequence_47723,69.0,294.65970000000004
sequence_47729,34.0,sequence_47722,75.0,220.8988
sequence_47729,34.0,sequence_47674,38.0,230.68990000000002
sequence_47729,34.0,sequence_47676,56.0,266.8491
sequence_47729,34.0,sequence_47711,57.0,272.603
sequence_47729,34.0,sequence_47739,35.0,234.12050000000002
sequence_47729,34.0,sequence_47735,55.0,316.82460000000003
sequence_47729,34.0,sequence_47793,16.0,71.92439999999999
sequence_47729,34.0,sequence_47801,4.0,90.93220000000001
sequence_47729,34.0,sequence_47805,22.0,72.81790000000001
sequence_47729,34.0,sequence_47802,4.0,96.6816
sequence_47729,34.0,sequence_47794,18.0,78.5673
sequence_47729,34.0,sequence_47728,12.0,52.034400000000005
sequence_47729,34.0,sequence_47808,4.0,189.63580000000002
sequence_47729,34.0,sequence_47792,12.0,38.0043
sequence_47729,34.0,sequence_47791,4.0,123.9588
sequence_47729,34.0,sequence_47788,5.0,95.78810000000001
sequence_47729,34.0,sequence_47809,10.0,137.6014
sequence_47729,34.0,sequence_47737,27.0,99.59710000000001
sequence_47729,34.0,sequence_47810,5.57,107.06580000000001
sequence_47729,34.0,sequence_47766,4.19,101.8498
sequence_47729,34.0,sequence_47736,19.0,151.63150000000002
sequence_47809,10.0,sequence_47787,5.0,151.63150000000002
sequence_47809,10.0,sequence_47684,23.0,140.01420000000002
sequence_47809,10.0,sequence_47789,10.0,193.5401
sequence_47809,10.0,sequence_47790,9.0,209.1148
sequence_47809,10.0,sequence_47781,12.0,242.85290000000003
sequence_47809,10.0,sequence_47777,11.0,236.91170000000002
sequence_47809,10.0,sequence_47779,11.0,236.91170000000002
sequence_47809,10.0,sequence_47784,21.0,279.8122
sequence_47809,10.0,sequence_47786,18.0,158.89380000000003
sequence_47809,10.0,sequence_47782,17.0,235.59060000000002
sequence_47809,10.0,sequence_47772,12.0,189.63580000000002
sequence_47809,10.0,sequence_47795,7.0,241.80790000000002
sequence_47809,10.0,sequence_47776,9.0,332.6658
sequence_47809,10.0,sequence_47685,24.0,145.76360000000003
sequence_47809,10.0,sequence_47679,44.0,225.29440000000002
sequence_47809,10.0,sequence_47695,52.0,140.9077
sequence_47809,10.0,sequence_47710,43.0,178.01850000000002
sequence_47809,10.0,sequence_47686,22.0,181.9228
sequence_47809,10.0,sequence_47778,26.0,278.82030000000003
sequence_47809,10.0,sequence_47780,23.0,278.82030000000003
sequence_47809,10.0,sequence_47785,25.0,247.65070000000003
sequence_47809,10.0,sequence_47803,12.0,194.4336
sequence_47809,10.0,sequence_47663,36.0,340.4589
sequence_47809,10.0,sequence_47757,36.0,334.70950000000005
sequence_47809,10.0,sequence_47783,24.5,434.1148
sequence_47809,10.0,sequence_47796,20.0,306.1259
sequence_47809,10.0,sequence_47750,25.0,244.53310000000002
sequence_47809,10.0,sequence_47760,26.0,271.073
sequence_47809,10.0,sequence_47773,19.0,231.5444
sequence_47809,10.0,sequence_47768,17.0,274.91600000000005
sequence_47809,10.0,sequence_47771,18.0,205.74210000000002
sequence_47809,10.0,sequence_47681,44.0,231.04380000000003
sequence_47809,10.0,sequence_47696,47.0,146.6571
sequence_47809,10.0,sequence_47680,73.0,374.2656
sequence_47809,10.0,sequence_47673,65.5,263.29870000000005
sequence_47809,10.0,sequence_47700,65.0,549.3587
sequence_47809,10.0,sequence_47689,52.0,269.0884
sequence_47809,10.0,sequence_47683,75.0,416.1742
sequence_47809,10.0,sequence_47697,55.5,182.8163
sequence_47809,10.0,sequence_47678,37.0,219.9271
sequence_47809,10.0,sequence_47682,53.0,267.20300000000003
sequence_47809,10.0,sequence_47724,48.0,233.64300000000003
sequence_47809,10.0,sequence_47806,73.0,602.8846000000001
sequence_47809,10.0,sequence_47807,42.0,448.16400000000004
sequence_47809,10.0,sequence_47804,23.0,273.9644
sequence_47809,10.0,sequence_47800,20.0,285.65500000000003
sequence_47809,10.0,sequence_47799,24.0,279.71380000000005
sequence_47809,10.0,sequence_47664,32.0,346.2083
sequence_47809,10.0,sequence_47666,69.0,521.4932
sequence_47809,10.0,sequence_47671,36.0,415.574
sequence_47809,10.0,sequence_47727,45.0,472.1191
sequence_47809,10.0,sequence_47756,37.0,489.01210000000003
sequence_47809,10.0,sequence_47775,23.0,615.1491
sequence_47809,10.0,sequence_47730,35.0,344.1302
sequence_47809,10.0,sequence_47758,22.0,361.02320000000003
sequence_47809,10.0,sequence_47797,27.0,428.3654
sequence_47809,10.0,sequence_47798,23.0,332.43960000000004
sequence_47809,10.0,sequence_47751,34.0,250.28250000000003
sequence_47809,10.0,sequence_47741,102.0,329.8133
sequence_47809,10.0,sequence_47743,63.0,478.7845
sequence_47809,10.0,sequence_47752,67.0,311.0477
sequence_47809,10.0,sequence_47745,83.0,488.43819999999994
sequence_47809,10.0,sequence_47747,72.0,499.3283
sequence_47809,10.0,sequence_47748,79.0,515.7438
sequence_47809,10.0,sequence_47749,81.0,441.6737
sequence_47809,10.0,sequence_47744,69.0,465.76829999999995
sequence_47809,10.0,sequence_47721,40.0,260.128
sequence_47809,10.0,sequence_47759,36.0,261.0215
sequence_47809,10.0,sequence_47774,21.0,311.0752
sequence_47809,10.0,sequence_47770,25.0,452.77959999999996
sequence_47809,10.0,sequence_47713,51.0,351.1576
sequence_47809,10.0,sequence_47738,55.0,329.8133
sequence_47809,10.0,sequence_47769,25.0,316.82460000000003
sequence_47809,10.0,sequence_47702,69.0,555.1081
sequence_47809,10.0,sequence_47672,76.0,236.985
sequence_47809,10.0,sequence_47705,71.0,374.0738
sequence_47809,10.0,sequence_47694,51.0,207.7283
sequence_47809,10.0,sequence_47691,40.0,226.1879
sequence_47809,10.0,sequence_47701,63.0,698.3299
sequence_47809,10.0,sequence_47706,77.0,566.9905
sequence_47809,10.0,sequence_47675,57.0,486.0308
sequence_47809,10.0,sequence_47698,56.0,226.1879
sequence_47809,10.0,sequence_47688,90.0,316.7464
sequence_47809,10.0,sequence_47704,98.0,740.2384999999999
sequence_47809,10.0,sequence_47708,111.0,608.8991
sequence_47809,10.0,sequence_47709,119.0,454.1785
sequence_47809,10.0,sequence_47677,103.0,454.1785
sequence_47809,10.0,sequence_47692,87.5,262.3471
sequence_47809,10.0,sequence_47703,95.0,591.2673
sequence_47809,10.0,sequence_47707,79.0,459.9279
sequence_47809,10.0,sequence_47762,127.0,631.4682
sequence_47809,10.0,sequence_47765,118.0,774.4982
sequence_47809,10.0,sequence_47767,105.0,519.703
sequence_47809,10.0,sequence_47812,121.0,619.7776
sequence_47809,10.0,sequence_47761,120.0,625.527
sequence_47809,10.0,sequence_47764,118.0,641.1219000000001
sequence_47809,10.0,sequence_47763,122.0,547.5091
sequence_47809,10.0,sequence_47699,62.0,262.3471
sequence_47809,10.0,sequence_47687,92.0,266.7754
sequence_47809,10.0,sequence_47693,64.0,417.06769999999995
sequence_47809,10.0,sequence_47690,63.0,310.997
sequence_47809,10.0,sequence_47712,49.0,256.5932
sequence_47809,10.0,sequence_47714,51.0,350.206
sequence_47809,10.0,sequence_47725,57.0,228.7871
sequence_47809,10.0,sequence_47669,32.0,458.8670000000001
sequence_47809,10.0,sequence_47668,48.0,495.9778
sequence_47809,10.0,sequence_47670,97.0,395.9032
sequence_47809,10.0,sequence_47665,50.0,393.8663
sequence_47809,10.0,sequence_47661,52.0,384.21260000000007
sequence_47809,10.0,sequence_47667,86.0,547.8069
sequence_47809,10.0,sequence_47726,120.0,510.1234
sequence_47809,10.0,sequence_47734,110.0,519.7771
sequence_47809,10.0,sequence_47811,24.0,451.0078
sequence_47809,10.0,sequence_47662,28.0,494.7615
sequence_47809,10.0,sequence_47731,32.0,449.9542
sequence_47809,10.0,sequence_47733,25.0,349.8796
sequence_47809,10.0,sequence_47732,30.0,466.3697
sequence_47809,10.0,sequence_47755,100.0,318.1227
sequence_47809,10.0,sequence_47746,94.0,494.1876
sequence_47809,10.0,sequence_47754,70.0,350.35710000000006
sequence_47809,10.0,sequence_47753,74.0,339.467
sequence_47809,10.0,sequence_47740,158.0,401.1838
sequence_47809,10.0,sequence_47742,108.0,371.7219
sequence_47809,10.0,sequence_47715,101.0,345.4082
sequence_47809,10.0,sequence_47718,81.0,339.65880000000004
sequence_47809,10.0,sequence_47717,66.0,494.3794
sequence_47809,10.0,sequence_47720,80.0,531.3387
sequence_47809,10.0,sequence_47716,84.0,344.0871
sequence_47809,10.0,sequence_47719,66.0,514.9232
sequence_47809,10.0,sequence_47723,69.0,265.89790000000005
sequence_47809,10.0,sequence_47722,75.0,339.65880000000004
sequence_47809,10.0,sequence_47674,38.0,269.04810000000003
sequence_47809,10.0,sequence_47676,56.0,305.20730000000003
sequence_47809,10.0,sequence_47711,57.0,299.45340000000004
sequence_47809,10.0,sequence_47739,35.0,371.7219
sequence_47809,10.0,sequence_47735,55.0,255.23180000000002
sequence_47809,10.0,sequence_47793,16.0,133.5172
sequence_47809,10.0,sequence_47801,4.0,152.52500000000003
sequence_47809,10.0,sequence_47805,22.0,134.41070000000002
sequence_47809,10.0,sequence_47802,4.0,158.2744
sequence_47809,10.0,sequence_47794,18.0,140.1601
sequence_47809,10.0,sequence_47728,12.0,189.63580000000002
sequence_47809,10.0,sequence_47808,4.0,52.034400000000005
sequence_47809,10.0,sequence_47792,12.0,99.59710000000001
sequence_47809,10.0,sequence_47791,4.0,185.5516
sequence_47809,10.0,sequence_47788,5.0,157.38090000000003
sequence_47809,10.0,sequence_47729,34.0,137.6014
sequence_47809,10.0,sequence_47737,27.0,38.0043
sequence_47809,10.0,sequence_47810,5.57,134.6044
sequence_47809,10.0,sequence_47766,4.19,139.8204
sequence_47809,10.0,sequence_47736,19.0,90.0387
sequence_47737,27.0,sequence_47787,5.0,189.63580000000002
sequence_47737,27.0,sequence_47684,23.0,102.00990000000002
sequence_47737,27.0,sequence_47789,10.0,231.5444
sequence_47737,27.0,sequence_47790,9.0,247.1191
sequence_47737,27.0,sequence_47781,12.0,280.85720000000003
sequence_47737,27.0,sequence_47777,11.0,274.91600000000005
sequence_47737,27.0,sequence_47779,11.0,274.91600000000005
sequence_47737,27.0,sequence_47784,21.0,317.8165
sequence_47737,27.0,sequence_47786,18.0,196.89810000000003
sequence_47737,27.0,sequence_47782,17.0,273.59490000000005
sequence_47737,27.0,sequence_47772,12.0,227.64010000000002
sequence_47737,27.0,sequence_47795,7.0,279.8122
sequence_47737,27.0,sequence_47776,9.0,370.6701
sequence_47737,27.0,sequence_47685,24.0,107.75930000000001
sequence_47737,27.0,sequence_47679,44.0,187.29010000000002
sequence_47737,27.0,sequence_47695,52.0,102.9034
sequence_47737,27.0,sequence_47710,43.0,140.01420000000002
sequence_47737,27.0,sequence_47686,22.0,143.9185
sequence_47737,27.0,sequence_47778,26.0,316.82460000000003
sequence_47737,27.0,sequence_47780,23.0,316.82460000000003
sequence_47737,27.0,sequence_47785,25.0,285.65500000000003
sequence_47737,27.0,sequence_47803,12.0,232.4379
sequence_47737,27.0,sequence_47663,36.0,302.4546
sequence_47737,27.0,sequence_47757,36.0,296.7052
sequence_47737,27.0,sequence_47783,24.5,472.1191
sequence_47737,27.0,sequence_47796,20.0,344.1302
sequence_47737,27.0,sequence_47750,25.0,206.52880000000002
sequence_47737,27.0,sequence_47760,26.0,233.0687
sequence_47737,27.0,sequence_47773,19.0,269.5487
sequence_47737,27.0,sequence_47768,17.0,312.9203
sequence_47737,27.0,sequence_47771,18.0,243.74640000000002
sequence_47737,27.0,sequence_47681,44.0,193.03950000000003
sequence_47737,27.0,sequence_47696,47.0,108.65280000000001
sequence_47737,27.0,sequence_47680,73.0,336.2613
sequence_47737,27.0,sequence_47673,65.5,225.29440000000002
sequence_47737,27.0,sequence_47700,65.0,511.35440000000006
sequence_47737,27.0,sequence_47689,52.0,231.0841
sequence_47737,27.0,sequence_47683,75.0,378.1699
sequence_47737,27.0,sequence_47697,55.5,144.812
sequence_47737,27.0,sequence_47678,37.0,181.9228
sequence_47737,27.0,sequence_47682,53.0,229.19870000000003
sequence_47737,27.0,sequence_47724,48.0,195.63870000000003
sequence_47737,27.0,sequence_47806,73.0,640.8889
sequence_47737,27.0,sequence_47807,42.0,486.16830000000004
sequence_47737,27.0,sequence_47804,23.0,311.9687
sequence_47737,27.0,sequence_47800,20.0,323.65930000000003
sequence_47737,27.0,sequence_47799,24.0,317.71810000000005
sequence_47737,27.0,sequence_47664,32.0,308.204
sequence_47737,27.0,sequence_47666,69.0,483.4889
sequence_47737,27.0,sequence_47671,36.0,377.5697
sequence_47737,27.0,sequence_47727,45.0,434.1148
sequence_47737,27.0,sequence_47756,37.0,451.0078
sequence_47737,27.0,sequence_47775,23.0,653.1533999999999
sequence_47737,27.0,sequence_47730,35.0,306.1259
sequence_47737,27.0,sequence_47758,22.0,323.01890000000003
sequence_47737,27.0,sequence_47797,27.0,466.3697
sequence_47737,27.0,sequence_47798,23.0,370.4439
sequence_47737,27.0,sequence_47751,34.0,212.27820000000003
sequence_47737,27.0,sequence_47741,102.0,291.809
sequence_47737,27.0,sequence_47743,63.0,440.78020000000004
sequence_47737,27.0,sequence_47752,67.0,273.0434
sequence_47737,27.0,sequence_47745,83.0,450.4339
sequence_47737,27.0,sequence_47747,72.0,461.32399999999996
sequence_47737,27.0,sequence_47748,79.0,477.7395
sequence_47737,27.0,sequence_47749,81.0,403.6694
sequence_47737,27.0,sequence_47744,69.0,427.764
sequence_47737,27.0,sequence_47721,40.0,222.12369999999999
sequence_47737,27.0,sequence_47759,36.0,223.0172
sequence_47737,27.0,sequence_47774,21.0,349.07950000000005
sequence_47737,27.0,sequence_47770,25.0,490.78389999999996
sequence_47737,27.0,sequence_47713,51.0,313.15330000000006
sequence_47737,27.0,sequence_47738,55.0,291.809
sequence_47737,27.0,sequence_47769,25.0,354.82890000000003
sequence_47737,27.0,sequence_47702,69.0,517.1038000000001
sequence_47737,27.0,sequence_47672,76.0,198.9807
sequence_47737,27.0,sequence_47705,71.0,336.06950000000006
sequence_47737,27.0,sequence_47694,51.0,169.724
sequence_47737,27.0,sequence_47691,40.0,188.1836
sequence_47737,27.0,sequence_47701,63.0,660.3256
sequence_47737,27.0,sequence_47706,77.0,528.9862
sequence_47737,27.0,sequence_47675,57.0,448.0265
sequence_47737,27.0,sequence_47698,56.0,188.1836
sequence_47737,27.0,sequence_47688,90.0,278.74210000000005
sequence_47737,27.0,sequence_47704,98.0,702.2342
sequence_47737,27.0,sequence_47708,111.0,570.8948
sequence_47737,27.0,sequence_47709,119.0,416.1742
sequence_47737,27.0,sequence_47677,103.0,416.1742
sequence_47737,27.0,sequence_47692,87.5,224.3428
sequence_47737,27.0,sequence_47703,95.0,553.263
sequence_47737,27.0,sequence_47707,79.0,421.9236
sequence_47737,27.0,sequence_47762,127.0,669.4725000000001
sequence_47737,27.0,sequence_47765,118.0,812.5024999999999
sequence_47737,27.0,sequence_47767,105.0,557.7073
sequence_47737,27.0,sequence_47812,121.0,657.7819
sequence_47737,27.0,sequence_47761,120.0,663.5313000000001
sequence_47737,27.0,sequence_47764,118.0,679.1262000000002
sequence_47737,27.0,sequence_47763,122.0,585.5134
sequence_47737,27.0,sequence_47699,62.0,224.3428
sequence_47737,27.0,sequence_47687,92.0,228.77110000000002
sequence_47737,27.0,sequence_47693,64.0,379.0634
sequence_47737,27.0,sequence_47690,63.0,272.9927
sequence_47737,27.0,sequence_47712,49.0,218.58890000000002
sequence_47737,27.0,sequence_47714,51.0,312.2017
sequence_47737,27.0,sequence_47725,57.0,190.7828
sequence_47737,27.0,sequence_47669,32.0,420.8627
sequence_47737,27.0,sequence_47668,48.0,457.97350000000006
sequence_47737,27.0,sequence_47670,97.0,357.8989
sequence_47737,27.0,sequence_47665,50.0,355.862
sequence_47737,27.0,sequence_47661,52.0,346.2083
sequence_47737,27.0,sequence_47667,86.0,509.8026
sequence_47737,27.0,sequence_47726,120.0,472.1191
sequence_47737,27.0,sequence_47734,110.0,481.7728
sequence_47737,27.0,sequence_47811,24.0,489.01210000000003
sequence_47737,27.0,sequence_47662,28.0,456.7572
sequence_47737,27.0,sequence_47731,32.0,411.9499
sequence_47737,27.0,sequence_47733,25.0,311.87530000000004
sequence_47737,27.0,sequence_47732,30.0,428.3654
sequence_47737,27.0,sequence_47755,100.0,280.1184
sequence_47737,27.0,sequence_47746,94.0,456.18330000000003
sequence_47737,27.0,sequence_47754,70.0,312.3528
sequence_47737,27.0,sequence_47753,74.0,301.46270000000004
sequence_47737,27.0,sequence_47740,158.0,363.1795
sequence_47737,27.0,sequence_47742,108.0,333.71760000000006
sequence_47737,27.0,sequence_47715,101.0,307.4039
sequence_47737,27.0,sequence_47718,81.0,301.6545
sequence_47737,27.0,sequence_47717,66.0,456.3751
sequence_47737,27.0,sequence_47720,80.0,493.33439999999996
sequence_47737,27.0,sequence_47716,84.0,306.0828
sequence_47737,27.0,sequence_47719,66.0,476.91889999999995
sequence_47737,27.0,sequence_47723,69.0,227.89360000000002
sequence_47737,27.0,sequence_47722,75.0,301.6545
sequence_47737,27.0,sequence_47674,38.0,231.04380000000003
sequence_47737,27.0,sequence_47676,56.0,267.20300000000003
sequence_47737,27.0,sequence_47711,57.0,261.44910000000004
sequence_47737,27.0,sequence_47739,35.0,333.71760000000006
sequence_47737,27.0,sequence_47735,55.0,217.22750000000002
sequence_47737,27.0,sequence_47793,16.0,171.5215
sequence_47737,27.0,sequence_47801,4.0,190.52930000000003
sequence_47737,27.0,sequence_47805,22.0,172.41500000000002
sequence_47737,27.0,sequence_47802,4.0,196.27870000000004
sequence_47737,27.0,sequence_47794,18.0,178.1644
sequence_47737,27.0,sequence_47728,12.0,151.63150000000002
sequence_47737,27.0,sequence_47808,4.0,90.0387
sequence_47737,27.0,sequence_47792,12.0,137.6014
sequence_47737,27.0,sequence_47791,4.0,223.5559
sequence_47737,27.0,sequence_47788,5.0,195.38520000000003
sequence_47737,27.0,sequence_47729,34.0,99.59710000000001
sequence_47737,27.0,sequence_47809,10.0,38.0043
sequence_47737,27.0,sequence_47810,5.57,172.6087
sequence_47737,27.0,sequence_47766,4.19,177.8247
sequence_47737,27.0,sequence_47736,19.0,52.034400000000005
sequence_47810,5.57,sequence_47787,5.0,17.0271
sequence_47810,5.57,sequence_47684,23.0,70.59880000000001
sequence_47810,5.57,sequence_47789,10.0,58.9357
sequence_47810,5.57,sequence_47790,9.0,74.5104
sequence_47810,5.57,sequence_47781,12.0,108.2485
sequence_47810,5.57,sequence_47777,11.0,102.30730000000001
sequence_47810,5.57,sequence_47779,11.0,102.30730000000001
sequence_47810,5.57,sequence_47784,21.0,145.2078
sequence_47810,5.57,sequence_47786,18.0,100.98620000000001
sequence_47810,5.57,sequence_47782,17.0,100.98620000000001
sequence_47810,5.57,sequence_47772,12.0,55.031400000000005
sequence_47810,5.57,sequence_47795,7.0,107.2035
sequence_47810,5.57,sequence_47776,9.0,198.0614
sequence_47810,5.57,sequence_47685,24.0,76.3482
sequence_47810,5.57,sequence_47679,44.0,155.87900000000002
sequence_47810,5.57,sequence_47695,52.0,71.4923
sequence_47810,5.57,sequence_47710,43.0,108.6031
sequence_47810,5.57,sequence_47686,22.0,112.5074
sequence_47810,5.57,sequence_47778,26.0,144.2159
sequence_47810,5.57,sequence_47780,23.0,144.21589999999998
sequence_47810,5.57,sequence_47785,25.0,113.04629999999999
sequence_47810,5.57,sequence_47803,12.0,59.82919999999999
sequence_47810,5.57,sequence_47663,36.0,205.8545
sequence_47810,5.57,sequence_47757,36.0,200.1051
sequence_47810,5.57,sequence_47783,24.5,299.5104
sequence_47810,5.57,sequence_47796,20.0,171.5215
sequence_47810,5.57,sequence_47750,25.0,109.92869999999999
sequence_47810,5.57,sequence_47760,26.0,301.6086
sequence_47810,5.57,sequence_47773,19.0,96.94
sequence_47810,5.57,sequence_47768,17.0,140.3116
sequence_47810,5.57,sequence_47771,18.0,71.13770000000001
sequence_47810,5.57,sequence_47681,44.0,161.6284
sequence_47810,5.57,sequence_47696,47.0,77.2417
sequence_47810,5.57,sequence_47680,73.0,304.85020000000003
sequence_47810,5.57,sequence_47673,65.5,193.88330000000002
sequence_47810,5.57,sequence_47700,65.0,479.9433
sequence_47810,5.57,sequence_47689,52.0,199.673
sequence_47810,5.57,sequence_47683,75.0,346.75879999999995
sequence_47810,5.57,sequence_47697,55.5,113.4009
sequence_47810,5.57,sequence_47678,37.0,150.51170000000002
sequence_47810,5.57,sequence_47682,53.0,197.7876
sequence_47810,5.57,sequence_47724,48.0,231.3476
sequence_47810,5.57,sequence_47806,73.0,468.28020000000004
sequence_47810,5.57,sequence_47807,42.0,313.5596
sequence_47810,5.57,sequence_47804,23.0,139.36
sequence_47810,5.57,sequence_47800,20.0,151.0506
sequence_47810,5.57,sequence_47799,24.0,145.1094
sequence_47810,5.57,sequence_47664,32.0,211.6039
sequence_47810,5.57,sequence_47666,69.0,386.8888
sequence_47810,5.57,sequence_47671,36.0,280.9696
sequence_47810,5.57,sequence_47727,45.0,337.5147
sequence_47810,5.57,sequence_47756,37.0,354.4077
sequence_47810,5.57,sequence_47775,23.0,480.5447
sequence_47810,5.57,sequence_47730,35.0,209.5258
sequence_47810,5.57,sequence_47758,22.0,226.4188
sequence_47810,5.57,sequence_47797,27.0,293.761
sequence_47810,5.57,sequence_47798,23.0,197.8352
sequence_47810,5.57,sequence_47751,34.0,115.67809999999999
sequence_47810,5.57,sequence_47741,102.0,195.2089
sequence_47810,5.57,sequence_47743,63.0,344.1801
sequence_47810,5.57,sequence_47752,67.0,176.4433
sequence_47810,5.57,sequence_47745,83.0,353.8338
sequence_47810,5.57,sequence_47747,72.0,364.72389999999996
sequence_47810,5.57,sequence_47748,79.0,381.13939999999997
sequence_47810,5.57,sequence_47749,81.0,307.0693
sequence_47810,5.57,sequence_47744,69.0,331.1639
sequence_47810,5.57,sequence_47721,40.0,125.5236
sequence_47810,5.57,sequence_47759,36.0,126.41709999999999
sequence_47810,5.57,sequence_47774,21.0,176.4708
sequence_47810,5.57,sequence_47770,25.0,318.17519999999996
sequence_47810,5.57,sequence_47713,51.0,216.5532
sequence_47810,5.57,sequence_47738,55.0,195.2089
sequence_47810,5.57,sequence_47769,25.0,182.2202
sequence_47810,5.57,sequence_47702,69.0,485.69270000000006
sequence_47810,5.57,sequence_47672,76.0,167.5696
sequence_47810,5.57,sequence_47705,71.0,304.65840000000003
sequence_47810,5.57,sequence_47694,51.0,242.38170000000002
sequence_47810,5.57,sequence_47691,40.0,156.7725
sequence_47810,5.57,sequence_47701,63.0,628.9145000000001
sequence_47810,5.57,sequence_47706,77.0,497.5751
sequence_47810,5.57,sequence_47675,57.0,416.6154
sequence_47810,5.57,sequence_47698,56.0,156.7725
sequence_47810,5.57,sequence_47688,90.0,247.33100000000002
sequence_47810,5.57,sequence_47704,98.0,670.8231000000001
sequence_47810,5.57,sequence_47708,111.0,539.4837
sequence_47810,5.57,sequence_47709,119.0,384.7631
sequence_47810,5.57,sequence_47677,103.0,384.7631
sequence_47810,5.57,sequence_47692,87.5,192.93169999999998
sequence_47810,5.57,sequence_47703,95.0,521.8519
sequence_47810,5.57,sequence_47707,79.0,390.51250000000005
sequence_47810,5.57,sequence_47762,127.0,496.8638
sequence_47810,5.57,sequence_47765,118.0,639.8938
sequence_47810,5.57,sequence_47767,105.0,517.4076
sequence_47810,5.57,sequence_47812,121.0,485.1732
sequence_47810,5.57,sequence_47761,120.0,490.9226
sequence_47810,5.57,sequence_47764,118.0,506.51750000000004
sequence_47810,5.57,sequence_47763,122.0,489.6015
sequence_47810,5.57,sequence_47699,62.0,192.9317
sequence_47810,5.57,sequence_47687,92.0,197.35999999999999
sequence_47810,5.57,sequence_47693,64.0,347.65229999999997
sequence_47810,5.57,sequence_47690,63.0,241.58159999999998
sequence_47810,5.57,sequence_47712,49.0,198.68560000000002
sequence_47810,5.57,sequence_47714,51.0,215.60160000000002
sequence_47810,5.57,sequence_47725,57.0,226.4917
sequence_47810,5.57,sequence_47669,32.0,324.2626
sequence_47810,5.57,sequence_47668,48.0,361.3734
sequence_47810,5.57,sequence_47670,97.0,261.2988
sequence_47810,5.57,sequence_47665,50.0,259.2619
sequence_47810,5.57,sequence_47661,52.0,249.6082
sequence_47810,5.57,sequence_47667,86.0,413.2025
sequence_47810,5.57,sequence_47726,120.0,375.519
sequence_47810,5.57,sequence_47734,110.0,385.17269999999996
sequence_47810,5.57,sequence_47811,24.0,316.4034
sequence_47810,5.57,sequence_47662,28.0,360.1571
sequence_47810,5.57,sequence_47731,32.0,315.3498
sequence_47810,5.57,sequence_47733,25.0,215.2752
sequence_47810,5.57,sequence_47732,30.0,331.7653
sequence_47810,5.57,sequence_47755,100.0,183.51829999999998
sequence_47810,5.57,sequence_47746,94.0,359.5832
sequence_47810,5.57,sequence_47754,70.0,215.75269999999998
sequence_47810,5.57,sequence_47753,74.0,204.8626
sequence_47810,5.57,sequence_47740,158.0,266.57939999999996
sequence_47810,5.57,sequence_47742,108.0,237.11749999999998
sequence_47810,5.57,sequence_47715,101.0,210.8038
sequence_47810,5.57,sequence_47718,81.0,205.0544
sequence_47810,5.57,sequence_47717,66.0,359.775
sequence_47810,5.57,sequence_47720,80.0,396.73429999999996
sequence_47810,5.57,sequence_47716,84.0,209.4827
sequence_47810,5.57,sequence_47719,66.0,380.31879999999995
sequence_47810,5.57,sequence_47723,69.0,263.60249999999996
sequence_47810,5.57,sequence_47722,75.0,205.05440000000002
sequence_47810,5.57,sequence_47674,38.0,199.6327
sequence_47810,5.57,sequence_47676,56.0,235.7919
sequence_47810,5.57,sequence_47711,57.0,241.54579999999999
sequence_47810,5.57,sequence_47739,35.0,237.1175
sequence_47810,5.57,sequence_47735,55.0,285.7674
sequence_47810,5.57,sequence_47793,16.0,102.9816
sequence_47810,5.57,sequence_47801,4.0,17.9206
sequence_47810,5.57,sequence_47805,22.0,103.8751
sequence_47810,5.57,sequence_47802,4.0,23.67
sequence_47810,5.57,sequence_47794,18.0,109.62450000000001
sequence_47810,5.57,sequence_47728,12.0,55.031400000000005
sequence_47810,5.57,sequence_47808,4.0,82.57000000000001
sequence_47810,5.57,sequence_47792,12.0,69.06150000000001
sequence_47810,5.57,sequence_47791,4.0,50.947199999999995
sequence_47810,5.57,sequence_47788,5.0,22.7765
sequence_47810,5.57,sequence_47729,34.0,107.06580000000001
sequence_47810,5.57,sequence_47809,10.0,134.6044
sequence_47810,5.57,sequence_47737,27.0,172.6087
sequence_47810,5.57,sequence_47766,4.19,5.216000000000001
sequence_47810,5.57,sequence_47736,19.0,120.57430000000001
sequence_47766,4.19,sequence_47787,5.0,11.8111
sequence_47766,4.19,sequence_47684,23.0,75.8148
sequence_47766,4.19,sequence_47789,10.0,53.71969999999999
sequence_47766,4.19,sequence_47790,9.0,69.2944
sequence_47766,4.19,sequence_47781,12.0,103.0325
sequence_47766,4.19,sequence_47777,11.0,97.0913
sequence_47766,4.19,sequence_47779,11.0,97.0913
sequence_47766,4.19,sequence_47784,21.0,139.9918
sequence_47766,4.19,sequence_47786,18.0,95.7702
sequence_47766,4.19,sequence_47782,17.0,95.7702
sequence_47766,4.19,sequence_47772,12.0,49.8154
sequence_47766,4.19,sequence_47795,7.0,101.9875
sequence_47766,4.19,sequence_47776,9.0,192.8454
sequence_47766,4.19,sequence_47685,24.0,81.5642
sequence_47766,4.19,sequence_47679,44.0,161.09500000000003
sequence_47766,4.19,sequence_47695,52.0,76.70830000000001
sequence_47766,4.19,sequence_47710,43.0,113.8191
sequence_47766,4.19,sequence_47686,22.0,117.7234
sequence_47766,4.19,sequence_47778,26.0,138.9999
sequence_47766,4.19,sequence_47780,23.0,138.9999
sequence_47766,4.19,sequence_47785,25.0,107.83029999999998
sequence_47766,4.19,sequence_47803,12.0,54.61319999999999
sequence_47766,4.19,sequence_47663,36.0,200.6385
sequence_47766,4.19,sequence_47757,36.0,194.88909999999998
sequence_47766,4.19,sequence_47783,24.5,294.2944
sequence_47766,4.19,sequence_47796,20.0,166.3055
sequence_47766,4.19,sequence_47750,25.0,104.7127
sequence_47766,4.19,sequence_47760,26.0,306.82460000000003
sequence_47766,4.19,sequence_47773,19.0,91.72399999999999
sequence_47766,4.19,sequence_47768,17.0,135.0956
sequence_47766,4.19,sequence_47771,18.0,65.9217
sequence_47766,4.19,sequence_47681,44.0,166.8444
sequence_47766,4.19,sequence_47696,47.0,82.4577
sequence_47766,4.19,sequence_47680,73.0,310.06620000000004
sequence_47766,4.19,sequence_47673,65.5,199.09930000000003
sequence_47766,4.19,sequence_47700,65.0,485.15930000000003
sequence_47766,4.19,sequence_47689,52.0,204.889
sequence_47766,4.19,sequence_47683,75.0,351.97479999999996
sequence_47766,4.19,sequence_47697,55.5,118.6169
sequence_47766,4.19,sequence_47678,37.0,155.7277
sequence_47766,4.19,sequence_47682,53.0,203.0036
sequence_47766,4.19,sequence_47724,48.0,236.5636
sequence_47766,4.19,sequence_47806,73.0,463.0642
sequence_47766,4.19,sequence_47807,42.0,308.34360000000004
sequence_47766,4.19,sequence_47804,23.0,134.144
sequence_47766,4.19,sequence_47800,20.0,145.8346
sequence_47766,4.19,sequence_47799,24.0,139.89339999999999
sequence_47766,4.19,sequence_47664,32.0,206.3879
sequence_47766,4.19,sequence_47666,69.0,381.6728
sequence_47766,4.19,sequence_47671,36.0,275.7536
sequence_47766,4.19,sequence_47727,45.0,332.2987
sequence_47766,4.19,sequence_47756,37.0,349.19169999999997
sequence_47766,4.19,sequence_47775,23.0,475.3287
sequence_47766,4.19,sequence_47730,35.0,204.3098
sequence_47766,4.19,sequence_47758,22.0,221.2028
sequence_47766,4.19,sequence_47797,27.0,288.545
sequence_47766,4.19,sequence_47798,23.0,192.61919999999998
sequence_47766,4.19,sequence_47751,34.0,110.46209999999999
sequence_47766,4.19,sequence_47741,102.0,189.99290000000002
sequence_47766,4.19,sequence_47743,63.0,338.9641
sequence_47766,4.19,sequence_47752,67.0,171.2273
sequence_47766,4.19,sequence_47745,83.0,348.6178
sequence_47766,4.19,sequence_47747,72.0,359.50789999999995
sequence_47766,4.19,sequence_47748,79.0,375.92339999999996
sequence_47766,4.19,sequence_47749,81.0,301.8533
sequence_47766,4.19,sequence_47744,69.0,325.9479
sequence_47766,4.19,sequence_47721,40.0,120.3076
sequence_47766,4.19,sequence_47759,36.0,121.2011
sequence_47766,4.19,sequence_47774,21.0,171.2548
sequence_47766,4.19,sequence_47770,25.0,312.95919999999995
sequence_47766,4.19,sequence_47713,51.0,211.3372
sequence_47766,4.19,sequence_47738,55.0,189.99290000000002
sequence_47766,4.19,sequence_47769,25.0,177.0042
sequence_47766,4.19,sequence_47702,69.0,490.90870000000007
sequence_47766,4.19,sequence_47672,76.0,172.7856
sequence_47766,4.19,sequence_47705,71.0,309.87440000000004
sequence_47766,4.19,sequence_47694,51.0,247.59770000000003
sequence_47766,4.19,sequence_47691,40.0,161.98850000000002
sequence_47766,4.19,sequence_47701,63.0,634.1305000000001
sequence_47766,4.19,sequence_47706,77.0,502.79110000000003
sequence_47766,4.19,sequence_47675,57.0,421.8314
sequence_47766,4.19,sequence_47698,56.0,161.98850000000002
sequence_47766,4.19,sequence_47688,90.0,252.54700000000003
sequence_47766,4.19,sequence_47704,98.0,676.0391
sequence_47766,4.19,sequence_47708,111.0,544.6997
sequence_47766,4.19,sequence_47709,119.0,389.97909999999996
sequence_47766,4.19,sequence_47677,103.0,389.97909999999996
sequence_47766,4.19,sequence_47692,87.5,198.1477
sequence_47766,4.19,sequence_47703,95.0,527.0679
sequence_47766,4.19,sequence_47707,79.0,395.72850000000005
sequence_47766,4.19,sequence_47762,127.0,491.6478
sequence_47766,4.19,sequence_47765,118.0,634.6778
sequence_47766,4.19,sequence_47767,105.0,522.6236
sequence_47766,4.19,sequence_47812,121.0,479.95720000000006
sequence_47766,4.19,sequence_47761,120.0,485.7066
sequence_47766,4.19,sequence_47764,118.0,501.30150000000003
sequence_47766,4.19,sequence_47763,122.0,494.8175
sequence_47766,4.19,sequence_47699,62.0,198.14770000000001
sequence_47766,4.19,sequence_47687,92.0,202.576
sequence_47766,4.19,sequence_47693,64.0,352.8683
sequence_47766,4.19,sequence_47690,63.0,246.7976
sequence_47766,4.19,sequence_47712,49.0,203.9016
sequence_47766,4.19,sequence_47714,51.0,210.3856
sequence_47766,4.19,sequence_47725,57.0,231.7077
sequence_47766,4.19,sequence_47669,32.0,319.0466
sequence_47766,4.19,sequence_47668,48.0,356.1574
sequence_47766,4.19,sequence_47670,97.0,256.0828
sequence_47766,4.19,sequence_47665,50.0,254.04590000000002
sequence_47766,4.19,sequence_47661,52.0,244.3922
sequence_47766,4.19,sequence_47667,86.0,407.9865
sequence_47766,4.19,sequence_47726,120.0,370.303
sequence_47766,4.19,sequence_47734,110.0,379.95669999999996
sequence_47766,4.19,sequence_47811,24.0,311.18739999999997
sequence_47766,4.19,sequence_47662,28.0,354.9411
sequence_47766,4.19,sequence_47731,32.0,310.1338
sequence_47766,4.19,sequence_47733,25.0,210.0592
sequence_47766,4.19,sequence_47732,30.0,326.5493
sequence_47766,4.19,sequence_47755,100.0,178.3023
sequence_47766,4.19,sequence_47746,94.0,354.36719999999997
sequence_47766,4.19,sequence_47754,70.0,210.5367
sequence_47766,4.19,sequence_47753,74.0,199.64659999999998
sequence_47766,4.19,sequence_47740,158.0,261.3634
sequence_47766,4.19,sequence_47742,108.0,231.9015
sequence_47766,4.19,sequence_47715,101.0,205.5878
sequence_47766,4.19,sequence_47718,81.0,199.83839999999998
sequence_47766,4.19,sequence_47717,66.0,354.55899999999997
sequence_47766,4.19,sequence_47720,80.0,391.51829999999995
sequence_47766,4.19,sequence_47716,84.0,204.2667
sequence_47766,4.19,sequence_47719,66.0,375.10279999999995
sequence_47766,4.19,sequence_47723,69.0,268.8185
sequence_47766,4.19,sequence_47722,75.0,199.8384
sequence_47766,4.19,sequence_47674,38.0,204.8487
sequence_47766,4.19,sequence_47676,56.0,241.0079
sequence_47766,4.19,sequence_47711,57.0,246.7618
sequence_47766,4.19,sequence_47739,35.0,231.9015
sequence_47766,4.19,sequence_47735,55.0,290.9834
sequence_47766,4.19,sequence_47793,16.0,97.76559999999999
sequence_47766,4.19,sequence_47801,4.0,12.7046
sequence_47766,4.19,sequence_47805,22.0,98.6591
sequence_47766,4.19,sequence_47802,4.0,18.454
sequence_47766,4.19,sequence_47794,18.0,104.4085
sequence_47766,4.19,sequence_47728,12.0,49.8154
sequence_47766,4.19,sequence_47808,4.0,87.786
sequence_47766,4.19,sequence_47792,12.0,63.8455
sequence_47766,4.19,sequence_47791,4.0,45.7312
sequence_47766,4.19,sequence_47788,5.0,17.560499999999998
sequence_47766,4.19,sequence_47729,34.0,101.8498
sequence_47766,4.19,sequence_47809,10.0,139.8204
sequence_47766,4.19,sequence_47737,27.0,177.8247
sequence_47766,4.19,sequence_47810,5.57,5.216000000000001
sequence_47766,4.19,sequence_47736,19.0,125.7903
sequence_47736,19.0,sequence_47787,5.0,137.6014
sequence_47736,19.0,sequence_47684,23.0,49.975500000000004
sequence_47736,19.0,sequence_47789,10.0,179.51
sequence_47736,19.0,sequence_47790,9.0,195.0847
sequence_47736,19.0,sequence_47781,12.0,228.82280000000003
sequence_47736,19.0,sequence_47777,11.0,222.88160000000002
sequence_47736,19.0,sequence_47779,11.0,222.88160000000002
sequence_47736,19.0,sequence_47784,21.0,265.7821
sequence_47736,19.0,sequence_47786,18.0,221.56050000000002
sequence_47736,19.0,sequence_47782,17.0,221.56050000000002
sequence_47736,19.0,sequence_47772,12.0,175.6057
sequence_47736,19.0,sequence_47795,7.0,227.7778
sequence_47736,19.0,sequence_47776,9.0,318.6357
sequence_47736,19.0,sequence_47685,24.0,55.724900000000005
sequence_47736,19.0,sequence_47679,44.0,135.25570000000002
sequence_47736,19.0,sequence_47695,52.0,50.869
sequence_47736,19.0,sequence_47710,43.0,87.9798
sequence_47736,19.0,sequence_47686,22.0,91.88409999999999
sequence_47736,19.0,sequence_47778,26.0,264.7902
sequence_47736,19.0,sequence_47780,23.0,264.7902
sequence_47736,19.0,sequence_47785,25.0,233.6206
sequence_47736,19.0,sequence_47803,12.0,180.4035
sequence_47736,19.0,sequence_47663,36.0,250.42020000000002
sequence_47736,19.0,sequence_47757,36.0,244.6708
sequence_47736,19.0,sequence_47783,24.5,420.0847
sequence_47736,19.0,sequence_47796,20.0,292.0958
sequence_47736,19.0,sequence_47750,25.0,154.4944
sequence_47736,19.0,sequence_47760,26.0,181.0343
sequence_47736,19.0,sequence_47773,19.0,217.5143
sequence_47736,19.0,sequence_47768,17.0,260.8859
sequence_47736,19.0,sequence_47771,18.0,191.71200000000002
sequence_47736,19.0,sequence_47681,44.0,141.0051
sequence_47736,19.0,sequence_47696,47.0,56.6184
sequence_47736,19.0,sequence_47680,73.0,284.2269
sequence_47736,19.0,sequence_47673,65.5,173.26000000000002
sequence_47736,19.0,sequence_47700,65.0,459.32000000000005
sequence_47736,19.0,sequence_47689,52.0,179.0497
sequence_47736,19.0,sequence_47683,75.0,326.1355
sequence_47736,19.0,sequence_47697,55.5,92.77759999999999
sequence_47736,19.0,sequence_47678,37.0,129.8884
sequence_47736,19.0,sequence_47682,53.0,177.1643
sequence_47736,19.0,sequence_47724,48.0,143.60430000000002
sequence_47736,19.0,sequence_47806,73.0,588.8545
sequence_47736,19.0,sequence_47807,42.0,434.13390000000004
sequence_47736,19.0,sequence_47804,23.0,259.9343
sequence_47736,19.0,sequence_47800,20.0,271.6249
sequence_47736,19.0,sequence_47799,24.0,265.68370000000004
sequence_47736,19.0,sequence_47664,32.0,256.1696
sequence_47736,19.0,sequence_47666,69.0,431.4545
sequence_47736,19.0,sequence_47671,36.0,325.5353
sequence_47736,19.0,sequence_47727,45.0,382.0804
sequence_47736,19.0,sequence_47756,37.0,398.97339999999997
sequence_47736,19.0,sequence_47775,23.0,601.1189999999999
sequence_47736,19.0,sequence_47730,35.0,254.0915
sequence_47736,19.0,sequence_47758,22.0,270.9845
sequence_47736,19.0,sequence_47797,27.0,414.3353
sequence_47736,19.0,sequence_47798,23.0,318.4095
sequence_47736,19.0,sequence_47751,34.0,160.24380000000002
sequence_47736,19.0,sequence_47741,102.0,239.77460000000002
sequence_47736,19.0,sequence_47743,63.0,388.74580000000003
sequence_47736,19.0,sequence_47752,67.0,221.00900000000001
sequence_47736,19.0,sequence_47745,83.0,398.3995
sequence_47736,19.0,sequence_47747,72.0,409.28959999999995
sequence_47736,19.0,sequence_47748,79.0,425.7051
sequence_47736,19.0,sequence_47749,81.0,351.635
sequence_47736,19.0,sequence_47744,69.0,375.7296
sequence_47736,19.0,sequence_47721,40.0,170.08929999999998
sequence_47736,19.0,sequence_47759,36.0,170.9828
sequence_47736,19.0,sequence_47774,21.0,297.04510000000005
sequence_47736,19.0,sequence_47770,25.0,438.74949999999995
sequence_47736,19.0,sequence_47713,51.0,261.11890000000005
sequence_47736,19.0,sequence_47738,55.0,239.77460000000002
sequence_47736,19.0,sequence_47769,25.0,302.7945
sequence_47736,19.0,sequence_47702,69.0,465.06940000000003
sequence_47736,19.0,sequence_47672,76.0,146.9463
sequence_47736,19.0,sequence_47705,71.0,284.0351
sequence_47736,19.0,sequence_47694,51.0,221.75840000000002
sequence_47736,19.0,sequence_47691,40.0,136.1492
sequence_47736,19.0,sequence_47701,63.0,608.2912
sequence_47736,19.0,sequence_47706,77.0,476.95180000000005
sequence_47736,19.0,sequence_47675,57.0,395.9921
sequence_47736,19.0,sequence_47698,56.0,136.1492
sequence_47736,19.0,sequence_47688,90.0,226.70770000000002
sequence_47736,19.0,sequence_47704,98.0,650.1998
sequence_47736,19.0,sequence_47708,111.0,518.8604
sequence_47736,19.0,sequence_47709,119.0,364.1398
sequence_47736,19.0,sequence_47677,103.0,364.1398
sequence_47736,19.0,sequence_47692,87.5,172.3084
sequence_47736,19.0,sequence_47703,95.0,501.22860000000003
sequence_47736,19.0,sequence_47707,79.0,369.8892
sequence_47736,19.0,sequence_47762,127.0,617.4381
sequence_47736,19.0,sequence_47765,118.0,760.4680999999999
sequence_47736,19.0,sequence_47767,105.0,505.6729
sequence_47736,19.0,sequence_47812,121.0,605.7475
sequence_47736,19.0,sequence_47761,120.0,611.4969
sequence_47736,19.0,sequence_47764,118.0,627.0918
sequence_47736,19.0,sequence_47763,122.0,533.4789999999999
sequence_47736,19.0,sequence_47699,62.0,172.3084
sequence_47736,19.0,sequence_47687,92.0,176.73669999999998
sequence_47736,19.0,sequence_47693,64.0,327.029
sequence_47736,19.0,sequence_47690,63.0,220.95829999999998
sequence_47736,19.0,sequence_47712,49.0,166.55450000000002
sequence_47736,19.0,sequence_47714,51.0,260.1673
sequence_47736,19.0,sequence_47725,57.0,138.7484
sequence_47736,19.0,sequence_47669,32.0,368.8283
sequence_47736,19.0,sequence_47668,48.0,405.93910000000005
sequence_47736,19.0,sequence_47670,97.0,305.8645
sequence_47736,19.0,sequence_47665,50.0,303.8276
sequence_47736,19.0,sequence_47661,52.0,294.1739
sequence_47736,19.0,sequence_47667,86.0,457.7682
sequence_47736,19.0,sequence_47726,120.0,420.0847
sequence_47736,19.0,sequence_47734,110.0,429.7384
sequence_47736,19.0,sequence_47811,24.0,436.9777
sequence_47736,19.0,sequence_47662,28.0,404.7228
sequence_47736,19.0,sequence_47731,32.0,359.9155
sequence_47736,19.0,sequence_47733,25.0,259.84090000000003
sequence_47736,19.0,sequence_47732,30.0,376.331
sequence_47736,19.0,sequence_47755,100.0,228.084
sequence_47736,19.0,sequence_47746,94.0,404.1489
sequence_47736,19.0,sequence_47754,70.0,260.3184
sequence_47736,19.0,sequence_47753,74.0,249.4283
sequence_47736,19.0,sequence_47740,158.0,311.1451
sequence_47736,19.0,sequence_47742,108.0,281.6832
sequence_47736,19.0,sequence_47715,101.0,255.3695
sequence_47736,19.0,sequence_47718,81.0,249.62009999999998
sequence_47736,19.0,sequence_47717,66.0,404.34069999999997
sequence_47736,19.0,sequence_47720,80.0,441.29999999999995
sequence_47736,19.0,sequence_47716,84.0,254.0484
sequence_47736,19.0,sequence_47719,66.0,424.88449999999995
sequence_47736,19.0,sequence_47723,69.0,175.85920000000002
sequence_47736,19.0,sequence_47722,75.0,249.6201
sequence_47736,19.0,sequence_47674,38.0,179.00940000000003
sequence_47736,19.0,sequence_47676,56.0,215.16860000000003
sequence_47736,19.0,sequence_47711,57.0,209.4147
sequence_47736,19.0,sequence_47739,35.0,281.6832
sequence_47736,19.0,sequence_47735,55.0,165.19310000000002
sequence_47736,19.0,sequence_47793,16.0,223.5559
sequence_47736,19.0,sequence_47801,4.0,138.49490000000003
sequence_47736,19.0,sequence_47805,22.0,224.44940000000003
sequence_47736,19.0,sequence_47802,4.0,144.24430000000004
sequence_47736,19.0,sequence_47794,18.0,230.1988
sequence_47736,19.0,sequence_47728,12.0,99.59710000000001
sequence_47736,19.0,sequence_47808,4.0,38.0043
sequence_47736,19.0,sequence_47792,12.0,189.63580000000002
sequence_47736,19.0,sequence_47791,4.0,171.5215
sequence_47736,19.0,sequence_47788,5.0,143.35080000000002
sequence_47736,19.0,sequence_47729,34.0,151.63150000000002
sequence_47736,19.0,sequence_47809,10.0,90.0387
sequence_47736,19.0,sequence_47737,27.0,52.034400000000005
sequence_47736,19.0,sequence_47810,5.57,120.57430000000001
sequence_47736,19.0,sequence_47766,4.19,125.7903
